Starting read from Train file...
(9100, 257)
train.shape = (9100, 256)
train_labels.shape = (9100, 1)
(5460, 256) (3640, 256)

******************************************************
Decision Tree:

0.603021978022
[[189  14   9   0  61  29   4   1  15]
 [ 14 247  26   2  10   0  29  24  46]
 [  6  33 129   7   4   0  26  12  84]
 [  0   3   2 543   1   0  28  27   7]
 [ 89  14   5   2 264  28   2   4   9]
 [ 43   1   0   0  34 236   0   0   0]
 [  4  19  32  33   7   0 113  73  55]
 [  8  32   5  44   7   0  76 261  40]
 [ 14  59  79   5  12   0  50  36 213]]

******************************************************
Gaussian Naive Bayes:

0.353571428571
[[  8  33   1   0 129 190   0   4   2]
 [  3 281   0   1  31  99   1   2   4]
 [  0  64  31   8  85  12   4  67  16]
 [  0  24   3 221  58   3  43 281   3]
 [  2  33   4   0 194 159   0   8   0]
 [  0   0   1   0   7 285   0   0   0]
 [  4  60   6   5 108  13  21 105   6]
 [  0  49   2   7 105  31   4 237   3]
 [  5 144  14   6 160  17  15  99   9]]

******************************************************
KNN:
---------------------
KNN ==  5 :

0.640659340659
[[129  20   9   0 125  77   2   1   4]
 [ 11 346  12   0  12   0   9   8  24]
 [ 10  42 141   0   2   0   7   6  79]
 [  0   3   2 548   0   0  29  52   2]
 [ 38  20   6   0 293  39   0   0   4]
 [ 22   0   0   0  16 255   0   0   0]
 [  2  40  38  15   3   0 125  62  43]
 [  2  42  16  29   2   0  55 276  16]
 [ 13  65  92   3  14   1  37  25 219]]
---------------------
KNN ==  9 :

0.647802197802
[[125  22   8   0 127  82   1   1   1]
 [  7 358  10   0  15   0   5   7  20]
 [  6  43 136   0   6   0   3   4  89]
 [  0   4   1 551   0   0  30  49   1]
 [ 35  21   6   0 292  41   1   0   4]
 [ 15   0   0   0  14 264   0   0   0]
 [  1  40  38  13   5   0 118  67  46]
 [  1  48  14  27   3   0  52 271  22]
 [ 10  64  77   3  20   1  28  23 243]]
---------------------
KNN ==  11 :

0.640659340659
[[110  28   7   0 138  82   0   1   1]
 [  5 354  11   0  18   0   5   7  22]
 [  5  37 135   0   7   0   4   5  94]
 [  0   6   1 550   0   0  30  48   1]
 [ 37  21   6   0 290  43   0   0   3]
 [ 13   0   0   0  17 263   0   0   0]
 [  1  44  36  11   6   0 111  71  48]
 [  1  47  14  25   3   0  51 273  24]
 [ 11  63  78   3  20   1  24  23 246]]
---------------------
KNN ==  13 :

0.637087912088
[[109  29   7   0 132  88   0   1   1]
 [  6 348  14   0  17   0   2  11  24]
 [  5  41 133   0   7   0   4   6  91]
 [  0   4   1 550   0   0  28  52   1]
 [ 34  21   8   0 290  43   0   0   4]
 [ 15   0   0   0  20 258   0   0   0]
 [  1  43  33  10   6   0 113  69  53]
 [  0  48  13  28   3   0  53 272  21]
 [ 13  67  69   3  20   1  25  25 246]]

******************************************************
SVM:

0.174725274725

******************************************************
Perceptron:

0.342307692308
[[ 23   0  22  41 204  41  34   2   0]
 [  0   0  56   4 298  11  44   9   0]
 [  0   0  88  81  61   0  28  29   0]
 [  0   0   8 582   2   0  34  10   0]
 [  9   0  75  39 204  15  51   7   0]
 [  3   0   3  35 134 118   0   0   0]
 [  0   0  29 109  55   1 100  34   0]
 [  1   0  31 151  55   1  68 131   0]
 [  1   0  97  92 147   5  63  64   0]]

******************************************************
LDA:

0.45989010989
[[168  29   4  20  52  73   3   8  10]
 [ 12 264   5   0  80  12   5   3  41]
 [  3  29  71  12  37   8   8  41  78]
 [  9   1  12 445  14   0  38  87  30]
 [ 49 106  12  32  97  44  18   8  34]
 [ 63  20   0   7  15 188   0   0   0]
 [  6  39  14  16  36   1  55  75  86]
 [  7  45   8  33  15   2  43 219  66]
 [ 15  61  52  11  48   6  37  72 167]]

******************************************************
Logistic Regression - ovr:

0.49010989011
[[180  29  12  16  52  51   5   8  14]
 [ 15 259   5   1  72  16   9  16  29]
 [ 15  17  84  35  32   4  13  14  73]
 [  7   5  12 495  13   0  22  53  29]
 [ 41  96  16  33 102  52   8  13  39]
 [ 47  25   1   7  14 196   0   3   0]
 [  4  32  15  39  35   2  52  78  71]
 [ 11  39  12  24  14   4  36 261  37]
 [ 17  58  53  23  55   1  34  73 155]]

******************************************************
Logistic Regression - mul:

0.503296703297
[[179  24  11  22  50  57   4   7  13]
 [ 13 254   4   2  80  17   6  13  33]
 [ 10  14  87  35  39   4   9  17  72]
 [  8   3  11 494  14   0  33  50  23]
 [ 35  95  14  35 107  50   9  10  45]
 [ 36  22   2   3  16 211   0   3   0]
 [  4  30  18  39  37   1  69  63  67]
 [ 14  38  15  16  13   2  41 262  37]
 [ 19  51  47  19  57   1  38  68 169]]
######################################################
(5460, 256) (3640, 256)

******************************************************
Decision Tree:

0.60467032967
[[181  17   8   0  59  35   5   1  15]
 [ 15 251  22   1  10   0  30  28  39]
 [  8  30 129   7   4   0  22  10  89]
 [  0   5   3 549   0   0  25  33   7]
 [100  18   5   1 267  25   6   4   9]
 [ 40   1   0   0  35 233   0   0   4]
 [  5  21  33  29   2   0 115  61  58]
 [  5  28   7  42   6   0  74 268  40]
 [ 13  51  80   7  17   0  51  33 208]]

******************************************************
Gaussian Naive Bayes:

0.353571428571
[[  8  33   1   0 129 190   0   4   2]
 [  3 281   0   1  31  99   1   2   4]
 [  0  64  31   8  85  12   4  67  16]
 [  0  24   3 221  58   3  43 281   3]
 [  2  33   4   0 194 159   0   8   0]
 [  0   0   1   0   7 285   0   0   0]
 [  4  60   6   5 108  13  21 105   6]
 [  0  49   2   7 105  31   4 237   3]
 [  5 144  14   6 160  17  15  99   9]]

******************************************************
KNN:
---------------------
KNN ==  5 :

0.640659340659
[[129  20   9   0 125  77   2   1   4]
 [ 11 346  12   0  12   0   9   8  24]
 [ 10  42 141   0   2   0   7   6  79]
 [  0   3   2 548   0   0  29  52   2]
 [ 38  20   6   0 293  39   0   0   4]
 [ 22   0   0   0  16 255   0   0   0]
 [  2  40  38  15   3   0 125  62  43]
 [  2  42  16  29   2   0  55 276  16]
 [ 13  65  92   3  14   1  37  25 219]]
---------------------
KNN ==  9 :

0.647802197802
[[125  22   8   0 127  82   1   1   1]
 [  7 358  10   0  15   0   5   7  20]
 [  6  43 136   0   6   0   3   4  89]
 [  0   4   1 551   0   0  30  49   1]
 [ 35  21   6   0 292  41   1   0   4]
 [ 15   0   0   0  14 264   0   0   0]
 [  1  40  38  13   5   0 118  67  46]
 [  1  48  14  27   3   0  52 271  22]
 [ 10  64  77   3  20   1  28  23 243]]
---------------------
KNN ==  11 :

0.640659340659
[[110  28   7   0 138  82   0   1   1]
 [  5 354  11   0  18   0   5   7  22]
 [  5  37 135   0   7   0   4   5  94]
 [  0   6   1 550   0   0  30  48   1]
 [ 37  21   6   0 290  43   0   0   3]
 [ 13   0   0   0  17 263   0   0   0]
 [  1  44  36  11   6   0 111  71  48]
 [  1  47  14  25   3   0  51 273  24]
 [ 11  63  78   3  20   1  24  23 246]]
---------------------
KNN ==  13 :

0.637087912088
[[109  29   7   0 132  88   0   1   1]
 [  6 348  14   0  17   0   2  11  24]
 [  5  41 133   0   7   0   4   6  91]
 [  0   4   1 550   0   0  28  52   1]
 [ 34  21   8   0 290  43   0   0   4]
 [ 15   0   0   0  20 258   0   0   0]
 [  1  43  33  10   6   0 113  69  53]
 [  0  48  13  28   3   0  53 272  21]
 [ 13  67  69   3  20   1  25  25 246]]

******************************************************
SVM:

0.174725274725

******************************************************
Perceptron:

0.342307692308
[[ 23   0  22  41 204  41  34   2   0]
 [  0   0  56   4 298  11  44   9   0]
 [  0   0  88  81  61   0  28  29   0]
 [  0   0   8 582   2   0  34  10   0]
 [  9   0  75  39 204  15  51   7   0]
 [  3   0   3  35 134 118   0   0   0]
 [  0   0  29 109  55   1 100  34   0]
 [  1   0  31 151  55   1  68 131   0]
 [  1   0  97  92 147   5  63  64   0]]

******************************************************
LDA:

0.45989010989
[[168  29   4  20  52  73   3   8  10]
 [ 12 264   5   0  80  12   5   3  41]
 [  3  29  71  12  37   8   8  41  78]
 [  9   1  12 445  14   0  38  87  30]
 [ 49 106  12  32  97  44  18   8  34]
 [ 63  20   0   7  15 188   0   0   0]
 [  6  39  14  16  36   1  55  75  86]
 [  7  45   8  33  15   2  43 219  66]
 [ 15  61  52  11  48   6  37  72 167]]

******************************************************
Logistic Regression - ovr:

0.49010989011
[[180  29  12  16  52  51   5   8  14]
 [ 15 259   5   1  72  16   9  16  29]
 [ 15  17  84  35  32   4  13  14  73]
 [  7   5  12 495  13   0  22  53  29]
 [ 41  96  16  33 102  52   8  13  39]
 [ 47  25   1   7  14 196   0   3   0]
 [  4  32  15  39  35   2  52  78  71]
 [ 11  39  12  24  14   4  36 261  37]
 [ 17  58  53  23  55   1  34  73 155]]

******************************************************
Logistic Regression - mul:

0.503296703297
[[179  24  11  22  50  57   4   7  13]
 [ 13 254   4   2  80  17   6  13  33]
 [ 10  14  87  35  39   4   9  17  72]
 [  8   3  11 494  14   0  33  50  23]
 [ 35  95  14  35 107  50   9  10  45]
 [ 36  22   2   3  16 211   0   3   0]
 [  4  30  18  39  37   1  69  63  67]
 [ 14  38  15  16  13   2  41 262  37]
 [ 19  51  47  19  57   1  38  68 169]]
######################################################
(5460, 256) (3640, 256)

******************************************************
Decision Tree:

0.603571428571
[[186  15   4   0  55  35   3   1  13]
 [ 15 259  22   1  11   0  25  23  50]
 [  6  36 130   5   4   0  31  14  94]
 [  0   4   1 550   1   0  30  36   8]
 [ 96  13   3   1 271  22   7   4   8]
 [ 41   1   1   0  36 236   0   0   1]
 [  3  12  32  35   4   0 113  72  63]
 [  8  30  11  40   4   0  70 260  40]
 [ 12  52  83   4  14   0  49  28 192]]

******************************************************
Gaussian Naive Bayes:

0.353571428571
[[  8  33   1   0 129 190   0   4   2]
 [  3 281   0   1  31  99   1   2   4]
 [  0  64  31   8  85  12   4  67  16]
 [  0  24   3 221  58   3  43 281   3]
 [  2  33   4   0 194 159   0   8   0]
 [  0   0   1   0   7 285   0   0   0]
 [  4  60   6   5 108  13  21 105   6]
 [  0  49   2   7 105  31   4 237   3]
 [  5 144  14   6 160  17  15  99   9]]

******************************************************
KNN:
---------------------
KNN ==  5 :

0.640659340659
[[129  20   9   0 125  77   2   1   4]
 [ 11 346  12   0  12   0   9   8  24]
 [ 10  42 141   0   2   0   7   6  79]
 [  0   3   2 548   0   0  29  52   2]
 [ 38  20   6   0 293  39   0   0   4]
 [ 22   0   0   0  16 255   0   0   0]
 [  2  40  38  15   3   0 125  62  43]
 [  2  42  16  29   2   0  55 276  16]
 [ 13  65  92   3  14   1  37  25 219]]
---------------------
KNN ==  9 :

0.647802197802
[[125  22   8   0 127  82   1   1   1]
 [  7 358  10   0  15   0   5   7  20]
 [  6  43 136   0   6   0   3   4  89]
 [  0   4   1 551   0   0  30  49   1]
 [ 35  21   6   0 292  41   1   0   4]
 [ 15   0   0   0  14 264   0   0   0]
 [  1  40  38  13   5   0 118  67  46]
 [  1  48  14  27   3   0  52 271  22]
 [ 10  64  77   3  20   1  28  23 243]]
---------------------
KNN ==  11 :

0.640659340659
[[110  28   7   0 138  82   0   1   1]
 [  5 354  11   0  18   0   5   7  22]
 [  5  37 135   0   7   0   4   5  94]
 [  0   6   1 550   0   0  30  48   1]
 [ 37  21   6   0 290  43   0   0   3]
 [ 13   0   0   0  17 263   0   0   0]
 [  1  44  36  11   6   0 111  71  48]
 [  1  47  14  25   3   0  51 273  24]
 [ 11  63  78   3  20   1  24  23 246]]
---------------------
KNN ==  13 :

0.637087912088
[[109  29   7   0 132  88   0   1   1]
 [  6 348  14   0  17   0   2  11  24]
 [  5  41 133   0   7   0   4   6  91]
 [  0   4   1 550   0   0  28  52   1]
 [ 34  21   8   0 290  43   0   0   4]
 [ 15   0   0   0  20 258   0   0   0]
 [  1  43  33  10   6   0 113  69  53]
 [  0  48  13  28   3   0  53 272  21]
 [ 13  67  69   3  20   1  25  25 246]]

******************************************************
SVM:

0.174725274725

******************************************************
Perceptron:

0.342307692308
[[ 23   0  22  41 204  41  34   2   0]
 [  0   0  56   4 298  11  44   9   0]
 [  0   0  88  81  61   0  28  29   0]
 [  0   0   8 582   2   0  34  10   0]
 [  9   0  75  39 204  15  51   7   0]
 [  3   0   3  35 134 118   0   0   0]
 [  0   0  29 109  55   1 100  34   0]
 [  1   0  31 151  55   1  68 131   0]
 [  1   0  97  92 147   5  63  64   0]]

******************************************************
LDA:

0.45989010989
[[168  29   4  20  52  73   3   8  10]
 [ 12 264   5   0  80  12   5   3  41]
 [  3  29  71  12  37   8   8  41  78]
 [  9   1  12 445  14   0  38  87  30]
 [ 49 106  12  32  97  44  18   8  34]
 [ 63  20   0   7  15 188   0   0   0]
 [  6  39  14  16  36   1  55  75  86]
 [  7  45   8  33  15   2  43 219  66]
 [ 15  61  52  11  48   6  37  72 167]]

******************************************************
Logistic Regression - ovr:

0.49010989011
[[180  29  12  16  52  51   5   8  14]
 [ 15 259   5   1  72  16   9  16  29]
 [ 15  17  84  35  32   4  13  14  73]
 [  7   5  12 495  13   0  22  53  29]
 [ 41  96  16  33 102  52   8  13  39]
 [ 47  25   1   7  14 196   0   3   0]
 [  4  32  15  39  35   2  52  78  71]
 [ 11  39  12  24  14   4  36 261  37]
 [ 17  58  53  23  55   1  34  73 155]]

******************************************************
Logistic Regression - mul:

0.503296703297
[[179  24  11  22  50  57   4   7  13]
 [ 13 254   4   2  80  17   6  13  33]
 [ 10  14  87  35  39   4   9  17  72]
 [  8   3  11 494  14   0  33  50  23]
 [ 35  95  14  35 107  50   9  10  45]
 [ 36  22   2   3  16 211   0   3   0]
 [  4  30  18  39  37   1  69  63  67]
 [ 14  38  15  16  13   2  41 262  37]
 [ 19  51  47  19  57   1  38  68 169]]
######################################################
(5460, 256) (3640, 256)

******************************************************
Decision Tree:

0.600274725275
[[184  12   7   0  55  30   4   1  16]
 [ 14 247  22   1  10   0  36  28  46]
 [  5  35 128   5   4   0  26  13  89]
 [  0   6   5 557   0   0  32  32   5]
 [ 98  20   5   2 267  21   4   4  10]
 [ 42   1   0   0  42 242   0   0   2]
 [  4  19  25  25   6   0 101  64  58]
 [  5  26   4  38   6   0  74 260  44]
 [ 15  56  91   8  10   0  51  36 199]]

******************************************************
Gaussian Naive Bayes:

0.353571428571
[[  8  33   1   0 129 190   0   4   2]
 [  3 281   0   1  31  99   1   2   4]
 [  0  64  31   8  85  12   4  67  16]
 [  0  24   3 221  58   3  43 281   3]
 [  2  33   4   0 194 159   0   8   0]
 [  0   0   1   0   7 285   0   0   0]
 [  4  60   6   5 108  13  21 105   6]
 [  0  49   2   7 105  31   4 237   3]
 [  5 144  14   6 160  17  15  99   9]]

******************************************************
KNN:
---------------------
KNN ==  5 :

0.640659340659
[[129  20   9   0 125  77   2   1   4]
 [ 11 346  12   0  12   0   9   8  24]
 [ 10  42 141   0   2   0   7   6  79]
 [  0   3   2 548   0   0  29  52   2]
 [ 38  20   6   0 293  39   0   0   4]
 [ 22   0   0   0  16 255   0   0   0]
 [  2  40  38  15   3   0 125  62  43]
 [  2  42  16  29   2   0  55 276  16]
 [ 13  65  92   3  14   1  37  25 219]]
---------------------
KNN ==  9 :

0.647802197802
[[125  22   8   0 127  82   1   1   1]
 [  7 358  10   0  15   0   5   7  20]
 [  6  43 136   0   6   0   3   4  89]
 [  0   4   1 551   0   0  30  49   1]
 [ 35  21   6   0 292  41   1   0   4]
 [ 15   0   0   0  14 264   0   0   0]
 [  1  40  38  13   5   0 118  67  46]
 [  1  48  14  27   3   0  52 271  22]
 [ 10  64  77   3  20   1  28  23 243]]
---------------------
KNN ==  11 :

0.640659340659
[[110  28   7   0 138  82   0   1   1]
 [  5 354  11   0  18   0   5   7  22]
 [  5  37 135   0   7   0   4   5  94]
 [  0   6   1 550   0   0  30  48   1]
 [ 37  21   6   0 290  43   0   0   3]
 [ 13   0   0   0  17 263   0   0   0]
 [  1  44  36  11   6   0 111  71  48]
 [  1  47  14  25   3   0  51 273  24]
 [ 11  63  78   3  20   1  24  23 246]]
---------------------
KNN ==  13 :

0.637087912088
[[109  29   7   0 132  88   0   1   1]
 [  6 348  14   0  17   0   2  11  24]
 [  5  41 133   0   7   0   4   6  91]
 [  0   4   1 550   0   0  28  52   1]
 [ 34  21   8   0 290  43   0   0   4]
 [ 15   0   0   0  20 258   0   0   0]
 [  1  43  33  10   6   0 113  69  53]
 [  0  48  13  28   3   0  53 272  21]
 [ 13  67  69   3  20   1  25  25 246]]

******************************************************
SVM:

0.174725274725

******************************************************
Perceptron:

0.342307692308
[[ 23   0  22  41 204  41  34   2   0]
 [  0   0  56   4 298  11  44   9   0]
 [  0   0  88  81  61   0  28  29   0]
 [  0   0   8 582   2   0  34  10   0]
 [  9   0  75  39 204  15  51   7   0]
 [  3   0   3  35 134 118   0   0   0]
 [  0   0  29 109  55   1 100  34   0]
 [  1   0  31 151  55   1  68 131   0]
 [  1   0  97  92 147   5  63  64   0]]

******************************************************
LDA:

0.45989010989
[[168  29   4  20  52  73   3   8  10]
 [ 12 264   5   0  80  12   5   3  41]
 [  3  29  71  12  37   8   8  41  78]
 [  9   1  12 445  14   0  38  87  30]
 [ 49 106  12  32  97  44  18   8  34]
 [ 63  20   0   7  15 188   0   0   0]
 [  6  39  14  16  36   1  55  75  86]
 [  7  45   8  33  15   2  43 219  66]
 [ 15  61  52  11  48   6  37  72 167]]

******************************************************
Logistic Regression - ovr:

0.49010989011
[[180  29  12  16  52  51   5   8  14]
 [ 15 259   5   1  72  16   9  16  29]
 [ 15  17  84  35  32   4  13  14  73]
 [  7   5  12 495  13   0  22  53  29]
 [ 41  96  16  33 102  52   8  13  39]
 [ 47  25   1   7  14 196   0   3   0]
 [  4  32  15  39  35   2  52  78  71]
 [ 11  39  12  24  14   4  36 261  37]
 [ 17  58  53  23  55   1  34  73 155]]

******************************************************
Logistic Regression - mul:

0.503296703297
[[179  24  11  22  50  57   4   7  13]
 [ 13 254   4   2  80  17   6  13  33]
 [ 10  14  87  35  39   4   9  17  72]
 [  8   3  11 494  14   0  33  50  23]
 [ 35  95  14  35 107  50   9  10  45]
 [ 36  22   2   3  16 211   0   3   0]
 [  4  30  18  39  37   1  69  63  67]
 [ 14  38  15  16  13   2  41 262  37]
 [ 19  51  47  19  57   1  38  68 169]]
######################################################
(5460, 256) (3640, 256)

******************************************************
Decision Tree:

0.601373626374
[[183  18   6   0  50  32   5   2  13]
 [ 18 258  23   1  14   0  29  26  50]
 [  8  32 119   5   4   0  28  11  74]
 [  1   3   2 544   1   0  30  28   7]
 [ 90  14   5   2 269  31   5   4  12]
 [ 44   1   0   0  40 230   0   0   2]
 [  4  25  35  30   3   0 112  72  62]
 [  5  26   6  45   5   0  69 266  41]
 [ 14  45  91   9  14   0  50  29 208]]

******************************************************
Gaussian Naive Bayes:

0.353571428571
[[  8  33   1   0 129 190   0   4   2]
 [  3 281   0   1  31  99   1   2   4]
 [  0  64  31   8  85  12   4  67  16]
 [  0  24   3 221  58   3  43 281   3]
 [  2  33   4   0 194 159   0   8   0]
 [  0   0   1   0   7 285   0   0   0]
 [  4  60   6   5 108  13  21 105   6]
 [  0  49   2   7 105  31   4 237   3]
 [  5 144  14   6 160  17  15  99   9]]

******************************************************
KNN:
---------------------
KNN ==  5 :

0.640659340659
[[129  20   9   0 125  77   2   1   4]
 [ 11 346  12   0  12   0   9   8  24]
 [ 10  42 141   0   2   0   7   6  79]
 [  0   3   2 548   0   0  29  52   2]
 [ 38  20   6   0 293  39   0   0   4]
 [ 22   0   0   0  16 255   0   0   0]
 [  2  40  38  15   3   0 125  62  43]
 [  2  42  16  29   2   0  55 276  16]
 [ 13  65  92   3  14   1  37  25 219]]
---------------------
KNN ==  9 :

0.647802197802
[[125  22   8   0 127  82   1   1   1]
 [  7 358  10   0  15   0   5   7  20]
 [  6  43 136   0   6   0   3   4  89]
 [  0   4   1 551   0   0  30  49   1]
 [ 35  21   6   0 292  41   1   0   4]
 [ 15   0   0   0  14 264   0   0   0]
 [  1  40  38  13   5   0 118  67  46]
 [  1  48  14  27   3   0  52 271  22]
 [ 10  64  77   3  20   1  28  23 243]]
---------------------
KNN ==  11 :

0.640659340659
[[110  28   7   0 138  82   0   1   1]
 [  5 354  11   0  18   0   5   7  22]
 [  5  37 135   0   7   0   4   5  94]
 [  0   6   1 550   0   0  30  48   1]
 [ 37  21   6   0 290  43   0   0   3]
 [ 13   0   0   0  17 263   0   0   0]
 [  1  44  36  11   6   0 111  71  48]
 [  1  47  14  25   3   0  51 273  24]
 [ 11  63  78   3  20   1  24  23 246]]
---------------------
KNN ==  13 :

0.637087912088
[[109  29   7   0 132  88   0   1   1]
 [  6 348  14   0  17   0   2  11  24]
 [  5  41 133   0   7   0   4   6  91]
 [  0   4   1 550   0   0  28  52   1]
 [ 34  21   8   0 290  43   0   0   4]
 [ 15   0   0   0  20 258   0   0   0]
 [  1  43  33  10   6   0 113  69  53]
 [  0  48  13  28   3   0  53 272  21]
 [ 13  67  69   3  20   1  25  25 246]]

******************************************************
SVM:

0.174725274725

******************************************************
Perceptron:

0.342307692308
[[ 23   0  22  41 204  41  34   2   0]
 [  0   0  56   4 298  11  44   9   0]
 [  0   0  88  81  61   0  28  29   0]
 [  0   0   8 582   2   0  34  10   0]
 [  9   0  75  39 204  15  51   7   0]
 [  3   0   3  35 134 118   0   0   0]
 [  0   0  29 109  55   1 100  34   0]
 [  1   0  31 151  55   1  68 131   0]
 [  1   0  97  92 147   5  63  64   0]]

******************************************************
LDA:

0.45989010989
[[168  29   4  20  52  73   3   8  10]
 [ 12 264   5   0  80  12   5   3  41]
 [  3  29  71  12  37   8   8  41  78]
 [  9   1  12 445  14   0  38  87  30]
 [ 49 106  12  32  97  44  18   8  34]
 [ 63  20   0   7  15 188   0   0   0]
 [  6  39  14  16  36   1  55  75  86]
 [  7  45   8  33  15   2  43 219  66]
 [ 15  61  52  11  48   6  37  72 167]]

******************************************************
Logistic Regression - ovr:

0.49010989011
[[180  29  12  16  52  51   5   8  14]
 [ 15 259   5   1  72  16   9  16  29]
 [ 15  17  84  35  32   4  13  14  73]
 [  7   5  12 495  13   0  22  53  29]
 [ 41  96  16  33 102  52   8  13  39]
 [ 47  25   1   7  14 196   0   3   0]
 [  4  32  15  39  35   2  52  78  71]
 [ 11  39  12  24  14   4  36 261  37]
 [ 17  58  53  23  55   1  34  73 155]]

******************************************************
Logistic Regression - mul:

0.503296703297
[[179  24  11  22  50  57   4   7  13]
 [ 13 254   4   2  80  17   6  13  33]
 [ 10  14  87  35  39   4   9  17  72]
 [  8   3  11 494  14   0  33  50  23]
 [ 35  95  14  35 107  50   9  10  45]
 [ 36  22   2   3  16 211   0   3   0]
 [  4  30  18  39  37   1  69  63  67]
 [ 14  38  15  16  13   2  41 262  37]
 [ 19  51  47  19  57   1  38  68 169]]
######################################################
(5460, 256) (3640, 256)

******************************************************
Decision Tree:

0.604395604396
[[184  16   5   0  57  30   7   2  14]
 [ 15 247  22   2  12   0  23  28  44]
 [  8  32 136   5   3   0  22   9  88]
 [  1   1   1 554   1   0  26  27   5]
 [ 95  14   6   0 257  30   6   3  12]
 [ 44   2   0   0  39 233   0   0   2]
 [  3  25  31  28   8   0 124  69  64]
 [  8  35   7  39   6   0  73 268  43]
 [  9  50  79   8  17   0  47  32 197]]

******************************************************
Gaussian Naive Bayes:

0.353571428571
[[  8  33   1   0 129 190   0   4   2]
 [  3 281   0   1  31  99   1   2   4]
 [  0  64  31   8  85  12   4  67  16]
 [  0  24   3 221  58   3  43 281   3]
 [  2  33   4   0 194 159   0   8   0]
 [  0   0   1   0   7 285   0   0   0]
 [  4  60   6   5 108  13  21 105   6]
 [  0  49   2   7 105  31   4 237   3]
 [  5 144  14   6 160  17  15  99   9]]

******************************************************
KNN:
---------------------
KNN ==  5 :

0.640659340659
[[129  20   9   0 125  77   2   1   4]
 [ 11 346  12   0  12   0   9   8  24]
 [ 10  42 141   0   2   0   7   6  79]
 [  0   3   2 548   0   0  29  52   2]
 [ 38  20   6   0 293  39   0   0   4]
 [ 22   0   0   0  16 255   0   0   0]
 [  2  40  38  15   3   0 125  62  43]
 [  2  42  16  29   2   0  55 276  16]
 [ 13  65  92   3  14   1  37  25 219]]
---------------------
KNN ==  9 :

0.647802197802
[[125  22   8   0 127  82   1   1   1]
 [  7 358  10   0  15   0   5   7  20]
 [  6  43 136   0   6   0   3   4  89]
 [  0   4   1 551   0   0  30  49   1]
 [ 35  21   6   0 292  41   1   0   4]
 [ 15   0   0   0  14 264   0   0   0]
 [  1  40  38  13   5   0 118  67  46]
 [  1  48  14  27   3   0  52 271  22]
 [ 10  64  77   3  20   1  28  23 243]]
---------------------
KNN ==  11 :

0.640659340659
[[110  28   7   0 138  82   0   1   1]
 [  5 354  11   0  18   0   5   7  22]
 [  5  37 135   0   7   0   4   5  94]
 [  0   6   1 550   0   0  30  48   1]
 [ 37  21   6   0 290  43   0   0   3]
 [ 13   0   0   0  17 263   0   0   0]
 [  1  44  36  11   6   0 111  71  48]
 [  1  47  14  25   3   0  51 273  24]
 [ 11  63  78   3  20   1  24  23 246]]
---------------------
KNN ==  13 :

0.637087912088
[[109  29   7   0 132  88   0   1   1]
 [  6 348  14   0  17   0   2  11  24]
 [  5  41 133   0   7   0   4   6  91]
 [  0   4   1 550   0   0  28  52   1]
 [ 34  21   8   0 290  43   0   0   4]
 [ 15   0   0   0  20 258   0   0   0]
 [  1  43  33  10   6   0 113  69  53]
 [  0  48  13  28   3   0  53 272  21]
 [ 13  67  69   3  20   1  25  25 246]]

******************************************************
SVM:

0.174725274725

******************************************************
Perceptron:

0.342307692308
[[ 23   0  22  41 204  41  34   2   0]
 [  0   0  56   4 298  11  44   9   0]
 [  0   0  88  81  61   0  28  29   0]
 [  0   0   8 582   2   0  34  10   0]
 [  9   0  75  39 204  15  51   7   0]
 [  3   0   3  35 134 118   0   0   0]
 [  0   0  29 109  55   1 100  34   0]
 [  1   0  31 151  55   1  68 131   0]
 [  1   0  97  92 147   5  63  64   0]]

******************************************************
LDA:

0.45989010989
[[168  29   4  20  52  73   3   8  10]
 [ 12 264   5   0  80  12   5   3  41]
 [  3  29  71  12  37   8   8  41  78]
 [  9   1  12 445  14   0  38  87  30]
 [ 49 106  12  32  97  44  18   8  34]
 [ 63  20   0   7  15 188   0   0   0]
 [  6  39  14  16  36   1  55  75  86]
 [  7  45   8  33  15   2  43 219  66]
 [ 15  61  52  11  48   6  37  72 167]]

******************************************************
Logistic Regression - ovr:

0.49010989011
[[180  29  12  16  52  51   5   8  14]
 [ 15 259   5   1  72  16   9  16  29]
 [ 15  17  84  35  32   4  13  14  73]
 [  7   5  12 495  13   0  22  53  29]
 [ 41  96  16  33 102  52   8  13  39]
 [ 47  25   1   7  14 196   0   3   0]
 [  4  32  15  39  35   2  52  78  71]
 [ 11  39  12  24  14   4  36 261  37]
 [ 17  58  53  23  55   1  34  73 155]]

******************************************************
Logistic Regression - mul:

0.503296703297
[[179  24  11  22  50  57   4   7  13]
 [ 13 254   4   2  80  17   6  13  33]
 [ 10  14  87  35  39   4   9  17  72]
 [  8   3  11 494  14   0  33  50  23]
 [ 35  95  14  35 107  50   9  10  45]
 [ 36  22   2   3  16 211   0   3   0]
 [  4  30  18  39  37   1  69  63  67]
 [ 14  38  15  16  13   2  41 262  37]
 [ 19  51  47  19  57   1  38  68 169]]
######################################################
(5460, 256) (3640, 256)

******************************************************
Decision Tree:

0.607967032967
[[191  17   9   0  64  33   4   2  16]
 [ 16 250  19   1  10   0  20  26  44]
 [  7  32 135   5   4   0  32  16  85]
 [  1   5   5 547   3   0  30  34  11]
 [ 85  15   5   1 256  28   5   3   8]
 [ 46   1   0   0  39 232   0   0   1]
 [  4  22  26  31   4   0 118  56  51]
 [  5  26   8  42   6   0  69 274  43]
 [ 12  54  80   9  14   0  50  27 210]]

******************************************************
Gaussian Naive Bayes:

0.353571428571
[[  8  33   1   0 129 190   0   4   2]
 [  3 281   0   1  31  99   1   2   4]
 [  0  64  31   8  85  12   4  67  16]
 [  0  24   3 221  58   3  43 281   3]
 [  2  33   4   0 194 159   0   8   0]
 [  0   0   1   0   7 285   0   0   0]
 [  4  60   6   5 108  13  21 105   6]
 [  0  49   2   7 105  31   4 237   3]
 [  5 144  14   6 160  17  15  99   9]]

******************************************************
KNN:
---------------------
KNN ==  5 :

0.640659340659
[[129  20   9   0 125  77   2   1   4]
 [ 11 346  12   0  12   0   9   8  24]
 [ 10  42 141   0   2   0   7   6  79]
 [  0   3   2 548   0   0  29  52   2]
 [ 38  20   6   0 293  39   0   0   4]
 [ 22   0   0   0  16 255   0   0   0]
 [  2  40  38  15   3   0 125  62  43]
 [  2  42  16  29   2   0  55 276  16]
 [ 13  65  92   3  14   1  37  25 219]]
---------------------
KNN ==  9 :

0.647802197802
[[125  22   8   0 127  82   1   1   1]
 [  7 358  10   0  15   0   5   7  20]
 [  6  43 136   0   6   0   3   4  89]
 [  0   4   1 551   0   0  30  49   1]
 [ 35  21   6   0 292  41   1   0   4]
 [ 15   0   0   0  14 264   0   0   0]
 [  1  40  38  13   5   0 118  67  46]
 [  1  48  14  27   3   0  52 271  22]
 [ 10  64  77   3  20   1  28  23 243]]
---------------------
KNN ==  11 :

0.640659340659
[[110  28   7   0 138  82   0   1   1]
 [  5 354  11   0  18   0   5   7  22]
 [  5  37 135   0   7   0   4   5  94]
 [  0   6   1 550   0   0  30  48   1]
 [ 37  21   6   0 290  43   0   0   3]
 [ 13   0   0   0  17 263   0   0   0]
 [  1  44  36  11   6   0 111  71  48]
 [  1  47  14  25   3   0  51 273  24]
 [ 11  63  78   3  20   1  24  23 246]]
---------------------
KNN ==  13 :

0.637087912088
[[109  29   7   0 132  88   0   1   1]
 [  6 348  14   0  17   0   2  11  24]
 [  5  41 133   0   7   0   4   6  91]
 [  0   4   1 550   0   0  28  52   1]
 [ 34  21   8   0 290  43   0   0   4]
 [ 15   0   0   0  20 258   0   0   0]
 [  1  43  33  10   6   0 113  69  53]
 [  0  48  13  28   3   0  53 272  21]
 [ 13  67  69   3  20   1  25  25 246]]

******************************************************
SVM:

0.174725274725

******************************************************
Perceptron:

0.342307692308
[[ 23   0  22  41 204  41  34   2   0]
 [  0   0  56   4 298  11  44   9   0]
 [  0   0  88  81  61   0  28  29   0]
 [  0   0   8 582   2   0  34  10   0]
 [  9   0  75  39 204  15  51   7   0]
 [  3   0   3  35 134 118   0   0   0]
 [  0   0  29 109  55   1 100  34   0]
 [  1   0  31 151  55   1  68 131   0]
 [  1   0  97  92 147   5  63  64   0]]

******************************************************
LDA:

0.45989010989
[[168  29   4  20  52  73   3   8  10]
 [ 12 264   5   0  80  12   5   3  41]
 [  3  29  71  12  37   8   8  41  78]
 [  9   1  12 445  14   0  38  87  30]
 [ 49 106  12  32  97  44  18   8  34]
 [ 63  20   0   7  15 188   0   0   0]
 [  6  39  14  16  36   1  55  75  86]
 [  7  45   8  33  15   2  43 219  66]
 [ 15  61  52  11  48   6  37  72 167]]

******************************************************
Logistic Regression - ovr:

0.49010989011
[[180  29  12  16  52  51   5   8  14]
 [ 15 259   5   1  72  16   9  16  29]
 [ 15  17  84  35  32   4  13  14  73]
 [  7   5  12 495  13   0  22  53  29]
 [ 41  96  16  33 102  52   8  13  39]
 [ 47  25   1   7  14 196   0   3   0]
 [  4  32  15  39  35   2  52  78  71]
 [ 11  39  12  24  14   4  36 261  37]
 [ 17  58  53  23  55   1  34  73 155]]

******************************************************
Logistic Regression - mul:

0.503296703297
[[179  24  11  22  50  57   4   7  13]
 [ 13 254   4   2  80  17   6  13  33]
 [ 10  14  87  35  39   4   9  17  72]
 [  8   3  11 494  14   0  33  50  23]
 [ 35  95  14  35 107  50   9  10  45]
 [ 36  22   2   3  16 211   0   3   0]
 [  4  30  18  39  37   1  69  63  67]
 [ 14  38  15  16  13   2  41 262  37]
 [ 19  51  47  19  57   1  38  68 169]]
######################################################
(5460, 256) (3640, 256)

******************************************************
Decision Tree:

0.598626373626
[[169  17   7   0  61  32   6   2  16]
 [ 14 251  23   1  11   0  27  28  46]
 [  6  33 129   5   5   0  27  13  90]
 [  0   6   1 545   0   0  28  28   7]
 [104  14   5   0 255  29   5   4  11]
 [ 49   2   1   0  41 232   0   0   0]
 [  4  22  33  32   6   0 119  65  52]
 [  6  30   5  43   8   0  64 270  38]
 [ 15  47  83  10  13   0  52  28 209]]

******************************************************
Gaussian Naive Bayes:

0.353571428571
[[  8  33   1   0 129 190   0   4   2]
 [  3 281   0   1  31  99   1   2   4]
 [  0  64  31   8  85  12   4  67  16]
 [  0  24   3 221  58   3  43 281   3]
 [  2  33   4   0 194 159   0   8   0]
 [  0   0   1   0   7 285   0   0   0]
 [  4  60   6   5 108  13  21 105   6]
 [  0  49   2   7 105  31   4 237   3]
 [  5 144  14   6 160  17  15  99   9]]

******************************************************
KNN:
---------------------
KNN ==  5 :

0.640659340659
[[129  20   9   0 125  77   2   1   4]
 [ 11 346  12   0  12   0   9   8  24]
 [ 10  42 141   0   2   0   7   6  79]
 [  0   3   2 548   0   0  29  52   2]
 [ 38  20   6   0 293  39   0   0   4]
 [ 22   0   0   0  16 255   0   0   0]
 [  2  40  38  15   3   0 125  62  43]
 [  2  42  16  29   2   0  55 276  16]
 [ 13  65  92   3  14   1  37  25 219]]
---------------------
KNN ==  9 :

0.647802197802
[[125  22   8   0 127  82   1   1   1]
 [  7 358  10   0  15   0   5   7  20]
 [  6  43 136   0   6   0   3   4  89]
 [  0   4   1 551   0   0  30  49   1]
 [ 35  21   6   0 292  41   1   0   4]
 [ 15   0   0   0  14 264   0   0   0]
 [  1  40  38  13   5   0 118  67  46]
 [  1  48  14  27   3   0  52 271  22]
 [ 10  64  77   3  20   1  28  23 243]]
---------------------
KNN ==  11 :

0.640659340659
[[110  28   7   0 138  82   0   1   1]
 [  5 354  11   0  18   0   5   7  22]
 [  5  37 135   0   7   0   4   5  94]
 [  0   6   1 550   0   0  30  48   1]
 [ 37  21   6   0 290  43   0   0   3]
 [ 13   0   0   0  17 263   0   0   0]
 [  1  44  36  11   6   0 111  71  48]
 [  1  47  14  25   3   0  51 273  24]
 [ 11  63  78   3  20   1  24  23 246]]
---------------------
KNN ==  13 :

0.637087912088
[[109  29   7   0 132  88   0   1   1]
 [  6 348  14   0  17   0   2  11  24]
 [  5  41 133   0   7   0   4   6  91]
 [  0   4   1 550   0   0  28  52   1]
 [ 34  21   8   0 290  43   0   0   4]
 [ 15   0   0   0  20 258   0   0   0]
 [  1  43  33  10   6   0 113  69  53]
 [  0  48  13  28   3   0  53 272  21]
 [ 13  67  69   3  20   1  25  25 246]]

******************************************************
SVM:

0.174725274725

******************************************************
Perceptron:

0.342307692308
[[ 23   0  22  41 204  41  34   2   0]
 [  0   0  56   4 298  11  44   9   0]
 [  0   0  88  81  61   0  28  29   0]
 [  0   0   8 582   2   0  34  10   0]
 [  9   0  75  39 204  15  51   7   0]
 [  3   0   3  35 134 118   0   0   0]
 [  0   0  29 109  55   1 100  34   0]
 [  1   0  31 151  55   1  68 131   0]
 [  1   0  97  92 147   5  63  64   0]]

******************************************************
LDA:

0.45989010989
[[168  29   4  20  52  73   3   8  10]
 [ 12 264   5   0  80  12   5   3  41]
 [  3  29  71  12  37   8   8  41  78]
 [  9   1  12 445  14   0  38  87  30]
 [ 49 106  12  32  97  44  18   8  34]
 [ 63  20   0   7  15 188   0   0   0]
 [  6  39  14  16  36   1  55  75  86]
 [  7  45   8  33  15   2  43 219  66]
 [ 15  61  52  11  48   6  37  72 167]]

******************************************************
Logistic Regression - ovr:

0.49010989011
[[180  29  12  16  52  51   5   8  14]
 [ 15 259   5   1  72  16   9  16  29]
 [ 15  17  84  35  32   4  13  14  73]
 [  7   5  12 495  13   0  22  53  29]
 [ 41  96  16  33 102  52   8  13  39]
 [ 47  25   1   7  14 196   0   3   0]
 [  4  32  15  39  35   2  52  78  71]
 [ 11  39  12  24  14   4  36 261  37]
 [ 17  58  53  23  55   1  34  73 155]]

******************************************************
Logistic Regression - mul:

0.503296703297
[[179  24  11  22  50  57   4   7  13]
 [ 13 254   4   2  80  17   6  13  33]
 [ 10  14  87  35  39   4   9  17  72]
 [  8   3  11 494  14   0  33  50  23]
 [ 35  95  14  35 107  50   9  10  45]
 [ 36  22   2   3  16 211   0   3   0]
 [  4  30  18  39  37   1  69  63  67]
 [ 14  38  15  16  13   2  41 262  37]
 [ 19  51  47  19  57   1  38  68 169]]
######################################################
(5460, 256) (3640, 256)

******************************************************
Decision Tree:

0.597527472527
[[182  11   5   0  55  32   7   2  18]
 [ 14 247  26   2  16   0  27  27  48]
 [  8  35 130   3   3   0  26  12  79]
 [  2   7   0 552   0   0  27  31   9]
 [100  21   7   0 256  27  12   8  10]
 [ 42   1   0   0  42 234   0   0   1]
 [  4  21  33  25   7   0 110  70  58]
 [  7  25   9  40   9   0  70 256  38]
 [  8  54  77  14  12   0  49  32 208]]

******************************************************
Gaussian Naive Bayes:

0.353571428571
[[  8  33   1   0 129 190   0   4   2]
 [  3 281   0   1  31  99   1   2   4]
 [  0  64  31   8  85  12   4  67  16]
 [  0  24   3 221  58   3  43 281   3]
 [  2  33   4   0 194 159   0   8   0]
 [  0   0   1   0   7 285   0   0   0]
 [  4  60   6   5 108  13  21 105   6]
 [  0  49   2   7 105  31   4 237   3]
 [  5 144  14   6 160  17  15  99   9]]

******************************************************
KNN:
---------------------
KNN ==  5 :

0.640659340659
[[129  20   9   0 125  77   2   1   4]
 [ 11 346  12   0  12   0   9   8  24]
 [ 10  42 141   0   2   0   7   6  79]
 [  0   3   2 548   0   0  29  52   2]
 [ 38  20   6   0 293  39   0   0   4]
 [ 22   0   0   0  16 255   0   0   0]
 [  2  40  38  15   3   0 125  62  43]
 [  2  42  16  29   2   0  55 276  16]
 [ 13  65  92   3  14   1  37  25 219]]
---------------------
KNN ==  9 :

0.647802197802
[[125  22   8   0 127  82   1   1   1]
 [  7 358  10   0  15   0   5   7  20]
 [  6  43 136   0   6   0   3   4  89]
 [  0   4   1 551   0   0  30  49   1]
 [ 35  21   6   0 292  41   1   0   4]
 [ 15   0   0   0  14 264   0   0   0]
 [  1  40  38  13   5   0 118  67  46]
 [  1  48  14  27   3   0  52 271  22]
 [ 10  64  77   3  20   1  28  23 243]]
---------------------
KNN ==  11 :

0.640659340659
[[110  28   7   0 138  82   0   1   1]
 [  5 354  11   0  18   0   5   7  22]
 [  5  37 135   0   7   0   4   5  94]
 [  0   6   1 550   0   0  30  48   1]
 [ 37  21   6   0 290  43   0   0   3]
 [ 13   0   0   0  17 263   0   0   0]
 [  1  44  36  11   6   0 111  71  48]
 [  1  47  14  25   3   0  51 273  24]
 [ 11  63  78   3  20   1  24  23 246]]
---------------------
KNN ==  13 :

0.637087912088
[[109  29   7   0 132  88   0   1   1]
 [  6 348  14   0  17   0   2  11  24]
 [  5  41 133   0   7   0   4   6  91]
 [  0   4   1 550   0   0  28  52   1]
 [ 34  21   8   0 290  43   0   0   4]
 [ 15   0   0   0  20 258   0   0   0]
 [  1  43  33  10   6   0 113  69  53]
 [  0  48  13  28   3   0  53 272  21]
 [ 13  67  69   3  20   1  25  25 246]]

******************************************************
SVM:

0.174725274725

******************************************************
Perceptron:

0.342307692308
[[ 23   0  22  41 204  41  34   2   0]
 [  0   0  56   4 298  11  44   9   0]
 [  0   0  88  81  61   0  28  29   0]
 [  0   0   8 582   2   0  34  10   0]
 [  9   0  75  39 204  15  51   7   0]
 [  3   0   3  35 134 118   0   0   0]
 [  0   0  29 109  55   1 100  34   0]
 [  1   0  31 151  55   1  68 131   0]
 [  1   0  97  92 147   5  63  64   0]]

******************************************************
LDA:

0.45989010989
[[168  29   4  20  52  73   3   8  10]
 [ 12 264   5   0  80  12   5   3  41]
 [  3  29  71  12  37   8   8  41  78]
 [  9   1  12 445  14   0  38  87  30]
 [ 49 106  12  32  97  44  18   8  34]
 [ 63  20   0   7  15 188   0   0   0]
 [  6  39  14  16  36   1  55  75  86]
 [  7  45   8  33  15   2  43 219  66]
 [ 15  61  52  11  48   6  37  72 167]]

******************************************************
Logistic Regression - ovr:

0.49010989011
[[180  29  12  16  52  51   5   8  14]
 [ 15 259   5   1  72  16   9  16  29]
 [ 15  17  84  35  32   4  13  14  73]
 [  7   5  12 495  13   0  22  53  29]
 [ 41  96  16  33 102  52   8  13  39]
 [ 47  25   1   7  14 196   0   3   0]
 [  4  32  15  39  35   2  52  78  71]
 [ 11  39  12  24  14   4  36 261  37]
 [ 17  58  53  23  55   1  34  73 155]]

******************************************************
Logistic Regression - mul:

0.503296703297
[[179  24  11  22  50  57   4   7  13]
 [ 13 254   4   2  80  17   6  13  33]
 [ 10  14  87  35  39   4   9  17  72]
 [  8   3  11 494  14   0  33  50  23]
 [ 35  95  14  35 107  50   9  10  45]
 [ 36  22   2   3  16 211   0   3   0]
 [  4  30  18  39  37   1  69  63  67]
 [ 14  38  15  16  13   2  41 262  37]
 [ 19  51  47  19  57   1  38  68 169]]
######################################################
(5460, 256) (3640, 256)

******************************************************
Decision Tree:

0.596703296703
[[170  14   5   0  60  21   5   1  13]
 [ 14 245  23   0  13   0  28  31  50]
 [  7  34 127   3   5   0  28  12  80]
 [  0   6   1 552   1   0  28  31   7]
 [ 97  14   6   1 258  26   6   3  10]
 [ 48   1   1   0  39 246   0   0   0]
 [  5  20  27  27   4   0 107  59  55]
 [  8  33  10  44   2   0  69 264  51]
 [ 18  55  87   9  18   0  57  37 203]]

******************************************************
Gaussian Naive Bayes:

0.353571428571
[[  8  33   1   0 129 190   0   4   2]
 [  3 281   0   1  31  99   1   2   4]
 [  0  64  31   8  85  12   4  67  16]
 [  0  24   3 221  58   3  43 281   3]
 [  2  33   4   0 194 159   0   8   0]
 [  0   0   1   0   7 285   0   0   0]
 [  4  60   6   5 108  13  21 105   6]
 [  0  49   2   7 105  31   4 237   3]
 [  5 144  14   6 160  17  15  99   9]]

******************************************************
KNN:
---------------------
KNN ==  5 :

0.640659340659
[[129  20   9   0 125  77   2   1   4]
 [ 11 346  12   0  12   0   9   8  24]
 [ 10  42 141   0   2   0   7   6  79]
 [  0   3   2 548   0   0  29  52   2]
 [ 38  20   6   0 293  39   0   0   4]
 [ 22   0   0   0  16 255   0   0   0]
 [  2  40  38  15   3   0 125  62  43]
 [  2  42  16  29   2   0  55 276  16]
 [ 13  65  92   3  14   1  37  25 219]]
---------------------
KNN ==  9 :

0.647802197802
[[125  22   8   0 127  82   1   1   1]
 [  7 358  10   0  15   0   5   7  20]
 [  6  43 136   0   6   0   3   4  89]
 [  0   4   1 551   0   0  30  49   1]
 [ 35  21   6   0 292  41   1   0   4]
 [ 15   0   0   0  14 264   0   0   0]
 [  1  40  38  13   5   0 118  67  46]
 [  1  48  14  27   3   0  52 271  22]
 [ 10  64  77   3  20   1  28  23 243]]
---------------------
KNN ==  11 :

0.640659340659
[[110  28   7   0 138  82   0   1   1]
 [  5 354  11   0  18   0   5   7  22]
 [  5  37 135   0   7   0   4   5  94]
 [  0   6   1 550   0   0  30  48   1]
 [ 37  21   6   0 290  43   0   0   3]
 [ 13   0   0   0  17 263   0   0   0]
 [  1  44  36  11   6   0 111  71  48]
 [  1  47  14  25   3   0  51 273  24]
 [ 11  63  78   3  20   1  24  23 246]]
---------------------
KNN ==  13 :

0.637087912088
[[109  29   7   0 132  88   0   1   1]
 [  6 348  14   0  17   0   2  11  24]
 [  5  41 133   0   7   0   4   6  91]
 [  0   4   1 550   0   0  28  52   1]
 [ 34  21   8   0 290  43   0   0   4]
 [ 15   0   0   0  20 258   0   0   0]
 [  1  43  33  10   6   0 113  69  53]
 [  0  48  13  28   3   0  53 272  21]
 [ 13  67  69   3  20   1  25  25 246]]

******************************************************
SVM:

0.174725274725

******************************************************
Perceptron:

0.342307692308
[[ 23   0  22  41 204  41  34   2   0]
 [  0   0  56   4 298  11  44   9   0]
 [  0   0  88  81  61   0  28  29   0]
 [  0   0   8 582   2   0  34  10   0]
 [  9   0  75  39 204  15  51   7   0]
 [  3   0   3  35 134 118   0   0   0]
 [  0   0  29 109  55   1 100  34   0]
 [  1   0  31 151  55   1  68 131   0]
 [  1   0  97  92 147   5  63  64   0]]

******************************************************
LDA:

0.45989010989
[[168  29   4  20  52  73   3   8  10]
 [ 12 264   5   0  80  12   5   3  41]
 [  3  29  71  12  37   8   8  41  78]
 [  9   1  12 445  14   0  38  87  30]
 [ 49 106  12  32  97  44  18   8  34]
 [ 63  20   0   7  15 188   0   0   0]
 [  6  39  14  16  36   1  55  75  86]
 [  7  45   8  33  15   2  43 219  66]
 [ 15  61  52  11  48   6  37  72 167]]

******************************************************
Logistic Regression - ovr:

0.49010989011
[[180  29  12  16  52  51   5   8  14]
 [ 15 259   5   1  72  16   9  16  29]
 [ 15  17  84  35  32   4  13  14  73]
 [  7   5  12 495  13   0  22  53  29]
 [ 41  96  16  33 102  52   8  13  39]
 [ 47  25   1   7  14 196   0   3   0]
 [  4  32  15  39  35   2  52  78  71]
 [ 11  39  12  24  14   4  36 261  37]
 [ 17  58  53  23  55   1  34  73 155]]

******************************************************
Logistic Regression - mul:

0.503296703297
[[179  24  11  22  50  57   4   7  13]
 [ 13 254   4   2  80  17   6  13  33]
 [ 10  14  87  35  39   4   9  17  72]
 [  8   3  11 494  14   0  33  50  23]
 [ 35  95  14  35 107  50   9  10  45]
 [ 36  22   2   3  16 211   0   3   0]
 [  4  30  18  39  37   1  69  63  67]
 [ 14  38  15  16  13   2  41 262  37]
 [ 19  51  47  19  57   1  38  68 169]]
######################################################
######################################################
DT: 
0.601813186813
gnb: 
0.353571428571
knn: 
0.641552197802
9  =  0.647802197802
11  =  0.640659340659
5  =  0.640659340659
13  =  0.637087912088
svm: 
0.174725274725
per: 
0.342307692308
lda: 
0.45989010989
lr_ovr: 
0.49010989011
lr_mul: 
0.503296703297
