Starting read from Train file...
(9100, 75)
train.shape = (9100, 74)
train_labels.shape = (9100, 1)
(5460, 74) (3640, 74)

******************************************************
Decision Tree:

0.651098901099
[[204  12  11  12  47  13  13   0   6]
 [ 17 223  12  72  10   0   8   0  69]
 [ 14  13 149  11  13   1  49  10  43]
 [ 14  60   8 469   5   0  10   0  48]
 [ 57  12   4   1 245  33   6   6   9]
 [ 37   0   3   0  55 244   1   0   5]
 [ 17  13  48  13  17   1 190  51  12]
 [  1   2  10   0   5   0  40 371   2]
 [  6  87  42  58   3   1  11   0 275]]

******************************************************
Gaussian Naive Bayes:

0.492032967033
[[187  31  19   3  14  93  18   0   2]
 [  9 200  11  40  14  53   1   0  94]
 [  9  56 111  26   7  26  16   0  36]
 [ 40 115   7 361  11  15   2   0  85]
 [ 81  26  17  11 101 147  16   0   1]
 [ 38   1   0   0  22 232   0   0   0]
 [ 25  25  52  28   9  16 130  33  10]
 [  8   1  23   0  55  16  74 259   2]
 [  9 134  29  50   8  28   1   0 210]]

******************************************************
KNN:
---------------------
KNN ==  5 :

0.686263736264
[[250  14  12   1  59  25   2   0   4]
 [ 20 252   7  77   7   2   1   0  56]
 [ 18  18 187   2  11   2  28   1  20]
 [ 26  51   0 534   3   0   1   0  21]
 [ 71  10  16   5 230  62   2   0   4]
 [ 24   0   4   0  38 227   0   0   0]
 [ 22   7  65   2  15   0 168  37  12]
 [  1   1  11   0   3   2  29 391   0]
 [ 13  91  41  46   8   1  10   0 259]]
---------------------
KNN ==  9 :

0.673901098901
[[252  14  10   1  58  27   1   1   3]
 [ 16 249   6  77   9   2   0   0  63]
 [ 17  14 171   0  17   4  31   3  30]
 [ 26  43   1 535   4   0   0   0  27]
 [ 81   4  13   5 212  74   6   0   5]
 [ 29   0   1   0  38 225   0   0   0]
 [ 21  11  62   3  16   0 165  41   9]
 [  1   0  13   0   6   2  32 384   0]
 [ 13  95  35  47   9   2   7   1 260]]
---------------------
KNN ==  11 :

0.673626373626
[[246  10   9   2  61  31   2   1   5]
 [ 17 248   6  77  10   2   1   0  61]
 [ 15  10 176   2  17   5  28   1  33]
 [ 24  44   1 534   5   0   0   0  28]
 [ 83   4  11   6 212  75   5   0   4]
 [ 31   0   1   0  32 229   0   0   0]
 [ 22  11  65   4  17   0 151  46  12]
 [  1   1   9   0   7   2  27 391   0]
 [ 12  92  39  44   9   2   6   0 265]]
---------------------
KNN ==  13 :

0.669230769231
[[248  11   8   0  61  32   4   0   3]
 [ 18 243   8  79   8   3   1   0  62]
 [ 13  12 174   1  16   7  29   2  33]
 [ 27  44   1 527   6   0   0   0  31]
 [ 79   3  14   7 217  71   6   0   3]
 [ 32   0   1   0  34 226   0   0   0]
 [ 22  12  62   4  16   0 154  46  12]
 [  1   1  11   0   8   3  24 390   0]
 [ 14 103  34  42  10   2   7   0 257]]

******************************************************
SVM:

0.876648351648

******************************************************
Perceptron:

0.206868131868
[[  0   0   0   0 164   0   0   0 203]
 [  0   0   0   0  40   0   0   0 382]
 [  0   0   0   0  10   0   6   0 271]
 [  0   0   0  50  36   0   3   0 547]
 [  0   0   0   0 237   0   0   0 163]
 [  0   0   0   0 209   0   0   0  84]
 [  0   0   0   0  19   0  13   0 296]
 [  0   0   0   0  60   0   5   0 373]
 [  0   0   0   0  16   0   0   0 453]]

******************************************************
LDA:

0.805769230769
[[298   6   7   0  29  24   2   0   1]
 [ 14 324   4  20   6   0   0   0  54]
 [  3   3 229   0   0   1  43   0   8]
 [ 15  36   2 560   0   0   2   0  21]
 [ 48   2  10   1 291  46   1   0   1]
 [ 19   0   0   0  16 258   0   0   0]
 [  1  11  57   1   6   0 231  19   2]
 [  0   0   8   0   0   0  47 383   0]
 [  7  52  23  18   0   0  10   0 359]]

******************************************************
Logistic Regression - ovr:

0.286813186813
[[  0   0   0  48 263   0   0  56   0]
 [  0   0   0 287 101   0   0  34   0]
 [  0   0   0 190  35   0   0  62   0]
 [  0   0   0 559  75   0   0   2   0]
 [  0   0   0  51 311   0   0  38   0]
 [  0   0   0   0 291   0   0   2   0]
 [  0   0   0 245  39   0   0  44   0]
 [  0   0   0 181  83   0   0 174   0]
 [  0   0   0 374  59   0   0  36   0]]

******************************************************
Logistic Regression - mul:

0.294505494505
[[  0   0   0  31 257   0   0  79   0]
 [  0  18   0 264  87   0   0  53   0]
 [  0   0   0 174  34   0   0  73   6]
 [  0  11   0 546  70   0   0   9   0]
 [  0   0   0  45 306   0   0  49   0]
 [  0   0   0   0 290   0   0   3   0]
 [  0   0   0 224  37   0   0  67   0]
 [  0   0   0 156  82   0   0 200   0]
 [  0   9   0 351  53   0   0  54   2]]
######################################################
(5460, 74) (3640, 74)

******************************************************
Decision Tree:

0.656318681319
[[207  14  13  14  45  20   7   0   9]
 [ 15 223  11  66  11   1   7   0  65]
 [ 11  17 144  11  11   2  51   9  42]
 [ 10  58   8 469   5   0  10   0  51]
 [ 55  12   7   1 254  24   8   5   9]
 [ 37   3   4   0  56 245   1   0   1]
 [ 17   7  49  12  13   0 189  44  12]
 [  1   1   9   0   1   0  42 380   2]
 [ 14  87  42  63   4   1  13   0 278]]

******************************************************
Gaussian Naive Bayes:

0.492032967033
[[187  31  19   3  14  93  18   0   2]
 [  9 200  11  40  14  53   1   0  94]
 [  9  56 111  26   7  26  16   0  36]
 [ 40 115   7 361  11  15   2   0  85]
 [ 81  26  17  11 101 147  16   0   1]
 [ 38   1   0   0  22 232   0   0   0]
 [ 25  25  52  28   9  16 130  33  10]
 [  8   1  23   0  55  16  74 259   2]
 [  9 134  29  50   8  28   1   0 210]]

******************************************************
KNN:
---------------------
KNN ==  5 :

0.686263736264
[[250  14  12   1  59  25   2   0   4]
 [ 20 252   7  77   7   2   1   0  56]
 [ 18  18 187   2  11   2  28   1  20]
 [ 26  51   0 534   3   0   1   0  21]
 [ 71  10  16   5 230  62   2   0   4]
 [ 24   0   4   0  38 227   0   0   0]
 [ 22   7  65   2  15   0 168  37  12]
 [  1   1  11   0   3   2  29 391   0]
 [ 13  91  41  46   8   1  10   0 259]]
---------------------
KNN ==  9 :

0.673901098901
[[252  14  10   1  58  27   1   1   3]
 [ 16 249   6  77   9   2   0   0  63]
 [ 17  14 171   0  17   4  31   3  30]
 [ 26  43   1 535   4   0   0   0  27]
 [ 81   4  13   5 212  74   6   0   5]
 [ 29   0   1   0  38 225   0   0   0]
 [ 21  11  62   3  16   0 165  41   9]
 [  1   0  13   0   6   2  32 384   0]
 [ 13  95  35  47   9   2   7   1 260]]
---------------------
KNN ==  11 :

0.673626373626
[[246  10   9   2  61  31   2   1   5]
 [ 17 248   6  77  10   2   1   0  61]
 [ 15  10 176   2  17   5  28   1  33]
 [ 24  44   1 534   5   0   0   0  28]
 [ 83   4  11   6 212  75   5   0   4]
 [ 31   0   1   0  32 229   0   0   0]
 [ 22  11  65   4  17   0 151  46  12]
 [  1   1   9   0   7   2  27 391   0]
 [ 12  92  39  44   9   2   6   0 265]]
---------------------
KNN ==  13 :

0.669230769231
[[248  11   8   0  61  32   4   0   3]
 [ 18 243   8  79   8   3   1   0  62]
 [ 13  12 174   1  16   7  29   2  33]
 [ 27  44   1 527   6   0   0   0  31]
 [ 79   3  14   7 217  71   6   0   3]
 [ 32   0   1   0  34 226   0   0   0]
 [ 22  12  62   4  16   0 154  46  12]
 [  1   1  11   0   8   3  24 390   0]
 [ 14 103  34  42  10   2   7   0 257]]

******************************************************
SVM:

0.876648351648

******************************************************
Perceptron:

0.206868131868
[[  0   0   0   0 164   0   0   0 203]
 [  0   0   0   0  40   0   0   0 382]
 [  0   0   0   0  10   0   6   0 271]
 [  0   0   0  50  36   0   3   0 547]
 [  0   0   0   0 237   0   0   0 163]
 [  0   0   0   0 209   0   0   0  84]
 [  0   0   0   0  19   0  13   0 296]
 [  0   0   0   0  60   0   5   0 373]
 [  0   0   0   0  16   0   0   0 453]]

******************************************************
LDA:

0.805769230769
[[298   6   7   0  29  24   2   0   1]
 [ 14 324   4  20   6   0   0   0  54]
 [  3   3 229   0   0   1  43   0   8]
 [ 15  36   2 560   0   0   2   0  21]
 [ 48   2  10   1 291  46   1   0   1]
 [ 19   0   0   0  16 258   0   0   0]
 [  1  11  57   1   6   0 231  19   2]
 [  0   0   8   0   0   0  47 383   0]
 [  7  52  23  18   0   0  10   0 359]]

******************************************************
Logistic Regression - ovr:

0.286813186813
[[  0   0   0  48 263   0   0  56   0]
 [  0   0   0 287 101   0   0  34   0]
 [  0   0   0 190  35   0   0  62   0]
 [  0   0   0 559  75   0   0   2   0]
 [  0   0   0  51 311   0   0  38   0]
 [  0   0   0   0 291   0   0   2   0]
 [  0   0   0 245  39   0   0  44   0]
 [  0   0   0 181  83   0   0 174   0]
 [  0   0   0 374  59   0   0  36   0]]

******************************************************
Logistic Regression - mul:

0.294505494505
[[  0   0   0  31 257   0   0  79   0]
 [  0  18   0 264  87   0   0  53   0]
 [  0   0   0 174  34   0   0  73   6]
 [  0  11   0 546  70   0   0   9   0]
 [  0   0   0  45 306   0   0  49   0]
 [  0   0   0   0 290   0   0   3   0]
 [  0   0   0 224  37   0   0  67   0]
 [  0   0   0 156  82   0   0 200   0]
 [  0   9   0 351  53   0   0  54   2]]
######################################################
(5460, 74) (3640, 74)

******************************************************
Decision Tree:

0.650549450549
[[193  12  10  15  43  21  11   0   8]
 [ 18 221  16  60   9   0   7   0  63]
 [ 15  12 143   7   9   0  54   9  46]
 [ 18  68   4 482   5   0  11   0  56]
 [ 56  10   5   4 251  29  10   4   5]
 [ 38   1   1   1  61 241   2   0   3]
 [ 16   7  52  13  13   1 176  41  11]
 [  3   1   9   0   6   0  46 384   0]
 [ 10  90  47  54   3   1  11   0 277]]

******************************************************
Gaussian Naive Bayes:

0.492032967033
[[187  31  19   3  14  93  18   0   2]
 [  9 200  11  40  14  53   1   0  94]
 [  9  56 111  26   7  26  16   0  36]
 [ 40 115   7 361  11  15   2   0  85]
 [ 81  26  17  11 101 147  16   0   1]
 [ 38   1   0   0  22 232   0   0   0]
 [ 25  25  52  28   9  16 130  33  10]
 [  8   1  23   0  55  16  74 259   2]
 [  9 134  29  50   8  28   1   0 210]]

******************************************************
KNN:
---------------------
KNN ==  5 :

0.686263736264
[[250  14  12   1  59  25   2   0   4]
 [ 20 252   7  77   7   2   1   0  56]
 [ 18  18 187   2  11   2  28   1  20]
 [ 26  51   0 534   3   0   1   0  21]
 [ 71  10  16   5 230  62   2   0   4]
 [ 24   0   4   0  38 227   0   0   0]
 [ 22   7  65   2  15   0 168  37  12]
 [  1   1  11   0   3   2  29 391   0]
 [ 13  91  41  46   8   1  10   0 259]]
---------------------
KNN ==  9 :

0.673901098901
[[252  14  10   1  58  27   1   1   3]
 [ 16 249   6  77   9   2   0   0  63]
 [ 17  14 171   0  17   4  31   3  30]
 [ 26  43   1 535   4   0   0   0  27]
 [ 81   4  13   5 212  74   6   0   5]
 [ 29   0   1   0  38 225   0   0   0]
 [ 21  11  62   3  16   0 165  41   9]
 [  1   0  13   0   6   2  32 384   0]
 [ 13  95  35  47   9   2   7   1 260]]
---------------------
KNN ==  11 :

0.673626373626
[[246  10   9   2  61  31   2   1   5]
 [ 17 248   6  77  10   2   1   0  61]
 [ 15  10 176   2  17   5  28   1  33]
 [ 24  44   1 534   5   0   0   0  28]
 [ 83   4  11   6 212  75   5   0   4]
 [ 31   0   1   0  32 229   0   0   0]
 [ 22  11  65   4  17   0 151  46  12]
 [  1   1   9   0   7   2  27 391   0]
 [ 12  92  39  44   9   2   6   0 265]]
---------------------
KNN ==  13 :

0.669230769231
[[248  11   8   0  61  32   4   0   3]
 [ 18 243   8  79   8   3   1   0  62]
 [ 13  12 174   1  16   7  29   2  33]
 [ 27  44   1 527   6   0   0   0  31]
 [ 79   3  14   7 217  71   6   0   3]
 [ 32   0   1   0  34 226   0   0   0]
 [ 22  12  62   4  16   0 154  46  12]
 [  1   1  11   0   8   3  24 390   0]
 [ 14 103  34  42  10   2   7   0 257]]

******************************************************
SVM:

0.876648351648

******************************************************
Perceptron:

0.206868131868
[[  0   0   0   0 164   0   0   0 203]
 [  0   0   0   0  40   0   0   0 382]
 [  0   0   0   0  10   0   6   0 271]
 [  0   0   0  50  36   0   3   0 547]
 [  0   0   0   0 237   0   0   0 163]
 [  0   0   0   0 209   0   0   0  84]
 [  0   0   0   0  19   0  13   0 296]
 [  0   0   0   0  60   0   5   0 373]
 [  0   0   0   0  16   0   0   0 453]]

******************************************************
LDA:

0.805769230769
[[298   6   7   0  29  24   2   0   1]
 [ 14 324   4  20   6   0   0   0  54]
 [  3   3 229   0   0   1  43   0   8]
 [ 15  36   2 560   0   0   2   0  21]
 [ 48   2  10   1 291  46   1   0   1]
 [ 19   0   0   0  16 258   0   0   0]
 [  1  11  57   1   6   0 231  19   2]
 [  0   0   8   0   0   0  47 383   0]
 [  7  52  23  18   0   0  10   0 359]]

******************************************************
Logistic Regression - ovr:

0.286813186813
[[  0   0   0  48 263   0   0  56   0]
 [  0   0   0 287 101   0   0  34   0]
 [  0   0   0 190  35   0   0  62   0]
 [  0   0   0 559  75   0   0   2   0]
 [  0   0   0  51 311   0   0  38   0]
 [  0   0   0   0 291   0   0   2   0]
 [  0   0   0 245  39   0   0  44   0]
 [  0   0   0 181  83   0   0 174   0]
 [  0   0   0 374  59   0   0  36   0]]

******************************************************
Logistic Regression - mul:

0.294505494505
[[  0   0   0  31 257   0   0  79   0]
 [  0  18   0 264  87   0   0  53   0]
 [  0   0   0 174  34   0   0  73   6]
 [  0  11   0 546  70   0   0   9   0]
 [  0   0   0  45 306   0   0  49   0]
 [  0   0   0   0 290   0   0   3   0]
 [  0   0   0 224  37   0   0  67   0]
 [  0   0   0 156  82   0   0 200   0]
 [  0   9   0 351  53   0   0  54   2]]
######################################################
(5460, 74) (3640, 74)

******************************************************
Decision Tree:

0.655494505495
[[199  14  11  11  49  24   4   0  10]
 [ 14 232  12  60   8   0   9   0  61]
 [ 13  18 142   8   9   0  57   7  42]
 [ 16  55   8 484   7   0  12   0  52]
 [ 62  10   7   3 256  30  10   4  10]
 [ 31   1   0   0  51 238   1   0   4]
 [ 18   8  56  13  14   0 174  42  13]
 [  2   1   7   0   1   0  46 385   1]
 [ 12  83  44  57   5   1  15   0 276]]

******************************************************
Gaussian Naive Bayes:

0.492032967033
[[187  31  19   3  14  93  18   0   2]
 [  9 200  11  40  14  53   1   0  94]
 [  9  56 111  26   7  26  16   0  36]
 [ 40 115   7 361  11  15   2   0  85]
 [ 81  26  17  11 101 147  16   0   1]
 [ 38   1   0   0  22 232   0   0   0]
 [ 25  25  52  28   9  16 130  33  10]
 [  8   1  23   0  55  16  74 259   2]
 [  9 134  29  50   8  28   1   0 210]]

******************************************************
KNN:
---------------------
KNN ==  5 :

0.686263736264
[[250  14  12   1  59  25   2   0   4]
 [ 20 252   7  77   7   2   1   0  56]
 [ 18  18 187   2  11   2  28   1  20]
 [ 26  51   0 534   3   0   1   0  21]
 [ 71  10  16   5 230  62   2   0   4]
 [ 24   0   4   0  38 227   0   0   0]
 [ 22   7  65   2  15   0 168  37  12]
 [  1   1  11   0   3   2  29 391   0]
 [ 13  91  41  46   8   1  10   0 259]]
---------------------
KNN ==  9 :

0.673901098901
[[252  14  10   1  58  27   1   1   3]
 [ 16 249   6  77   9   2   0   0  63]
 [ 17  14 171   0  17   4  31   3  30]
 [ 26  43   1 535   4   0   0   0  27]
 [ 81   4  13   5 212  74   6   0   5]
 [ 29   0   1   0  38 225   0   0   0]
 [ 21  11  62   3  16   0 165  41   9]
 [  1   0  13   0   6   2  32 384   0]
 [ 13  95  35  47   9   2   7   1 260]]
---------------------
KNN ==  11 :

0.673626373626
[[246  10   9   2  61  31   2   1   5]
 [ 17 248   6  77  10   2   1   0  61]
 [ 15  10 176   2  17   5  28   1  33]
 [ 24  44   1 534   5   0   0   0  28]
 [ 83   4  11   6 212  75   5   0   4]
 [ 31   0   1   0  32 229   0   0   0]
 [ 22  11  65   4  17   0 151  46  12]
 [  1   1   9   0   7   2  27 391   0]
 [ 12  92  39  44   9   2   6   0 265]]
---------------------
KNN ==  13 :

0.669230769231
[[248  11   8   0  61  32   4   0   3]
 [ 18 243   8  79   8   3   1   0  62]
 [ 13  12 174   1  16   7  29   2  33]
 [ 27  44   1 527   6   0   0   0  31]
 [ 79   3  14   7 217  71   6   0   3]
 [ 32   0   1   0  34 226   0   0   0]
 [ 22  12  62   4  16   0 154  46  12]
 [  1   1  11   0   8   3  24 390   0]
 [ 14 103  34  42  10   2   7   0 257]]

******************************************************
SVM:

0.876648351648

******************************************************
Perceptron:

0.206868131868
[[  0   0   0   0 164   0   0   0 203]
 [  0   0   0   0  40   0   0   0 382]
 [  0   0   0   0  10   0   6   0 271]
 [  0   0   0  50  36   0   3   0 547]
 [  0   0   0   0 237   0   0   0 163]
 [  0   0   0   0 209   0   0   0  84]
 [  0   0   0   0  19   0  13   0 296]
 [  0   0   0   0  60   0   5   0 373]
 [  0   0   0   0  16   0   0   0 453]]

******************************************************
LDA:

0.805769230769
[[298   6   7   0  29  24   2   0   1]
 [ 14 324   4  20   6   0   0   0  54]
 [  3   3 229   0   0   1  43   0   8]
 [ 15  36   2 560   0   0   2   0  21]
 [ 48   2  10   1 291  46   1   0   1]
 [ 19   0   0   0  16 258   0   0   0]
 [  1  11  57   1   6   0 231  19   2]
 [  0   0   8   0   0   0  47 383   0]
 [  7  52  23  18   0   0  10   0 359]]

******************************************************
Logistic Regression - ovr:

0.286813186813
[[  0   0   0  48 263   0   0  56   0]
 [  0   0   0 287 101   0   0  34   0]
 [  0   0   0 190  35   0   0  62   0]
 [  0   0   0 559  75   0   0   2   0]
 [  0   0   0  51 311   0   0  38   0]
 [  0   0   0   0 291   0   0   2   0]
 [  0   0   0 245  39   0   0  44   0]
 [  0   0   0 181  83   0   0 174   0]
 [  0   0   0 374  59   0   0  36   0]]

******************************************************
Logistic Regression - mul:

0.294505494505
[[  0   0   0  31 257   0   0  79   0]
 [  0  18   0 264  87   0   0  53   0]
 [  0   0   0 174  34   0   0  73   6]
 [  0  11   0 546  70   0   0   9   0]
 [  0   0   0  45 306   0   0  49   0]
 [  0   0   0   0 290   0   0   3   0]
 [  0   0   0 224  37   0   0  67   0]
 [  0   0   0 156  82   0   0 200   0]
 [  0   9   0 351  53   0   0  54   2]]
######################################################
(5460, 74) (3640, 74)

******************************************************
Decision Tree:

0.657142857143
[[202  12  13   9  45  17   6   0  11]
 [ 18 229  11  65  12   0   8   0  69]
 [ 10  13 149  10  11   1  53   9  39]
 [ 11  58   8 485   4   0  13   0  48]
 [ 59   9   9   4 254  32   5   5  10]
 [ 39   0   3   0  50 242   1   0   2]
 [ 18   9  41  10  17   0 176  42  16]
 [  0   1  13   0   4   0  54 382   1]
 [ 10  91  40  53   3   1  12   0 273]]

******************************************************
Gaussian Naive Bayes:

0.492032967033
[[187  31  19   3  14  93  18   0   2]
 [  9 200  11  40  14  53   1   0  94]
 [  9  56 111  26   7  26  16   0  36]
 [ 40 115   7 361  11  15   2   0  85]
 [ 81  26  17  11 101 147  16   0   1]
 [ 38   1   0   0  22 232   0   0   0]
 [ 25  25  52  28   9  16 130  33  10]
 [  8   1  23   0  55  16  74 259   2]
 [  9 134  29  50   8  28   1   0 210]]

******************************************************
KNN:
---------------------
KNN ==  5 :

0.686263736264
[[250  14  12   1  59  25   2   0   4]
 [ 20 252   7  77   7   2   1   0  56]
 [ 18  18 187   2  11   2  28   1  20]
 [ 26  51   0 534   3   0   1   0  21]
 [ 71  10  16   5 230  62   2   0   4]
 [ 24   0   4   0  38 227   0   0   0]
 [ 22   7  65   2  15   0 168  37  12]
 [  1   1  11   0   3   2  29 391   0]
 [ 13  91  41  46   8   1  10   0 259]]
---------------------
KNN ==  9 :

0.673901098901
[[252  14  10   1  58  27   1   1   3]
 [ 16 249   6  77   9   2   0   0  63]
 [ 17  14 171   0  17   4  31   3  30]
 [ 26  43   1 535   4   0   0   0  27]
 [ 81   4  13   5 212  74   6   0   5]
 [ 29   0   1   0  38 225   0   0   0]
 [ 21  11  62   3  16   0 165  41   9]
 [  1   0  13   0   6   2  32 384   0]
 [ 13  95  35  47   9   2   7   1 260]]
---------------------
KNN ==  11 :

0.673626373626
[[246  10   9   2  61  31   2   1   5]
 [ 17 248   6  77  10   2   1   0  61]
 [ 15  10 176   2  17   5  28   1  33]
 [ 24  44   1 534   5   0   0   0  28]
 [ 83   4  11   6 212  75   5   0   4]
 [ 31   0   1   0  32 229   0   0   0]
 [ 22  11  65   4  17   0 151  46  12]
 [  1   1   9   0   7   2  27 391   0]
 [ 12  92  39  44   9   2   6   0 265]]
---------------------
KNN ==  13 :

0.669230769231
[[248  11   8   0  61  32   4   0   3]
 [ 18 243   8  79   8   3   1   0  62]
 [ 13  12 174   1  16   7  29   2  33]
 [ 27  44   1 527   6   0   0   0  31]
 [ 79   3  14   7 217  71   6   0   3]
 [ 32   0   1   0  34 226   0   0   0]
 [ 22  12  62   4  16   0 154  46  12]
 [  1   1  11   0   8   3  24 390   0]
 [ 14 103  34  42  10   2   7   0 257]]

******************************************************
SVM:

0.876648351648

******************************************************
Perceptron:

0.206868131868
[[  0   0   0   0 164   0   0   0 203]
 [  0   0   0   0  40   0   0   0 382]
 [  0   0   0   0  10   0   6   0 271]
 [  0   0   0  50  36   0   3   0 547]
 [  0   0   0   0 237   0   0   0 163]
 [  0   0   0   0 209   0   0   0  84]
 [  0   0   0   0  19   0  13   0 296]
 [  0   0   0   0  60   0   5   0 373]
 [  0   0   0   0  16   0   0   0 453]]

******************************************************
LDA:

0.805769230769
[[298   6   7   0  29  24   2   0   1]
 [ 14 324   4  20   6   0   0   0  54]
 [  3   3 229   0   0   1  43   0   8]
 [ 15  36   2 560   0   0   2   0  21]
 [ 48   2  10   1 291  46   1   0   1]
 [ 19   0   0   0  16 258   0   0   0]
 [  1  11  57   1   6   0 231  19   2]
 [  0   0   8   0   0   0  47 383   0]
 [  7  52  23  18   0   0  10   0 359]]

******************************************************
Logistic Regression - ovr:

0.286813186813
[[  0   0   0  48 263   0   0  56   0]
 [  0   0   0 287 101   0   0  34   0]
 [  0   0   0 190  35   0   0  62   0]
 [  0   0   0 559  75   0   0   2   0]
 [  0   0   0  51 311   0   0  38   0]
 [  0   0   0   0 291   0   0   2   0]
 [  0   0   0 245  39   0   0  44   0]
 [  0   0   0 181  83   0   0 174   0]
 [  0   0   0 374  59   0   0  36   0]]

******************************************************
Logistic Regression - mul:

0.294505494505
[[  0   0   0  31 257   0   0  79   0]
 [  0  18   0 264  87   0   0  53   0]
 [  0   0   0 174  34   0   0  73   6]
 [  0  11   0 546  70   0   0   9   0]
 [  0   0   0  45 306   0   0  49   0]
 [  0   0   0   0 290   0   0   3   0]
 [  0   0   0 224  37   0   0  67   0]
 [  0   0   0 156  82   0   0 200   0]
 [  0   9   0 351  53   0   0  54   2]]
######################################################
(5460, 74) (3640, 74)

******************************************************
Decision Tree:

0.652747252747
[[199  15  12  10  42  17   9   0   6]
 [ 18 224  16  59  12   1   4   0  63]
 [ 15  16 141   6  11   0  60  12  48]
 [ 14  60   8 487   5   0  14   0  53]
 [ 63   8   8   4 259  32   9   4   7]
 [ 31   1   1   0  52 241   1   0   2]
 [ 18   6  49  12  13   0 174  44  16]
 [  0   1   9   0   3   0  44 378   1]
 [  9  91  43  58   3   2  13   0 273]]

******************************************************
Gaussian Naive Bayes:

0.492032967033
[[187  31  19   3  14  93  18   0   2]
 [  9 200  11  40  14  53   1   0  94]
 [  9  56 111  26   7  26  16   0  36]
 [ 40 115   7 361  11  15   2   0  85]
 [ 81  26  17  11 101 147  16   0   1]
 [ 38   1   0   0  22 232   0   0   0]
 [ 25  25  52  28   9  16 130  33  10]
 [  8   1  23   0  55  16  74 259   2]
 [  9 134  29  50   8  28   1   0 210]]

******************************************************
KNN:
---------------------
KNN ==  5 :

0.686263736264
[[250  14  12   1  59  25   2   0   4]
 [ 20 252   7  77   7   2   1   0  56]
 [ 18  18 187   2  11   2  28   1  20]
 [ 26  51   0 534   3   0   1   0  21]
 [ 71  10  16   5 230  62   2   0   4]
 [ 24   0   4   0  38 227   0   0   0]
 [ 22   7  65   2  15   0 168  37  12]
 [  1   1  11   0   3   2  29 391   0]
 [ 13  91  41  46   8   1  10   0 259]]
---------------------
KNN ==  9 :

0.673901098901
[[252  14  10   1  58  27   1   1   3]
 [ 16 249   6  77   9   2   0   0  63]
 [ 17  14 171   0  17   4  31   3  30]
 [ 26  43   1 535   4   0   0   0  27]
 [ 81   4  13   5 212  74   6   0   5]
 [ 29   0   1   0  38 225   0   0   0]
 [ 21  11  62   3  16   0 165  41   9]
 [  1   0  13   0   6   2  32 384   0]
 [ 13  95  35  47   9   2   7   1 260]]
---------------------
KNN ==  11 :

0.673626373626
[[246  10   9   2  61  31   2   1   5]
 [ 17 248   6  77  10   2   1   0  61]
 [ 15  10 176   2  17   5  28   1  33]
 [ 24  44   1 534   5   0   0   0  28]
 [ 83   4  11   6 212  75   5   0   4]
 [ 31   0   1   0  32 229   0   0   0]
 [ 22  11  65   4  17   0 151  46  12]
 [  1   1   9   0   7   2  27 391   0]
 [ 12  92  39  44   9   2   6   0 265]]
---------------------
KNN ==  13 :

0.669230769231
[[248  11   8   0  61  32   4   0   3]
 [ 18 243   8  79   8   3   1   0  62]
 [ 13  12 174   1  16   7  29   2  33]
 [ 27  44   1 527   6   0   0   0  31]
 [ 79   3  14   7 217  71   6   0   3]
 [ 32   0   1   0  34 226   0   0   0]
 [ 22  12  62   4  16   0 154  46  12]
 [  1   1  11   0   8   3  24 390   0]
 [ 14 103  34  42  10   2   7   0 257]]

******************************************************
SVM:

0.876648351648

******************************************************
Perceptron:

0.206868131868
[[  0   0   0   0 164   0   0   0 203]
 [  0   0   0   0  40   0   0   0 382]
 [  0   0   0   0  10   0   6   0 271]
 [  0   0   0  50  36   0   3   0 547]
 [  0   0   0   0 237   0   0   0 163]
 [  0   0   0   0 209   0   0   0  84]
 [  0   0   0   0  19   0  13   0 296]
 [  0   0   0   0  60   0   5   0 373]
 [  0   0   0   0  16   0   0   0 453]]

******************************************************
LDA:

0.805769230769
[[298   6   7   0  29  24   2   0   1]
 [ 14 324   4  20   6   0   0   0  54]
 [  3   3 229   0   0   1  43   0   8]
 [ 15  36   2 560   0   0   2   0  21]
 [ 48   2  10   1 291  46   1   0   1]
 [ 19   0   0   0  16 258   0   0   0]
 [  1  11  57   1   6   0 231  19   2]
 [  0   0   8   0   0   0  47 383   0]
 [  7  52  23  18   0   0  10   0 359]]

******************************************************
Logistic Regression - ovr:

0.286813186813
[[  0   0   0  48 263   0   0  56   0]
 [  0   0   0 287 101   0   0  34   0]
 [  0   0   0 190  35   0   0  62   0]
 [  0   0   0 559  75   0   0   2   0]
 [  0   0   0  51 311   0   0  38   0]
 [  0   0   0   0 291   0   0   2   0]
 [  0   0   0 245  39   0   0  44   0]
 [  0   0   0 181  83   0   0 174   0]
 [  0   0   0 374  59   0   0  36   0]]

******************************************************
Logistic Regression - mul:

0.294505494505
[[  0   0   0  31 257   0   0  79   0]
 [  0  18   0 264  87   0   0  53   0]
 [  0   0   0 174  34   0   0  73   6]
 [  0  11   0 546  70   0   0   9   0]
 [  0   0   0  45 306   0   0  49   0]
 [  0   0   0   0 290   0   0   3   0]
 [  0   0   0 224  37   0   0  67   0]
 [  0   0   0 156  82   0   0 200   0]
 [  0   9   0 351  53   0   0  54   2]]
######################################################
(5460, 74) (3640, 74)

******************************************************
Decision Tree:

0.653846153846
[[197  15  15  13  42  17   8   0  10]
 [ 20 222  15  54  12   2   6   0  65]
 [ 14  14 135  10   8   0  56   6  35]
 [ 10  61   7 484   4   0  12   0  52]
 [ 64  11   9   3 260  36  10   5   7]
 [ 32   3   1   0  48 237   1   1   3]
 [ 19   7  56  14  21   0 182  44  14]
 [  1   1   8   0   3   0  46 382   2]
 [ 10  88  41  58   2   1   7   0 281]]

******************************************************
Gaussian Naive Bayes:

0.492032967033
[[187  31  19   3  14  93  18   0   2]
 [  9 200  11  40  14  53   1   0  94]
 [  9  56 111  26   7  26  16   0  36]
 [ 40 115   7 361  11  15   2   0  85]
 [ 81  26  17  11 101 147  16   0   1]
 [ 38   1   0   0  22 232   0   0   0]
 [ 25  25  52  28   9  16 130  33  10]
 [  8   1  23   0  55  16  74 259   2]
 [  9 134  29  50   8  28   1   0 210]]

******************************************************
KNN:
---------------------
KNN ==  5 :

0.686263736264
[[250  14  12   1  59  25   2   0   4]
 [ 20 252   7  77   7   2   1   0  56]
 [ 18  18 187   2  11   2  28   1  20]
 [ 26  51   0 534   3   0   1   0  21]
 [ 71  10  16   5 230  62   2   0   4]
 [ 24   0   4   0  38 227   0   0   0]
 [ 22   7  65   2  15   0 168  37  12]
 [  1   1  11   0   3   2  29 391   0]
 [ 13  91  41  46   8   1  10   0 259]]
---------------------
KNN ==  9 :

0.673901098901
[[252  14  10   1  58  27   1   1   3]
 [ 16 249   6  77   9   2   0   0  63]
 [ 17  14 171   0  17   4  31   3  30]
 [ 26  43   1 535   4   0   0   0  27]
 [ 81   4  13   5 212  74   6   0   5]
 [ 29   0   1   0  38 225   0   0   0]
 [ 21  11  62   3  16   0 165  41   9]
 [  1   0  13   0   6   2  32 384   0]
 [ 13  95  35  47   9   2   7   1 260]]
---------------------
KNN ==  11 :

0.673626373626
[[246  10   9   2  61  31   2   1   5]
 [ 17 248   6  77  10   2   1   0  61]
 [ 15  10 176   2  17   5  28   1  33]
 [ 24  44   1 534   5   0   0   0  28]
 [ 83   4  11   6 212  75   5   0   4]
 [ 31   0   1   0  32 229   0   0   0]
 [ 22  11  65   4  17   0 151  46  12]
 [  1   1   9   0   7   2  27 391   0]
 [ 12  92  39  44   9   2   6   0 265]]
---------------------
KNN ==  13 :

0.669230769231
[[248  11   8   0  61  32   4   0   3]
 [ 18 243   8  79   8   3   1   0  62]
 [ 13  12 174   1  16   7  29   2  33]
 [ 27  44   1 527   6   0   0   0  31]
 [ 79   3  14   7 217  71   6   0   3]
 [ 32   0   1   0  34 226   0   0   0]
 [ 22  12  62   4  16   0 154  46  12]
 [  1   1  11   0   8   3  24 390   0]
 [ 14 103  34  42  10   2   7   0 257]]

******************************************************
SVM:

0.876648351648

******************************************************
Perceptron:

0.206868131868
[[  0   0   0   0 164   0   0   0 203]
 [  0   0   0   0  40   0   0   0 382]
 [  0   0   0   0  10   0   6   0 271]
 [  0   0   0  50  36   0   3   0 547]
 [  0   0   0   0 237   0   0   0 163]
 [  0   0   0   0 209   0   0   0  84]
 [  0   0   0   0  19   0  13   0 296]
 [  0   0   0   0  60   0   5   0 373]
 [  0   0   0   0  16   0   0   0 453]]

******************************************************
LDA:

0.805769230769
[[298   6   7   0  29  24   2   0   1]
 [ 14 324   4  20   6   0   0   0  54]
 [  3   3 229   0   0   1  43   0   8]
 [ 15  36   2 560   0   0   2   0  21]
 [ 48   2  10   1 291  46   1   0   1]
 [ 19   0   0   0  16 258   0   0   0]
 [  1  11  57   1   6   0 231  19   2]
 [  0   0   8   0   0   0  47 383   0]
 [  7  52  23  18   0   0  10   0 359]]

******************************************************
Logistic Regression - ovr:

0.286813186813
[[  0   0   0  48 263   0   0  56   0]
 [  0   0   0 287 101   0   0  34   0]
 [  0   0   0 190  35   0   0  62   0]
 [  0   0   0 559  75   0   0   2   0]
 [  0   0   0  51 311   0   0  38   0]
 [  0   0   0   0 291   0   0   2   0]
 [  0   0   0 245  39   0   0  44   0]
 [  0   0   0 181  83   0   0 174   0]
 [  0   0   0 374  59   0   0  36   0]]

******************************************************
Logistic Regression - mul:

0.294505494505
[[  0   0   0  31 257   0   0  79   0]
 [  0  18   0 264  87   0   0  53   0]
 [  0   0   0 174  34   0   0  73   6]
 [  0  11   0 546  70   0   0   9   0]
 [  0   0   0  45 306   0   0  49   0]
 [  0   0   0   0 290   0   0   3   0]
 [  0   0   0 224  37   0   0  67   0]
 [  0   0   0 156  82   0   0 200   0]
 [  0   9   0 351  53   0   0  54   2]]
######################################################
(5460, 74) (3640, 74)

******************************************************
Decision Tree:

0.649175824176
[[191  14   9  15  50  20   6   0   9]
 [ 21 223  13  60  12   2  11   0  64]
 [ 12  18 139   8   9   0  54  10  42]
 [ 18  62   6 474   7   0   9   0  51]
 [ 68  11   7   4 254  33   9   5   6]
 [ 34   1   2   0  51 237   1   0   2]
 [ 11   8  57  10  12   0 177  34  15]
 [  1   1  13   0   3   0  48 389   1]
 [ 11  84  41  65   2   1  13   0 279]]

******************************************************
Gaussian Naive Bayes:

0.492032967033
[[187  31  19   3  14  93  18   0   2]
 [  9 200  11  40  14  53   1   0  94]
 [  9  56 111  26   7  26  16   0  36]
 [ 40 115   7 361  11  15   2   0  85]
 [ 81  26  17  11 101 147  16   0   1]
 [ 38   1   0   0  22 232   0   0   0]
 [ 25  25  52  28   9  16 130  33  10]
 [  8   1  23   0  55  16  74 259   2]
 [  9 134  29  50   8  28   1   0 210]]

******************************************************
KNN:
---------------------
KNN ==  5 :

0.686263736264
[[250  14  12   1  59  25   2   0   4]
 [ 20 252   7  77   7   2   1   0  56]
 [ 18  18 187   2  11   2  28   1  20]
 [ 26  51   0 534   3   0   1   0  21]
 [ 71  10  16   5 230  62   2   0   4]
 [ 24   0   4   0  38 227   0   0   0]
 [ 22   7  65   2  15   0 168  37  12]
 [  1   1  11   0   3   2  29 391   0]
 [ 13  91  41  46   8   1  10   0 259]]
---------------------
KNN ==  9 :

0.673901098901
[[252  14  10   1  58  27   1   1   3]
 [ 16 249   6  77   9   2   0   0  63]
 [ 17  14 171   0  17   4  31   3  30]
 [ 26  43   1 535   4   0   0   0  27]
 [ 81   4  13   5 212  74   6   0   5]
 [ 29   0   1   0  38 225   0   0   0]
 [ 21  11  62   3  16   0 165  41   9]
 [  1   0  13   0   6   2  32 384   0]
 [ 13  95  35  47   9   2   7   1 260]]
---------------------
KNN ==  11 :

0.673626373626
[[246  10   9   2  61  31   2   1   5]
 [ 17 248   6  77  10   2   1   0  61]
 [ 15  10 176   2  17   5  28   1  33]
 [ 24  44   1 534   5   0   0   0  28]
 [ 83   4  11   6 212  75   5   0   4]
 [ 31   0   1   0  32 229   0   0   0]
 [ 22  11  65   4  17   0 151  46  12]
 [  1   1   9   0   7   2  27 391   0]
 [ 12  92  39  44   9   2   6   0 265]]
---------------------
KNN ==  13 :

0.669230769231
[[248  11   8   0  61  32   4   0   3]
 [ 18 243   8  79   8   3   1   0  62]
 [ 13  12 174   1  16   7  29   2  33]
 [ 27  44   1 527   6   0   0   0  31]
 [ 79   3  14   7 217  71   6   0   3]
 [ 32   0   1   0  34 226   0   0   0]
 [ 22  12  62   4  16   0 154  46  12]
 [  1   1  11   0   8   3  24 390   0]
 [ 14 103  34  42  10   2   7   0 257]]

******************************************************
SVM:

0.876648351648

******************************************************
Perceptron:

0.206868131868
[[  0   0   0   0 164   0   0   0 203]
 [  0   0   0   0  40   0   0   0 382]
 [  0   0   0   0  10   0   6   0 271]
 [  0   0   0  50  36   0   3   0 547]
 [  0   0   0   0 237   0   0   0 163]
 [  0   0   0   0 209   0   0   0  84]
 [  0   0   0   0  19   0  13   0 296]
 [  0   0   0   0  60   0   5   0 373]
 [  0   0   0   0  16   0   0   0 453]]

******************************************************
LDA:

0.805769230769
[[298   6   7   0  29  24   2   0   1]
 [ 14 324   4  20   6   0   0   0  54]
 [  3   3 229   0   0   1  43   0   8]
 [ 15  36   2 560   0   0   2   0  21]
 [ 48   2  10   1 291  46   1   0   1]
 [ 19   0   0   0  16 258   0   0   0]
 [  1  11  57   1   6   0 231  19   2]
 [  0   0   8   0   0   0  47 383   0]
 [  7  52  23  18   0   0  10   0 359]]

******************************************************
Logistic Regression - ovr:

0.286813186813
[[  0   0   0  48 263   0   0  56   0]
 [  0   0   0 287 101   0   0  34   0]
 [  0   0   0 190  35   0   0  62   0]
 [  0   0   0 559  75   0   0   2   0]
 [  0   0   0  51 311   0   0  38   0]
 [  0   0   0   0 291   0   0   2   0]
 [  0   0   0 245  39   0   0  44   0]
 [  0   0   0 181  83   0   0 174   0]
 [  0   0   0 374  59   0   0  36   0]]

******************************************************
Logistic Regression - mul:

0.294505494505
[[  0   0   0  31 257   0   0  79   0]
 [  0  18   0 264  87   0   0  53   0]
 [  0   0   0 174  34   0   0  73   6]
 [  0  11   0 546  70   0   0   9   0]
 [  0   0   0  45 306   0   0  49   0]
 [  0   0   0   0 290   0   0   3   0]
 [  0   0   0 224  37   0   0  67   0]
 [  0   0   0 156  82   0   0 200   0]
 [  0   9   0 351  53   0   0  54   2]]
######################################################
(5460, 74) (3640, 74)

******************************************************
Decision Tree:

0.666758241758
[[198  11  10  14  45  17   8   0  10]
 [ 16 236  10  55  10   2  10   0  62]
 [ 13  12 150  11   8   1  48   8  41]
 [ 16  55  11 483   6   0   8   0  52]
 [ 62   8   5   4 262  28  10   4   8]
 [ 38   4   2   0  47 244   1   0   3]
 [ 12  10  45  14  14   0 184  35  13]
 [  1   1  12   0   6   0  46 391   1]
 [ 11  85  42  55   2   1  13   0 279]]

******************************************************
Gaussian Naive Bayes:

0.492032967033
[[187  31  19   3  14  93  18   0   2]
 [  9 200  11  40  14  53   1   0  94]
 [  9  56 111  26   7  26  16   0  36]
 [ 40 115   7 361  11  15   2   0  85]
 [ 81  26  17  11 101 147  16   0   1]
 [ 38   1   0   0  22 232   0   0   0]
 [ 25  25  52  28   9  16 130  33  10]
 [  8   1  23   0  55  16  74 259   2]
 [  9 134  29  50   8  28   1   0 210]]

******************************************************
KNN:
---------------------
KNN ==  5 :

0.686263736264
[[250  14  12   1  59  25   2   0   4]
 [ 20 252   7  77   7   2   1   0  56]
 [ 18  18 187   2  11   2  28   1  20]
 [ 26  51   0 534   3   0   1   0  21]
 [ 71  10  16   5 230  62   2   0   4]
 [ 24   0   4   0  38 227   0   0   0]
 [ 22   7  65   2  15   0 168  37  12]
 [  1   1  11   0   3   2  29 391   0]
 [ 13  91  41  46   8   1  10   0 259]]
---------------------
KNN ==  9 :

0.673901098901
[[252  14  10   1  58  27   1   1   3]
 [ 16 249   6  77   9   2   0   0  63]
 [ 17  14 171   0  17   4  31   3  30]
 [ 26  43   1 535   4   0   0   0  27]
 [ 81   4  13   5 212  74   6   0   5]
 [ 29   0   1   0  38 225   0   0   0]
 [ 21  11  62   3  16   0 165  41   9]
 [  1   0  13   0   6   2  32 384   0]
 [ 13  95  35  47   9   2   7   1 260]]
---------------------
KNN ==  11 :

0.673626373626
[[246  10   9   2  61  31   2   1   5]
 [ 17 248   6  77  10   2   1   0  61]
 [ 15  10 176   2  17   5  28   1  33]
 [ 24  44   1 534   5   0   0   0  28]
 [ 83   4  11   6 212  75   5   0   4]
 [ 31   0   1   0  32 229   0   0   0]
 [ 22  11  65   4  17   0 151  46  12]
 [  1   1   9   0   7   2  27 391   0]
 [ 12  92  39  44   9   2   6   0 265]]
---------------------
KNN ==  13 :

0.669230769231
[[248  11   8   0  61  32   4   0   3]
 [ 18 243   8  79   8   3   1   0  62]
 [ 13  12 174   1  16   7  29   2  33]
 [ 27  44   1 527   6   0   0   0  31]
 [ 79   3  14   7 217  71   6   0   3]
 [ 32   0   1   0  34 226   0   0   0]
 [ 22  12  62   4  16   0 154  46  12]
 [  1   1  11   0   8   3  24 390   0]
 [ 14 103  34  42  10   2   7   0 257]]

******************************************************
SVM:

0.876648351648

******************************************************
Perceptron:

0.206868131868
[[  0   0   0   0 164   0   0   0 203]
 [  0   0   0   0  40   0   0   0 382]
 [  0   0   0   0  10   0   6   0 271]
 [  0   0   0  50  36   0   3   0 547]
 [  0   0   0   0 237   0   0   0 163]
 [  0   0   0   0 209   0   0   0  84]
 [  0   0   0   0  19   0  13   0 296]
 [  0   0   0   0  60   0   5   0 373]
 [  0   0   0   0  16   0   0   0 453]]

******************************************************
LDA:

0.805769230769
[[298   6   7   0  29  24   2   0   1]
 [ 14 324   4  20   6   0   0   0  54]
 [  3   3 229   0   0   1  43   0   8]
 [ 15  36   2 560   0   0   2   0  21]
 [ 48   2  10   1 291  46   1   0   1]
 [ 19   0   0   0  16 258   0   0   0]
 [  1  11  57   1   6   0 231  19   2]
 [  0   0   8   0   0   0  47 383   0]
 [  7  52  23  18   0   0  10   0 359]]

******************************************************
Logistic Regression - ovr:

0.286813186813
[[  0   0   0  48 263   0   0  56   0]
 [  0   0   0 287 101   0   0  34   0]
 [  0   0   0 190  35   0   0  62   0]
 [  0   0   0 559  75   0   0   2   0]
 [  0   0   0  51 311   0   0  38   0]
 [  0   0   0   0 291   0   0   2   0]
 [  0   0   0 245  39   0   0  44   0]
 [  0   0   0 181  83   0   0 174   0]
 [  0   0   0 374  59   0   0  36   0]]

******************************************************
Logistic Regression - mul:

0.294505494505
[[  0   0   0  31 257   0   0  79   0]
 [  0  18   0 264  87   0   0  53   0]
 [  0   0   0 174  34   0   0  73   6]
 [  0  11   0 546  70   0   0   9   0]
 [  0   0   0  45 306   0   0  49   0]
 [  0   0   0   0 290   0   0   3   0]
 [  0   0   0 224  37   0   0  67   0]
 [  0   0   0 156  82   0   0 200   0]
 [  0   9   0 351  53   0   0  54   2]]
######################################################
(5460, 74) (3640, 74)

******************************************************
Decision Tree:

0.655494505495
[[203  16  10  15  44  19  13   1   9]
 [ 11 218  17  63  10   0  11   0  54]
 [ 14  14 144  11  12   0  52   8  45]
 [ 16  70   5 475   4   0   6   0  53]
 [ 55  12   9   5 259  34   8   5   7]
 [ 33   3   3   1  54 238   1   0   2]
 [ 21   5  55  10  13   1 183  43  13]
 [  1   1  10   0   1   0  45 381   1]
 [ 13  83  34  56   3   1   9   0 285]]

******************************************************
Gaussian Naive Bayes:

0.492032967033
[[187  31  19   3  14  93  18   0   2]
 [  9 200  11  40  14  53   1   0  94]
 [  9  56 111  26   7  26  16   0  36]
 [ 40 115   7 361  11  15   2   0  85]
 [ 81  26  17  11 101 147  16   0   1]
 [ 38   1   0   0  22 232   0   0   0]
 [ 25  25  52  28   9  16 130  33  10]
 [  8   1  23   0  55  16  74 259   2]
 [  9 134  29  50   8  28   1   0 210]]

******************************************************
KNN:
---------------------
KNN ==  5 :

0.686263736264
[[250  14  12   1  59  25   2   0   4]
 [ 20 252   7  77   7   2   1   0  56]
 [ 18  18 187   2  11   2  28   1  20]
 [ 26  51   0 534   3   0   1   0  21]
 [ 71  10  16   5 230  62   2   0   4]
 [ 24   0   4   0  38 227   0   0   0]
 [ 22   7  65   2  15   0 168  37  12]
 [  1   1  11   0   3   2  29 391   0]
 [ 13  91  41  46   8   1  10   0 259]]
---------------------
KNN ==  9 :

0.673901098901
[[252  14  10   1  58  27   1   1   3]
 [ 16 249   6  77   9   2   0   0  63]
 [ 17  14 171   0  17   4  31   3  30]
 [ 26  43   1 535   4   0   0   0  27]
 [ 81   4  13   5 212  74   6   0   5]
 [ 29   0   1   0  38 225   0   0   0]
 [ 21  11  62   3  16   0 165  41   9]
 [  1   0  13   0   6   2  32 384   0]
 [ 13  95  35  47   9   2   7   1 260]]
---------------------
KNN ==  11 :

0.673626373626
[[246  10   9   2  61  31   2   1   5]
 [ 17 248   6  77  10   2   1   0  61]
 [ 15  10 176   2  17   5  28   1  33]
 [ 24  44   1 534   5   0   0   0  28]
 [ 83   4  11   6 212  75   5   0   4]
 [ 31   0   1   0  32 229   0   0   0]
 [ 22  11  65   4  17   0 151  46  12]
 [  1   1   9   0   7   2  27 391   0]
 [ 12  92  39  44   9   2   6   0 265]]
---------------------
KNN ==  13 :

0.669230769231
[[248  11   8   0  61  32   4   0   3]
 [ 18 243   8  79   8   3   1   0  62]
 [ 13  12 174   1  16   7  29   2  33]
 [ 27  44   1 527   6   0   0   0  31]
 [ 79   3  14   7 217  71   6   0   3]
 [ 32   0   1   0  34 226   0   0   0]
 [ 22  12  62   4  16   0 154  46  12]
 [  1   1  11   0   8   3  24 390   0]
 [ 14 103  34  42  10   2   7   0 257]]

******************************************************
SVM:

0.876648351648

******************************************************
Perceptron:

0.206868131868
[[  0   0   0   0 164   0   0   0 203]
 [  0   0   0   0  40   0   0   0 382]
 [  0   0   0   0  10   0   6   0 271]
 [  0   0   0  50  36   0   3   0 547]
 [  0   0   0   0 237   0   0   0 163]
 [  0   0   0   0 209   0   0   0  84]
 [  0   0   0   0  19   0  13   0 296]
 [  0   0   0   0  60   0   5   0 373]
 [  0   0   0   0  16   0   0   0 453]]

******************************************************
LDA:

0.805769230769
[[298   6   7   0  29  24   2   0   1]
 [ 14 324   4  20   6   0   0   0  54]
 [  3   3 229   0   0   1  43   0   8]
 [ 15  36   2 560   0   0   2   0  21]
 [ 48   2  10   1 291  46   1   0   1]
 [ 19   0   0   0  16 258   0   0   0]
 [  1  11  57   1   6   0 231  19   2]
 [  0   0   8   0   0   0  47 383   0]
 [  7  52  23  18   0   0  10   0 359]]

******************************************************
Logistic Regression - ovr:

0.286813186813
[[  0   0   0  48 263   0   0  56   0]
 [  0   0   0 287 101   0   0  34   0]
 [  0   0   0 190  35   0   0  62   0]
 [  0   0   0 559  75   0   0   2   0]
 [  0   0   0  51 311   0   0  38   0]
 [  0   0   0   0 291   0   0   2   0]
 [  0   0   0 245  39   0   0  44   0]
 [  0   0   0 181  83   0   0 174   0]
 [  0   0   0 374  59   0   0  36   0]]

******************************************************
Logistic Regression - mul:

0.294505494505
[[  0   0   0  31 257   0   0  79   0]
 [  0  18   0 264  87   0   0  53   0]
 [  0   0   0 174  34   0   0  73   6]
 [  0  11   0 546  70   0   0   9   0]
 [  0   0   0  45 306   0   0  49   0]
 [  0   0   0   0 290   0   0   3   0]
 [  0   0   0 224  37   0   0  67   0]
 [  0   0   0 156  82   0   0 200   0]
 [  0   9   0 351  53   0   0  54   2]]
######################################################
######################################################
DT: 
0.654862637363
gnb: 
0.492032967033
knn: 
0.675755494505
9  =  0.673901098901
11  =  0.673626373626
5  =  0.686263736264
13  =  0.669230769231
svm: 
0.876648351648
per: 
0.206868131868
lda: 
0.805769230769
lr_ovr: 
0.286813186813
lr_mul: 
0.294505494505
