Starting read from Train file...
(9100, 121)
train.shape = (9100, 120)
train_labels.shape = (9100, 1)
(5460, 120) (3640, 120)

******************************************************
Decision Tree:

0.734615384615
[[233   8   5   2  57  26   4   6  11]
 [  8 306  46   1   4   0  15  11  22]
 [  8  53 146  15   9   0  57  12  68]
 [  0   1   8 577   1   0  21   1  26]
 [ 74  11   4   2 293  19   3   0   8]
 [ 32   0   0   0  26 248   0   0   1]
 [  0  11  27  16   4   0 197  21  20]
 [  3  18   5   1   1   0  14 370   9]
 [  9  14  46  22   5   0  17  17 304]]

******************************************************
Gaussian Naive Bayes:

0.532692307692
[[122  19   6   0 172  47   0   1   0]
 [  1 251  44   3  42   0   7  72   2]
 [  1  82  57  25  15   0  48  59   0]
 [  0   0   8 504  27   0  88   9   0]
 [ 82  37   3   1 253  24   0   0   0]
 [ 19   0   0   0  37 237   0   0   0]
 [  0  20  48  50  13   0 135  61   1]
 [  0  53   8   3   2   0  18 352   2]
 [ 12  56  61  93  16   0 113  90  28]]

******************************************************
KNN:
---------------------
KNN ==  5 :

0.833241758242
[[301   7   6   1  31  17   0   1   3]
 [  6 368  29   0   2   0   6   5   6]
 [  1  30 212   1   1   0  13   3  26]
 [  1   0   6 607   0   0   7   0  15]
 [ 60   2   9   4 289  33   0   0   3]
 [ 19   0   0   0  14 260   0   0   0]
 [  4  14  58  20   0   0 212   5  15]
 [  3   6   6   2   0   0  11 407   3]
 [ 10   4  48  13   3   0   2  12 377]]
---------------------
KNN ==  9 :

0.815934065934
[[296   7   9   1  32  18   0   0   4]
 [  8 355  34   0   2   1   8   9   5]
 [  1  35 196   1   1   0  14   2  37]
 [  2   0   5 606   0   0   4   0  19]
 [ 62   2   6   8 277  41   0   0   4]
 [ 22   0   0   0  12 259   0   0   0]
 [  6  15  57  22   0   0 203   5  20]
 [  3   2   5   2   0   0  12 411   3]
 [ 17   2  52  14   1   0   2  14 367]]
---------------------
KNN ==  11 :

0.812637362637
[[290   6  11   1  34  19   0   1   5]
 [  5 357  34   0   2   1   6  10   7]
 [  3  41 188   0   1   0  13   2  39]
 [  1   0   7 602   0   0   5   0  21]
 [ 62   2   6   9 282  35   0   0   4]
 [ 20   0   0   0  16 257   0   0   0]
 [  3  13  54  22   1   0 203   4  28]
 [  4   2   5   2   0   0  13 409   3]
 [ 18   1  48  17   1   0   0  14 370]]
---------------------
KNN ==  13 :

0.811263736264
[[287   9   8   1  38  19   0   1   4]
 [  6 358  34   0   3   1   5   9   6]
 [  4  39 190   0   1   0  13   2  38]
 [  1   0   6 601   0   0   5   0  23]
 [ 54   2   5   9 288  38   0   0   4]
 [ 23   0   0   0  12 258   0   0   0]
 [  3  13  48  24   1   0 204   5  30]
 [  4   1   7   2   0   0  13 407   4]
 [ 18   1  51  19   2   0   2  16 360]]

******************************************************
SVM:

0.913736263736

******************************************************
Perceptron:

0.513736263736
[[ 34  31   0  18 284   0   0   0   0]
 [  0 294   0  21  90   0   0   1  16]
 [  0  53  16  92  73   0   0   0  53]
 [  0   0   0 634   0   0   0   0   2]
 [  1   0   0  22 371   1   0   0   5]
 [  6   1   0   0 230  56   0   0   0]
 [  0  30   7 249  12   0   4   1  25]
 [  0  57   2   8   4   0   2 292  73]
 [  0   0   1 229  70   0   0   0 169]]

******************************************************
LDA:

0.909340659341
[[329   0   4   1  16  15   0   0   2]
 [  5 382  23   1   0   0   2   5   4]
 [  1   3 254   2   0   0   6   0  21]
 [  0   0   6 615   0   0   6   0   9]
 [ 35   0   2   0 354   6   0   0   3]
 [  8   0   0   0   5 280   0   0   0]
 [  0  14  40  11   0   0 261   0   2]
 [  0   1   4   2   0   0  21 410   0]
 [  6   0  23  10   2   0   2   1 425]]

******************************************************
Logistic Regression - ovr:

0.787362637363
[[263  23   4   4  45  22   1   2   3]
 [  6 378   0   2   1   1   1  22  11]
 [  9  79  77  16   0   0  22   3  81]
 [  1   0   0 620   0   0   3   0  12]
 [ 55   0   1   5 298  19   0   0  22]
 [ 27   0   0   0  21 245   0   0   0]
 [  6  26  20  47   0   0 194  12  23]
 [  1   4   0   3   0   0  14 410   6]
 [ 14   5   4  37   8   0   0  20 381]]

******************************************************
Logistic Regression - mul:

0.798901098901
[[248  23   3   3  65  23   0   0   2]
 [  6 370  11   1   3   1   2  11  17]
 [  6  62 104  10   1   0  35   4  65]
 [  1   0   0 605   5   0   8   0  17]
 [ 44   0   1   5 322  17   0   0  11]
 [ 20   0   0   0  19 254   0   0   0]
 [  4  19  23  32   1   0 220   7  22]
 [  0   9   1   2   0   0  18 404   4]
 [ 15   2  10  28  13   0   1  19 381]]
######################################################
(5460, 120) (3640, 120)

******************************************************
Decision Tree:

0.73489010989
[[236  11   5   2  49  23   5   7  11]
 [ 11 301  46   0   2   0  17  15  17]
 [ 10  50 150  17   7   0  60  10  68]
 [  1   0   7 577   1   0  19   3  27]
 [ 68   7   2   0 301  21   4   0  11]
 [ 30   0   0   0  27 249   0   0   1]
 [  2  14  28  15   1   0 185  16  16]
 [  2  20   3   0   2   0  16 370  12]
 [  7  19  46  25  10   0  22  17 306]]

******************************************************
Gaussian Naive Bayes:

0.532692307692
[[122  19   6   0 172  47   0   1   0]
 [  1 251  44   3  42   0   7  72   2]
 [  1  82  57  25  15   0  48  59   0]
 [  0   0   8 504  27   0  88   9   0]
 [ 82  37   3   1 253  24   0   0   0]
 [ 19   0   0   0  37 237   0   0   0]
 [  0  20  48  50  13   0 135  61   1]
 [  0  53   8   3   2   0  18 352   2]
 [ 12  56  61  93  16   0 113  90  28]]

******************************************************
KNN:
---------------------
KNN ==  5 :

0.833241758242
[[301   7   6   1  31  17   0   1   3]
 [  6 368  29   0   2   0   6   5   6]
 [  1  30 212   1   1   0  13   3  26]
 [  1   0   6 607   0   0   7   0  15]
 [ 60   2   9   4 289  33   0   0   3]
 [ 19   0   0   0  14 260   0   0   0]
 [  4  14  58  20   0   0 212   5  15]
 [  3   6   6   2   0   0  11 407   3]
 [ 10   4  48  13   3   0   2  12 377]]
---------------------
KNN ==  9 :

0.815934065934
[[296   7   9   1  32  18   0   0   4]
 [  8 355  34   0   2   1   8   9   5]
 [  1  35 196   1   1   0  14   2  37]
 [  2   0   5 606   0   0   4   0  19]
 [ 62   2   6   8 277  41   0   0   4]
 [ 22   0   0   0  12 259   0   0   0]
 [  6  15  57  22   0   0 203   5  20]
 [  3   2   5   2   0   0  12 411   3]
 [ 17   2  52  14   1   0   2  14 367]]
---------------------
KNN ==  11 :

0.812637362637
[[290   6  11   1  34  19   0   1   5]
 [  5 357  34   0   2   1   6  10   7]
 [  3  41 188   0   1   0  13   2  39]
 [  1   0   7 602   0   0   5   0  21]
 [ 62   2   6   9 282  35   0   0   4]
 [ 20   0   0   0  16 257   0   0   0]
 [  3  13  54  22   1   0 203   4  28]
 [  4   2   5   2   0   0  13 409   3]
 [ 18   1  48  17   1   0   0  14 370]]
---------------------
KNN ==  13 :

0.811263736264
[[287   9   8   1  38  19   0   1   4]
 [  6 358  34   0   3   1   5   9   6]
 [  4  39 190   0   1   0  13   2  38]
 [  1   0   6 601   0   0   5   0  23]
 [ 54   2   5   9 288  38   0   0   4]
 [ 23   0   0   0  12 258   0   0   0]
 [  3  13  48  24   1   0 204   5  30]
 [  4   1   7   2   0   0  13 407   4]
 [ 18   1  51  19   2   0   2  16 360]]

******************************************************
SVM:

0.913736263736

******************************************************
Perceptron:

0.513736263736
[[ 34  31   0  18 284   0   0   0   0]
 [  0 294   0  21  90   0   0   1  16]
 [  0  53  16  92  73   0   0   0  53]
 [  0   0   0 634   0   0   0   0   2]
 [  1   0   0  22 371   1   0   0   5]
 [  6   1   0   0 230  56   0   0   0]
 [  0  30   7 249  12   0   4   1  25]
 [  0  57   2   8   4   0   2 292  73]
 [  0   0   1 229  70   0   0   0 169]]

******************************************************
LDA:

0.909340659341
[[329   0   4   1  16  15   0   0   2]
 [  5 382  23   1   0   0   2   5   4]
 [  1   3 254   2   0   0   6   0  21]
 [  0   0   6 615   0   0   6   0   9]
 [ 35   0   2   0 354   6   0   0   3]
 [  8   0   0   0   5 280   0   0   0]
 [  0  14  40  11   0   0 261   0   2]
 [  0   1   4   2   0   0  21 410   0]
 [  6   0  23  10   2   0   2   1 425]]

******************************************************
Logistic Regression - ovr:

0.787362637363
[[263  23   4   4  45  22   1   2   3]
 [  6 378   0   2   1   1   1  22  11]
 [  9  79  77  16   0   0  22   3  81]
 [  1   0   0 620   0   0   3   0  12]
 [ 55   0   1   5 298  19   0   0  22]
 [ 27   0   0   0  21 245   0   0   0]
 [  6  26  20  47   0   0 194  12  23]
 [  1   4   0   3   0   0  14 410   6]
 [ 14   5   4  37   8   0   0  20 381]]

******************************************************
Logistic Regression - mul:

0.798901098901
[[248  23   3   3  65  23   0   0   2]
 [  6 370  11   1   3   1   2  11  17]
 [  6  62 104  10   1   0  35   4  65]
 [  1   0   0 605   5   0   8   0  17]
 [ 44   0   1   5 322  17   0   0  11]
 [ 20   0   0   0  19 254   0   0   0]
 [  4  19  23  32   1   0 220   7  22]
 [  0   9   1   2   0   0  18 404   4]
 [ 15   2  10  28  13   0   1  19 381]]
######################################################
(5460, 120) (3640, 120)

******************************************************
Decision Tree:

0.736263736264
[[239   7   7   1  50  24   3   6  10]
 [ 11 300  42   1   6   0  15  10  20]
 [  7  47 153  10   7   0  65  16  62]
 [  2   0   9 574   0   0  20   1  28]
 [ 70   9   3   2 303  23   3   1  11]
 [ 26   0   0   0  25 246   0   0   1]
 [  2  16  25  20   3   0 188  20  19]
 [  3  24   5   0   1   0  16 370  11]
 [  7  19  43  28   5   0  18  14 307]]

******************************************************
Gaussian Naive Bayes:

0.532692307692
[[122  19   6   0 172  47   0   1   0]
 [  1 251  44   3  42   0   7  72   2]
 [  1  82  57  25  15   0  48  59   0]
 [  0   0   8 504  27   0  88   9   0]
 [ 82  37   3   1 253  24   0   0   0]
 [ 19   0   0   0  37 237   0   0   0]
 [  0  20  48  50  13   0 135  61   1]
 [  0  53   8   3   2   0  18 352   2]
 [ 12  56  61  93  16   0 113  90  28]]

******************************************************
KNN:
---------------------
KNN ==  5 :

0.833241758242
[[301   7   6   1  31  17   0   1   3]
 [  6 368  29   0   2   0   6   5   6]
 [  1  30 212   1   1   0  13   3  26]
 [  1   0   6 607   0   0   7   0  15]
 [ 60   2   9   4 289  33   0   0   3]
 [ 19   0   0   0  14 260   0   0   0]
 [  4  14  58  20   0   0 212   5  15]
 [  3   6   6   2   0   0  11 407   3]
 [ 10   4  48  13   3   0   2  12 377]]
---------------------
KNN ==  9 :

0.815934065934
[[296   7   9   1  32  18   0   0   4]
 [  8 355  34   0   2   1   8   9   5]
 [  1  35 196   1   1   0  14   2  37]
 [  2   0   5 606   0   0   4   0  19]
 [ 62   2   6   8 277  41   0   0   4]
 [ 22   0   0   0  12 259   0   0   0]
 [  6  15  57  22   0   0 203   5  20]
 [  3   2   5   2   0   0  12 411   3]
 [ 17   2  52  14   1   0   2  14 367]]
---------------------
KNN ==  11 :

0.812637362637
[[290   6  11   1  34  19   0   1   5]
 [  5 357  34   0   2   1   6  10   7]
 [  3  41 188   0   1   0  13   2  39]
 [  1   0   7 602   0   0   5   0  21]
 [ 62   2   6   9 282  35   0   0   4]
 [ 20   0   0   0  16 257   0   0   0]
 [  3  13  54  22   1   0 203   4  28]
 [  4   2   5   2   0   0  13 409   3]
 [ 18   1  48  17   1   0   0  14 370]]
---------------------
KNN ==  13 :

0.811263736264
[[287   9   8   1  38  19   0   1   4]
 [  6 358  34   0   3   1   5   9   6]
 [  4  39 190   0   1   0  13   2  38]
 [  1   0   6 601   0   0   5   0  23]
 [ 54   2   5   9 288  38   0   0   4]
 [ 23   0   0   0  12 258   0   0   0]
 [  3  13  48  24   1   0 204   5  30]
 [  4   1   7   2   0   0  13 407   4]
 [ 18   1  51  19   2   0   2  16 360]]

******************************************************
SVM:

0.913736263736

******************************************************
Perceptron:

0.513736263736
[[ 34  31   0  18 284   0   0   0   0]
 [  0 294   0  21  90   0   0   1  16]
 [  0  53  16  92  73   0   0   0  53]
 [  0   0   0 634   0   0   0   0   2]
 [  1   0   0  22 371   1   0   0   5]
 [  6   1   0   0 230  56   0   0   0]
 [  0  30   7 249  12   0   4   1  25]
 [  0  57   2   8   4   0   2 292  73]
 [  0   0   1 229  70   0   0   0 169]]

******************************************************
LDA:

0.909340659341
[[329   0   4   1  16  15   0   0   2]
 [  5 382  23   1   0   0   2   5   4]
 [  1   3 254   2   0   0   6   0  21]
 [  0   0   6 615   0   0   6   0   9]
 [ 35   0   2   0 354   6   0   0   3]
 [  8   0   0   0   5 280   0   0   0]
 [  0  14  40  11   0   0 261   0   2]
 [  0   1   4   2   0   0  21 410   0]
 [  6   0  23  10   2   0   2   1 425]]

******************************************************
Logistic Regression - ovr:

0.787362637363
[[263  23   4   4  45  22   1   2   3]
 [  6 378   0   2   1   1   1  22  11]
 [  9  79  77  16   0   0  22   3  81]
 [  1   0   0 620   0   0   3   0  12]
 [ 55   0   1   5 298  19   0   0  22]
 [ 27   0   0   0  21 245   0   0   0]
 [  6  26  20  47   0   0 194  12  23]
 [  1   4   0   3   0   0  14 410   6]
 [ 14   5   4  37   8   0   0  20 381]]

******************************************************
Logistic Regression - mul:

0.798901098901
[[248  23   3   3  65  23   0   0   2]
 [  6 370  11   1   3   1   2  11  17]
 [  6  62 104  10   1   0  35   4  65]
 [  1   0   0 605   5   0   8   0  17]
 [ 44   0   1   5 322  17   0   0  11]
 [ 20   0   0   0  19 254   0   0   0]
 [  4  19  23  32   1   0 220   7  22]
 [  0   9   1   2   0   0  18 404   4]
 [ 15   2  10  28  13   0   1  19 381]]
######################################################
(5460, 120) (3640, 120)

******************************************************
Decision Tree:

0.727197802198
[[235   6   4   2  58  24   3   7  11]
 [ 11 302  44   2   4   0  13  16  23]
 [  6  55 153  16   7   0  69  14  73]
 [  0   1   7 572   2   0  23   3  21]
 [ 73  11   1   2 293  26   2   0  10]
 [ 28   0   0   0  24 243   0   0   1]
 [  1  16  28  17   2   0 184  17  14]
 [  4  15   5   0   1   0  17 361  12]
 [  9  16  45  25   9   0  17  20 304]]

******************************************************
Gaussian Naive Bayes:

0.532692307692
[[122  19   6   0 172  47   0   1   0]
 [  1 251  44   3  42   0   7  72   2]
 [  1  82  57  25  15   0  48  59   0]
 [  0   0   8 504  27   0  88   9   0]
 [ 82  37   3   1 253  24   0   0   0]
 [ 19   0   0   0  37 237   0   0   0]
 [  0  20  48  50  13   0 135  61   1]
 [  0  53   8   3   2   0  18 352   2]
 [ 12  56  61  93  16   0 113  90  28]]

******************************************************
KNN:
---------------------
KNN ==  5 :

0.833241758242
[[301   7   6   1  31  17   0   1   3]
 [  6 368  29   0   2   0   6   5   6]
 [  1  30 212   1   1   0  13   3  26]
 [  1   0   6 607   0   0   7   0  15]
 [ 60   2   9   4 289  33   0   0   3]
 [ 19   0   0   0  14 260   0   0   0]
 [  4  14  58  20   0   0 212   5  15]
 [  3   6   6   2   0   0  11 407   3]
 [ 10   4  48  13   3   0   2  12 377]]
---------------------
KNN ==  9 :

0.815934065934
[[296   7   9   1  32  18   0   0   4]
 [  8 355  34   0   2   1   8   9   5]
 [  1  35 196   1   1   0  14   2  37]
 [  2   0   5 606   0   0   4   0  19]
 [ 62   2   6   8 277  41   0   0   4]
 [ 22   0   0   0  12 259   0   0   0]
 [  6  15  57  22   0   0 203   5  20]
 [  3   2   5   2   0   0  12 411   3]
 [ 17   2  52  14   1   0   2  14 367]]
---------------------
KNN ==  11 :

0.812637362637
[[290   6  11   1  34  19   0   1   5]
 [  5 357  34   0   2   1   6  10   7]
 [  3  41 188   0   1   0  13   2  39]
 [  1   0   7 602   0   0   5   0  21]
 [ 62   2   6   9 282  35   0   0   4]
 [ 20   0   0   0  16 257   0   0   0]
 [  3  13  54  22   1   0 203   4  28]
 [  4   2   5   2   0   0  13 409   3]
 [ 18   1  48  17   1   0   0  14 370]]
---------------------
KNN ==  13 :

0.811263736264
[[287   9   8   1  38  19   0   1   4]
 [  6 358  34   0   3   1   5   9   6]
 [  4  39 190   0   1   0  13   2  38]
 [  1   0   6 601   0   0   5   0  23]
 [ 54   2   5   9 288  38   0   0   4]
 [ 23   0   0   0  12 258   0   0   0]
 [  3  13  48  24   1   0 204   5  30]
 [  4   1   7   2   0   0  13 407   4]
 [ 18   1  51  19   2   0   2  16 360]]

******************************************************
SVM:

0.913736263736

******************************************************
Perceptron:

0.513736263736
[[ 34  31   0  18 284   0   0   0   0]
 [  0 294   0  21  90   0   0   1  16]
 [  0  53  16  92  73   0   0   0  53]
 [  0   0   0 634   0   0   0   0   2]
 [  1   0   0  22 371   1   0   0   5]
 [  6   1   0   0 230  56   0   0   0]
 [  0  30   7 249  12   0   4   1  25]
 [  0  57   2   8   4   0   2 292  73]
 [  0   0   1 229  70   0   0   0 169]]

******************************************************
LDA:

0.909340659341
[[329   0   4   1  16  15   0   0   2]
 [  5 382  23   1   0   0   2   5   4]
 [  1   3 254   2   0   0   6   0  21]
 [  0   0   6 615   0   0   6   0   9]
 [ 35   0   2   0 354   6   0   0   3]
 [  8   0   0   0   5 280   0   0   0]
 [  0  14  40  11   0   0 261   0   2]
 [  0   1   4   2   0   0  21 410   0]
 [  6   0  23  10   2   0   2   1 425]]

******************************************************
Logistic Regression - ovr:

0.787362637363
[[263  23   4   4  45  22   1   2   3]
 [  6 378   0   2   1   1   1  22  11]
 [  9  79  77  16   0   0  22   3  81]
 [  1   0   0 620   0   0   3   0  12]
 [ 55   0   1   5 298  19   0   0  22]
 [ 27   0   0   0  21 245   0   0   0]
 [  6  26  20  47   0   0 194  12  23]
 [  1   4   0   3   0   0  14 410   6]
 [ 14   5   4  37   8   0   0  20 381]]

******************************************************
Logistic Regression - mul:

0.798901098901
[[248  23   3   3  65  23   0   0   2]
 [  6 370  11   1   3   1   2  11  17]
 [  6  62 104  10   1   0  35   4  65]
 [  1   0   0 605   5   0   8   0  17]
 [ 44   0   1   5 322  17   0   0  11]
 [ 20   0   0   0  19 254   0   0   0]
 [  4  19  23  32   1   0 220   7  22]
 [  0   9   1   2   0   0  18 404   4]
 [ 15   2  10  28  13   0   1  19 381]]
######################################################
(5460, 120) (3640, 120)

******************************************************
Decision Tree:

0.731868131868
[[242   6   6   1  50  25   4   5   9]
 [  8 300  46   0   6   0  11  14  18]
 [  7  52 152  19   3   0  60  11  67]
 [  1   1   6 573   1   0  22   1  26]
 [ 69  12   0   2 297  23   3   1   9]
 [ 27   0   0   0  25 245   0   0   1]
 [  1  16  27  17   2   0 188  27  17]
 [  3  19   5   0   1   0  21 363  18]
 [  9  16  45  24  15   0  19  16 304]]

******************************************************
Gaussian Naive Bayes:

0.532692307692
[[122  19   6   0 172  47   0   1   0]
 [  1 251  44   3  42   0   7  72   2]
 [  1  82  57  25  15   0  48  59   0]
 [  0   0   8 504  27   0  88   9   0]
 [ 82  37   3   1 253  24   0   0   0]
 [ 19   0   0   0  37 237   0   0   0]
 [  0  20  48  50  13   0 135  61   1]
 [  0  53   8   3   2   0  18 352   2]
 [ 12  56  61  93  16   0 113  90  28]]

******************************************************
KNN:
---------------------
KNN ==  5 :

0.833241758242
[[301   7   6   1  31  17   0   1   3]
 [  6 368  29   0   2   0   6   5   6]
 [  1  30 212   1   1   0  13   3  26]
 [  1   0   6 607   0   0   7   0  15]
 [ 60   2   9   4 289  33   0   0   3]
 [ 19   0   0   0  14 260   0   0   0]
 [  4  14  58  20   0   0 212   5  15]
 [  3   6   6   2   0   0  11 407   3]
 [ 10   4  48  13   3   0   2  12 377]]
---------------------
KNN ==  9 :

0.815934065934
[[296   7   9   1  32  18   0   0   4]
 [  8 355  34   0   2   1   8   9   5]
 [  1  35 196   1   1   0  14   2  37]
 [  2   0   5 606   0   0   4   0  19]
 [ 62   2   6   8 277  41   0   0   4]
 [ 22   0   0   0  12 259   0   0   0]
 [  6  15  57  22   0   0 203   5  20]
 [  3   2   5   2   0   0  12 411   3]
 [ 17   2  52  14   1   0   2  14 367]]
---------------------
KNN ==  11 :

0.812637362637
[[290   6  11   1  34  19   0   1   5]
 [  5 357  34   0   2   1   6  10   7]
 [  3  41 188   0   1   0  13   2  39]
 [  1   0   7 602   0   0   5   0  21]
 [ 62   2   6   9 282  35   0   0   4]
 [ 20   0   0   0  16 257   0   0   0]
 [  3  13  54  22   1   0 203   4  28]
 [  4   2   5   2   0   0  13 409   3]
 [ 18   1  48  17   1   0   0  14 370]]
---------------------
KNN ==  13 :

0.811263736264
[[287   9   8   1  38  19   0   1   4]
 [  6 358  34   0   3   1   5   9   6]
 [  4  39 190   0   1   0  13   2  38]
 [  1   0   6 601   0   0   5   0  23]
 [ 54   2   5   9 288  38   0   0   4]
 [ 23   0   0   0  12 258   0   0   0]
 [  3  13  48  24   1   0 204   5  30]
 [  4   1   7   2   0   0  13 407   4]
 [ 18   1  51  19   2   0   2  16 360]]

******************************************************
SVM:

0.913736263736

******************************************************
Perceptron:

0.513736263736
[[ 34  31   0  18 284   0   0   0   0]
 [  0 294   0  21  90   0   0   1  16]
 [  0  53  16  92  73   0   0   0  53]
 [  0   0   0 634   0   0   0   0   2]
 [  1   0   0  22 371   1   0   0   5]
 [  6   1   0   0 230  56   0   0   0]
 [  0  30   7 249  12   0   4   1  25]
 [  0  57   2   8   4   0   2 292  73]
 [  0   0   1 229  70   0   0   0 169]]

******************************************************
LDA:

0.909340659341
[[329   0   4   1  16  15   0   0   2]
 [  5 382  23   1   0   0   2   5   4]
 [  1   3 254   2   0   0   6   0  21]
 [  0   0   6 615   0   0   6   0   9]
 [ 35   0   2   0 354   6   0   0   3]
 [  8   0   0   0   5 280   0   0   0]
 [  0  14  40  11   0   0 261   0   2]
 [  0   1   4   2   0   0  21 410   0]
 [  6   0  23  10   2   0   2   1 425]]

******************************************************
Logistic Regression - ovr:

0.787362637363
[[263  23   4   4  45  22   1   2   3]
 [  6 378   0   2   1   1   1  22  11]
 [  9  79  77  16   0   0  22   3  81]
 [  1   0   0 620   0   0   3   0  12]
 [ 55   0   1   5 298  19   0   0  22]
 [ 27   0   0   0  21 245   0   0   0]
 [  6  26  20  47   0   0 194  12  23]
 [  1   4   0   3   0   0  14 410   6]
 [ 14   5   4  37   8   0   0  20 381]]

******************************************************
Logistic Regression - mul:

0.798901098901
[[248  23   3   3  65  23   0   0   2]
 [  6 370  11   1   3   1   2  11  17]
 [  6  62 104  10   1   0  35   4  65]
 [  1   0   0 605   5   0   8   0  17]
 [ 44   0   1   5 322  17   0   0  11]
 [ 20   0   0   0  19 254   0   0   0]
 [  4  19  23  32   1   0 220   7  22]
 [  0   9   1   2   0   0  18 404   4]
 [ 15   2  10  28  13   0   1  19 381]]
######################################################
(5460, 120) (3640, 120)

******************************************************
Decision Tree:

0.733791208791
[[237   7   6   1  50  25   3   6  13]
 [  9 299  46   3   2   0  14  12  24]
 [  4  50 148  16   5   0  65  12  67]
 [  2   0   6 581   2   0  20   2  25]
 [ 69   8   0   3 299  18   3   0  10]
 [ 30   1   0   0  24 250   0   0   1]
 [  0  14  30  13   1   0 187  25  16]
 [  7  23   5   0   2   0  16 367  10]
 [  9  20  46  19  15   0  20  14 303]]

******************************************************
Gaussian Naive Bayes:

0.532692307692
[[122  19   6   0 172  47   0   1   0]
 [  1 251  44   3  42   0   7  72   2]
 [  1  82  57  25  15   0  48  59   0]
 [  0   0   8 504  27   0  88   9   0]
 [ 82  37   3   1 253  24   0   0   0]
 [ 19   0   0   0  37 237   0   0   0]
 [  0  20  48  50  13   0 135  61   1]
 [  0  53   8   3   2   0  18 352   2]
 [ 12  56  61  93  16   0 113  90  28]]

******************************************************
KNN:
---------------------
KNN ==  5 :

0.833241758242
[[301   7   6   1  31  17   0   1   3]
 [  6 368  29   0   2   0   6   5   6]
 [  1  30 212   1   1   0  13   3  26]
 [  1   0   6 607   0   0   7   0  15]
 [ 60   2   9   4 289  33   0   0   3]
 [ 19   0   0   0  14 260   0   0   0]
 [  4  14  58  20   0   0 212   5  15]
 [  3   6   6   2   0   0  11 407   3]
 [ 10   4  48  13   3   0   2  12 377]]
---------------------
KNN ==  9 :

0.815934065934
[[296   7   9   1  32  18   0   0   4]
 [  8 355  34   0   2   1   8   9   5]
 [  1  35 196   1   1   0  14   2  37]
 [  2   0   5 606   0   0   4   0  19]
 [ 62   2   6   8 277  41   0   0   4]
 [ 22   0   0   0  12 259   0   0   0]
 [  6  15  57  22   0   0 203   5  20]
 [  3   2   5   2   0   0  12 411   3]
 [ 17   2  52  14   1   0   2  14 367]]
---------------------
KNN ==  11 :

0.812637362637
[[290   6  11   1  34  19   0   1   5]
 [  5 357  34   0   2   1   6  10   7]
 [  3  41 188   0   1   0  13   2  39]
 [  1   0   7 602   0   0   5   0  21]
 [ 62   2   6   9 282  35   0   0   4]
 [ 20   0   0   0  16 257   0   0   0]
 [  3  13  54  22   1   0 203   4  28]
 [  4   2   5   2   0   0  13 409   3]
 [ 18   1  48  17   1   0   0  14 370]]
---------------------
KNN ==  13 :

0.811263736264
[[287   9   8   1  38  19   0   1   4]
 [  6 358  34   0   3   1   5   9   6]
 [  4  39 190   0   1   0  13   2  38]
 [  1   0   6 601   0   0   5   0  23]
 [ 54   2   5   9 288  38   0   0   4]
 [ 23   0   0   0  12 258   0   0   0]
 [  3  13  48  24   1   0 204   5  30]
 [  4   1   7   2   0   0  13 407   4]
 [ 18   1  51  19   2   0   2  16 360]]

******************************************************
SVM:

0.913736263736

******************************************************
Perceptron:

0.513736263736
[[ 34  31   0  18 284   0   0   0   0]
 [  0 294   0  21  90   0   0   1  16]
 [  0  53  16  92  73   0   0   0  53]
 [  0   0   0 634   0   0   0   0   2]
 [  1   0   0  22 371   1   0   0   5]
 [  6   1   0   0 230  56   0   0   0]
 [  0  30   7 249  12   0   4   1  25]
 [  0  57   2   8   4   0   2 292  73]
 [  0   0   1 229  70   0   0   0 169]]

******************************************************
LDA:

0.909340659341
[[329   0   4   1  16  15   0   0   2]
 [  5 382  23   1   0   0   2   5   4]
 [  1   3 254   2   0   0   6   0  21]
 [  0   0   6 615   0   0   6   0   9]
 [ 35   0   2   0 354   6   0   0   3]
 [  8   0   0   0   5 280   0   0   0]
 [  0  14  40  11   0   0 261   0   2]
 [  0   1   4   2   0   0  21 410   0]
 [  6   0  23  10   2   0   2   1 425]]

******************************************************
Logistic Regression - ovr:

0.787362637363
[[263  23   4   4  45  22   1   2   3]
 [  6 378   0   2   1   1   1  22  11]
 [  9  79  77  16   0   0  22   3  81]
 [  1   0   0 620   0   0   3   0  12]
 [ 55   0   1   5 298  19   0   0  22]
 [ 27   0   0   0  21 245   0   0   0]
 [  6  26  20  47   0   0 194  12  23]
 [  1   4   0   3   0   0  14 410   6]
 [ 14   5   4  37   8   0   0  20 381]]

******************************************************
Logistic Regression - mul:

0.798901098901
[[248  23   3   3  65  23   0   0   2]
 [  6 370  11   1   3   1   2  11  17]
 [  6  62 104  10   1   0  35   4  65]
 [  1   0   0 605   5   0   8   0  17]
 [ 44   0   1   5 322  17   0   0  11]
 [ 20   0   0   0  19 254   0   0   0]
 [  4  19  23  32   1   0 220   7  22]
 [  0   9   1   2   0   0  18 404   4]
 [ 15   2  10  28  13   0   1  19 381]]
######################################################
(5460, 120) (3640, 120)

******************************************************
Decision Tree:

0.734340659341
[[234   8   7   2  52  22   4   6  14]
 [ 10 310  48   2   4   0  14  14  23]
 [  9  47 151  13   3   0  65  14  72]
 [  1   0   7 571   3   0  21   1  25]
 [ 70   8   0   2 302  21   4   1   7]
 [ 28   0   0   0  23 250   0   0   1]
 [  1  13  29  19   5   0 187  27  15]
 [  5  16   4   0   1   0  16 366  10]
 [  9  20  41  27   7   0  17   9 302]]

******************************************************
Gaussian Naive Bayes:

0.532692307692
[[122  19   6   0 172  47   0   1   0]
 [  1 251  44   3  42   0   7  72   2]
 [  1  82  57  25  15   0  48  59   0]
 [  0   0   8 504  27   0  88   9   0]
 [ 82  37   3   1 253  24   0   0   0]
 [ 19   0   0   0  37 237   0   0   0]
 [  0  20  48  50  13   0 135  61   1]
 [  0  53   8   3   2   0  18 352   2]
 [ 12  56  61  93  16   0 113  90  28]]

******************************************************
KNN:
---------------------
KNN ==  5 :

0.833241758242
[[301   7   6   1  31  17   0   1   3]
 [  6 368  29   0   2   0   6   5   6]
 [  1  30 212   1   1   0  13   3  26]
 [  1   0   6 607   0   0   7   0  15]
 [ 60   2   9   4 289  33   0   0   3]
 [ 19   0   0   0  14 260   0   0   0]
 [  4  14  58  20   0   0 212   5  15]
 [  3   6   6   2   0   0  11 407   3]
 [ 10   4  48  13   3   0   2  12 377]]
---------------------
KNN ==  9 :

0.815934065934
[[296   7   9   1  32  18   0   0   4]
 [  8 355  34   0   2   1   8   9   5]
 [  1  35 196   1   1   0  14   2  37]
 [  2   0   5 606   0   0   4   0  19]
 [ 62   2   6   8 277  41   0   0   4]
 [ 22   0   0   0  12 259   0   0   0]
 [  6  15  57  22   0   0 203   5  20]
 [  3   2   5   2   0   0  12 411   3]
 [ 17   2  52  14   1   0   2  14 367]]
---------------------
KNN ==  11 :

0.812637362637
[[290   6  11   1  34  19   0   1   5]
 [  5 357  34   0   2   1   6  10   7]
 [  3  41 188   0   1   0  13   2  39]
 [  1   0   7 602   0   0   5   0  21]
 [ 62   2   6   9 282  35   0   0   4]
 [ 20   0   0   0  16 257   0   0   0]
 [  3  13  54  22   1   0 203   4  28]
 [  4   2   5   2   0   0  13 409   3]
 [ 18   1  48  17   1   0   0  14 370]]
---------------------
KNN ==  13 :

0.811263736264
[[287   9   8   1  38  19   0   1   4]
 [  6 358  34   0   3   1   5   9   6]
 [  4  39 190   0   1   0  13   2  38]
 [  1   0   6 601   0   0   5   0  23]
 [ 54   2   5   9 288  38   0   0   4]
 [ 23   0   0   0  12 258   0   0   0]
 [  3  13  48  24   1   0 204   5  30]
 [  4   1   7   2   0   0  13 407   4]
 [ 18   1  51  19   2   0   2  16 360]]

******************************************************
SVM:

0.913736263736

******************************************************
Perceptron:

0.513736263736
[[ 34  31   0  18 284   0   0   0   0]
 [  0 294   0  21  90   0   0   1  16]
 [  0  53  16  92  73   0   0   0  53]
 [  0   0   0 634   0   0   0   0   2]
 [  1   0   0  22 371   1   0   0   5]
 [  6   1   0   0 230  56   0   0   0]
 [  0  30   7 249  12   0   4   1  25]
 [  0  57   2   8   4   0   2 292  73]
 [  0   0   1 229  70   0   0   0 169]]

******************************************************
LDA:

0.909340659341
[[329   0   4   1  16  15   0   0   2]
 [  5 382  23   1   0   0   2   5   4]
 [  1   3 254   2   0   0   6   0  21]
 [  0   0   6 615   0   0   6   0   9]
 [ 35   0   2   0 354   6   0   0   3]
 [  8   0   0   0   5 280   0   0   0]
 [  0  14  40  11   0   0 261   0   2]
 [  0   1   4   2   0   0  21 410   0]
 [  6   0  23  10   2   0   2   1 425]]

******************************************************
Logistic Regression - ovr:

0.787362637363
[[263  23   4   4  45  22   1   2   3]
 [  6 378   0   2   1   1   1  22  11]
 [  9  79  77  16   0   0  22   3  81]
 [  1   0   0 620   0   0   3   0  12]
 [ 55   0   1   5 298  19   0   0  22]
 [ 27   0   0   0  21 245   0   0   0]
 [  6  26  20  47   0   0 194  12  23]
 [  1   4   0   3   0   0  14 410   6]
 [ 14   5   4  37   8   0   0  20 381]]

******************************************************
Logistic Regression - mul:

0.798901098901
[[248  23   3   3  65  23   0   0   2]
 [  6 370  11   1   3   1   2  11  17]
 [  6  62 104  10   1   0  35   4  65]
 [  1   0   0 605   5   0   8   0  17]
 [ 44   0   1   5 322  17   0   0  11]
 [ 20   0   0   0  19 254   0   0   0]
 [  4  19  23  32   1   0 220   7  22]
 [  0   9   1   2   0   0  18 404   4]
 [ 15   2  10  28  13   0   1  19 381]]
######################################################
(5460, 120) (3640, 120)

******************************************************
Decision Tree:

0.736538461538
[[238  12   8   3  49  22   6   6  10]
 [  9 302  41   2   1   0  12  10  21]
 [  8  50 145  14   2   0  59  12  63]
 [  1   1  10 574   3   0  19   2  25]
 [ 66  10   1   1 305  23   4   0  10]
 [ 32   0   0   0  28 248   0   0   1]
 [  3  15  25  16   2   0 193  25  17]
 [  2  19   8   1   1   0  15 366  12]
 [  8  13  49  25   9   0  20  17 310]]

******************************************************
Gaussian Naive Bayes:

0.532692307692
[[122  19   6   0 172  47   0   1   0]
 [  1 251  44   3  42   0   7  72   2]
 [  1  82  57  25  15   0  48  59   0]
 [  0   0   8 504  27   0  88   9   0]
 [ 82  37   3   1 253  24   0   0   0]
 [ 19   0   0   0  37 237   0   0   0]
 [  0  20  48  50  13   0 135  61   1]
 [  0  53   8   3   2   0  18 352   2]
 [ 12  56  61  93  16   0 113  90  28]]

******************************************************
KNN:
---------------------
KNN ==  5 :

0.833241758242
[[301   7   6   1  31  17   0   1   3]
 [  6 368  29   0   2   0   6   5   6]
 [  1  30 212   1   1   0  13   3  26]
 [  1   0   6 607   0   0   7   0  15]
 [ 60   2   9   4 289  33   0   0   3]
 [ 19   0   0   0  14 260   0   0   0]
 [  4  14  58  20   0   0 212   5  15]
 [  3   6   6   2   0   0  11 407   3]
 [ 10   4  48  13   3   0   2  12 377]]
---------------------
KNN ==  9 :

0.815934065934
[[296   7   9   1  32  18   0   0   4]
 [  8 355  34   0   2   1   8   9   5]
 [  1  35 196   1   1   0  14   2  37]
 [  2   0   5 606   0   0   4   0  19]
 [ 62   2   6   8 277  41   0   0   4]
 [ 22   0   0   0  12 259   0   0   0]
 [  6  15  57  22   0   0 203   5  20]
 [  3   2   5   2   0   0  12 411   3]
 [ 17   2  52  14   1   0   2  14 367]]
---------------------
KNN ==  11 :

0.812637362637
[[290   6  11   1  34  19   0   1   5]
 [  5 357  34   0   2   1   6  10   7]
 [  3  41 188   0   1   0  13   2  39]
 [  1   0   7 602   0   0   5   0  21]
 [ 62   2   6   9 282  35   0   0   4]
 [ 20   0   0   0  16 257   0   0   0]
 [  3  13  54  22   1   0 203   4  28]
 [  4   2   5   2   0   0  13 409   3]
 [ 18   1  48  17   1   0   0  14 370]]
---------------------
KNN ==  13 :

0.811263736264
[[287   9   8   1  38  19   0   1   4]
 [  6 358  34   0   3   1   5   9   6]
 [  4  39 190   0   1   0  13   2  38]
 [  1   0   6 601   0   0   5   0  23]
 [ 54   2   5   9 288  38   0   0   4]
 [ 23   0   0   0  12 258   0   0   0]
 [  3  13  48  24   1   0 204   5  30]
 [  4   1   7   2   0   0  13 407   4]
 [ 18   1  51  19   2   0   2  16 360]]

******************************************************
SVM:

0.913736263736

******************************************************
Perceptron:

0.513736263736
[[ 34  31   0  18 284   0   0   0   0]
 [  0 294   0  21  90   0   0   1  16]
 [  0  53  16  92  73   0   0   0  53]
 [  0   0   0 634   0   0   0   0   2]
 [  1   0   0  22 371   1   0   0   5]
 [  6   1   0   0 230  56   0   0   0]
 [  0  30   7 249  12   0   4   1  25]
 [  0  57   2   8   4   0   2 292  73]
 [  0   0   1 229  70   0   0   0 169]]

******************************************************
LDA:

0.909340659341
[[329   0   4   1  16  15   0   0   2]
 [  5 382  23   1   0   0   2   5   4]
 [  1   3 254   2   0   0   6   0  21]
 [  0   0   6 615   0   0   6   0   9]
 [ 35   0   2   0 354   6   0   0   3]
 [  8   0   0   0   5 280   0   0   0]
 [  0  14  40  11   0   0 261   0   2]
 [  0   1   4   2   0   0  21 410   0]
 [  6   0  23  10   2   0   2   1 425]]

******************************************************
Logistic Regression - ovr:

0.787362637363
[[263  23   4   4  45  22   1   2   3]
 [  6 378   0   2   1   1   1  22  11]
 [  9  79  77  16   0   0  22   3  81]
 [  1   0   0 620   0   0   3   0  12]
 [ 55   0   1   5 298  19   0   0  22]
 [ 27   0   0   0  21 245   0   0   0]
 [  6  26  20  47   0   0 194  12  23]
 [  1   4   0   3   0   0  14 410   6]
 [ 14   5   4  37   8   0   0  20 381]]

******************************************************
Logistic Regression - mul:

0.798901098901
[[248  23   3   3  65  23   0   0   2]
 [  6 370  11   1   3   1   2  11  17]
 [  6  62 104  10   1   0  35   4  65]
 [  1   0   0 605   5   0   8   0  17]
 [ 44   0   1   5 322  17   0   0  11]
 [ 20   0   0   0  19 254   0   0   0]
 [  4  19  23  32   1   0 220   7  22]
 [  0   9   1   2   0   0  18 404   4]
 [ 15   2  10  28  13   0   1  19 381]]
######################################################
(5460, 120) (3640, 120)

******************************************************
Decision Tree:

0.728846153846
[[231  12   5   2  54  25   4   6   9]
 [ 10 296  52   0   2   0  12   9  18]
 [  6  53 143  18   6   0  63  11  74]
 [  1   0   8 578   0   0  22   1  26]
 [ 70  12   1   1 301  27   2   1  10]
 [ 33   0   0   0  26 241   0   0   1]
 [  3  17  28  16   3   0 187  21  15]
 [  3  17   4   0   2   0  16 372  12]
 [ 10  15  46  21   6   0  22  17 304]]

******************************************************
Gaussian Naive Bayes:

0.532692307692
[[122  19   6   0 172  47   0   1   0]
 [  1 251  44   3  42   0   7  72   2]
 [  1  82  57  25  15   0  48  59   0]
 [  0   0   8 504  27   0  88   9   0]
 [ 82  37   3   1 253  24   0   0   0]
 [ 19   0   0   0  37 237   0   0   0]
 [  0  20  48  50  13   0 135  61   1]
 [  0  53   8   3   2   0  18 352   2]
 [ 12  56  61  93  16   0 113  90  28]]

******************************************************
KNN:
---------------------
KNN ==  5 :

0.833241758242
[[301   7   6   1  31  17   0   1   3]
 [  6 368  29   0   2   0   6   5   6]
 [  1  30 212   1   1   0  13   3  26]
 [  1   0   6 607   0   0   7   0  15]
 [ 60   2   9   4 289  33   0   0   3]
 [ 19   0   0   0  14 260   0   0   0]
 [  4  14  58  20   0   0 212   5  15]
 [  3   6   6   2   0   0  11 407   3]
 [ 10   4  48  13   3   0   2  12 377]]
---------------------
KNN ==  9 :

0.815934065934
[[296   7   9   1  32  18   0   0   4]
 [  8 355  34   0   2   1   8   9   5]
 [  1  35 196   1   1   0  14   2  37]
 [  2   0   5 606   0   0   4   0  19]
 [ 62   2   6   8 277  41   0   0   4]
 [ 22   0   0   0  12 259   0   0   0]
 [  6  15  57  22   0   0 203   5  20]
 [  3   2   5   2   0   0  12 411   3]
 [ 17   2  52  14   1   0   2  14 367]]
---------------------
KNN ==  11 :

0.812637362637
[[290   6  11   1  34  19   0   1   5]
 [  5 357  34   0   2   1   6  10   7]
 [  3  41 188   0   1   0  13   2  39]
 [  1   0   7 602   0   0   5   0  21]
 [ 62   2   6   9 282  35   0   0   4]
 [ 20   0   0   0  16 257   0   0   0]
 [  3  13  54  22   1   0 203   4  28]
 [  4   2   5   2   0   0  13 409   3]
 [ 18   1  48  17   1   0   0  14 370]]
---------------------
KNN ==  13 :

0.811263736264
[[287   9   8   1  38  19   0   1   4]
 [  6 358  34   0   3   1   5   9   6]
 [  4  39 190   0   1   0  13   2  38]
 [  1   0   6 601   0   0   5   0  23]
 [ 54   2   5   9 288  38   0   0   4]
 [ 23   0   0   0  12 258   0   0   0]
 [  3  13  48  24   1   0 204   5  30]
 [  4   1   7   2   0   0  13 407   4]
 [ 18   1  51  19   2   0   2  16 360]]

******************************************************
SVM:

0.913736263736

******************************************************
Perceptron:

0.513736263736
[[ 34  31   0  18 284   0   0   0   0]
 [  0 294   0  21  90   0   0   1  16]
 [  0  53  16  92  73   0   0   0  53]
 [  0   0   0 634   0   0   0   0   2]
 [  1   0   0  22 371   1   0   0   5]
 [  6   1   0   0 230  56   0   0   0]
 [  0  30   7 249  12   0   4   1  25]
 [  0  57   2   8   4   0   2 292  73]
 [  0   0   1 229  70   0   0   0 169]]

******************************************************
LDA:

0.909340659341
[[329   0   4   1  16  15   0   0   2]
 [  5 382  23   1   0   0   2   5   4]
 [  1   3 254   2   0   0   6   0  21]
 [  0   0   6 615   0   0   6   0   9]
 [ 35   0   2   0 354   6   0   0   3]
 [  8   0   0   0   5 280   0   0   0]
 [  0  14  40  11   0   0 261   0   2]
 [  0   1   4   2   0   0  21 410   0]
 [  6   0  23  10   2   0   2   1 425]]

******************************************************
Logistic Regression - ovr:

0.787362637363
[[263  23   4   4  45  22   1   2   3]
 [  6 378   0   2   1   1   1  22  11]
 [  9  79  77  16   0   0  22   3  81]
 [  1   0   0 620   0   0   3   0  12]
 [ 55   0   1   5 298  19   0   0  22]
 [ 27   0   0   0  21 245   0   0   0]
 [  6  26  20  47   0   0 194  12  23]
 [  1   4   0   3   0   0  14 410   6]
 [ 14   5   4  37   8   0   0  20 381]]

******************************************************
Logistic Regression - mul:

0.798901098901
[[248  23   3   3  65  23   0   0   2]
 [  6 370  11   1   3   1   2  11  17]
 [  6  62 104  10   1   0  35   4  65]
 [  1   0   0 605   5   0   8   0  17]
 [ 44   0   1   5 322  17   0   0  11]
 [ 20   0   0   0  19 254   0   0   0]
 [  4  19  23  32   1   0 220   7  22]
 [  0   9   1   2   0   0  18 404   4]
 [ 15   2  10  28  13   0   1  19 381]]
######################################################
(5460, 120) (3640, 120)

******************************************************
Decision Tree:

0.737362637363
[[236  11   8   1  53  27   4   6  14]
 [  8 312  44   0   4   0  17  12  24]
 [  8  45 149   9   7   0  64  11  62]
 [  1   1   8 574   0   0  16   2  22]
 [ 73   9   3   1 301  24   3   0   8]
 [ 26   0   0   0  21 242   0   0   1]
 [  1  13  21  21   6   0 190  18  19]
 [  7  16   5   1   1   0  16 371  10]
 [  7  15  49  29   7   0  18  18 309]]

******************************************************
Gaussian Naive Bayes:

0.532692307692
[[122  19   6   0 172  47   0   1   0]
 [  1 251  44   3  42   0   7  72   2]
 [  1  82  57  25  15   0  48  59   0]
 [  0   0   8 504  27   0  88   9   0]
 [ 82  37   3   1 253  24   0   0   0]
 [ 19   0   0   0  37 237   0   0   0]
 [  0  20  48  50  13   0 135  61   1]
 [  0  53   8   3   2   0  18 352   2]
 [ 12  56  61  93  16   0 113  90  28]]

******************************************************
KNN:
---------------------
KNN ==  5 :

0.833241758242
[[301   7   6   1  31  17   0   1   3]
 [  6 368  29   0   2   0   6   5   6]
 [  1  30 212   1   1   0  13   3  26]
 [  1   0   6 607   0   0   7   0  15]
 [ 60   2   9   4 289  33   0   0   3]
 [ 19   0   0   0  14 260   0   0   0]
 [  4  14  58  20   0   0 212   5  15]
 [  3   6   6   2   0   0  11 407   3]
 [ 10   4  48  13   3   0   2  12 377]]
---------------------
KNN ==  9 :

0.815934065934
[[296   7   9   1  32  18   0   0   4]
 [  8 355  34   0   2   1   8   9   5]
 [  1  35 196   1   1   0  14   2  37]
 [  2   0   5 606   0   0   4   0  19]
 [ 62   2   6   8 277  41   0   0   4]
 [ 22   0   0   0  12 259   0   0   0]
 [  6  15  57  22   0   0 203   5  20]
 [  3   2   5   2   0   0  12 411   3]
 [ 17   2  52  14   1   0   2  14 367]]
---------------------
KNN ==  11 :

0.812637362637
[[290   6  11   1  34  19   0   1   5]
 [  5 357  34   0   2   1   6  10   7]
 [  3  41 188   0   1   0  13   2  39]
 [  1   0   7 602   0   0   5   0  21]
 [ 62   2   6   9 282  35   0   0   4]
 [ 20   0   0   0  16 257   0   0   0]
 [  3  13  54  22   1   0 203   4  28]
 [  4   2   5   2   0   0  13 409   3]
 [ 18   1  48  17   1   0   0  14 370]]
---------------------
KNN ==  13 :

0.811263736264
[[287   9   8   1  38  19   0   1   4]
 [  6 358  34   0   3   1   5   9   6]
 [  4  39 190   0   1   0  13   2  38]
 [  1   0   6 601   0   0   5   0  23]
 [ 54   2   5   9 288  38   0   0   4]
 [ 23   0   0   0  12 258   0   0   0]
 [  3  13  48  24   1   0 204   5  30]
 [  4   1   7   2   0   0  13 407   4]
 [ 18   1  51  19   2   0   2  16 360]]

******************************************************
SVM:

0.913736263736

******************************************************
Perceptron:

0.513736263736
[[ 34  31   0  18 284   0   0   0   0]
 [  0 294   0  21  90   0   0   1  16]
 [  0  53  16  92  73   0   0   0  53]
 [  0   0   0 634   0   0   0   0   2]
 [  1   0   0  22 371   1   0   0   5]
 [  6   1   0   0 230  56   0   0   0]
 [  0  30   7 249  12   0   4   1  25]
 [  0  57   2   8   4   0   2 292  73]
 [  0   0   1 229  70   0   0   0 169]]

******************************************************
LDA:

0.909340659341
[[329   0   4   1  16  15   0   0   2]
 [  5 382  23   1   0   0   2   5   4]
 [  1   3 254   2   0   0   6   0  21]
 [  0   0   6 615   0   0   6   0   9]
 [ 35   0   2   0 354   6   0   0   3]
 [  8   0   0   0   5 280   0   0   0]
 [  0  14  40  11   0   0 261   0   2]
 [  0   1   4   2   0   0  21 410   0]
 [  6   0  23  10   2   0   2   1 425]]

******************************************************
Logistic Regression - ovr:

0.787362637363
[[263  23   4   4  45  22   1   2   3]
 [  6 378   0   2   1   1   1  22  11]
 [  9  79  77  16   0   0  22   3  81]
 [  1   0   0 620   0   0   3   0  12]
 [ 55   0   1   5 298  19   0   0  22]
 [ 27   0   0   0  21 245   0   0   0]
 [  6  26  20  47   0   0 194  12  23]
 [  1   4   0   3   0   0  14 410   6]
 [ 14   5   4  37   8   0   0  20 381]]

******************************************************
Logistic Regression - mul:

0.798901098901
[[248  23   3   3  65  23   0   0   2]
 [  6 370  11   1   3   1   2  11  17]
 [  6  62 104  10   1   0  35   4  65]
 [  1   0   0 605   5   0   8   0  17]
 [ 44   0   1   5 322  17   0   0  11]
 [ 20   0   0   0  19 254   0   0   0]
 [  4  19  23  32   1   0 220   7  22]
 [  0   9   1   2   0   0  18 404   4]
 [ 15   2  10  28  13   0   1  19 381]]
######################################################
######################################################
DT: 
0.733571428571
gnb: 
0.532692307692
knn: 
0.818269230769
9  =  0.815934065934
11  =  0.812637362637
5  =  0.833241758242
13  =  0.811263736264
svm: 
0.913736263736
per: 
0.513736263736
lda: 
0.909340659341
lr_ovr: 
0.787362637363
lr_mul: 
0.798901098901
