Starting read from Train file...
(9100, 121)
train.shape = (9100, 120)
train_labels.shape = (9100, 1)
(5460, 120) (3640, 120)

******************************************************
Combinacoes:
### knn + lda + svm ### 

----------------
KNN:

----------------
LDA:

----------------
SVM:
combe: 

0.914835164835
[[313   3   3   1  10  20   2   0   5]
 [  1 401  18   0   1   0  22   0   0]
 [  0   4 237   7   0   0  44   1   5]
 [  0   0   0 609   0   0  14   0   5]
 [ 20   0   0   0 387  17   1   0   4]
 [  0   0   0   0   3 249   0   0   0]
 [  0   0   0   4   0   0 244   7   0]
 [  0   4   4   0   0   0   7 454   2]
 [  3   7  32  14   1   0   9   5 436]]
------------------------------
### log_mul + svm + bayes ### 

----------------
Logistic Regression - mul:

----------------
SVM:

----------------
Gaussian Naive Bayes:
combe: 

0.838461538462
[[274   2   6   0  32  18   1   0  14]
 [ 10 387  38   0   4   0  19   7   3]
 [  0   1 128   2   1   0  19   0   5]
 [  1   1  12 608   1   0  24   0  30]
 [ 40   2   0   1 344  15   2   0   3]
 [  8   0   0   0  12 253   0   0   0]
 [  0   4  27  13   0   0 237  13   1]
 [  0   8  35   3   0   0  28 444  24]
 [  4  14  48   8   8   0  13   3 377]]
------------------------------
### all ### 

----------------
Decision Tree:

----------------
Gaussian Naive Bayes:

----------------
KNN:

----------------
SVM:

----------------
Perceptron:

----------------
LDA:

----------------
Logistic Regression - ovr:

----------------
Logistic Regression - mul:
combe: 

0.860164835165
[[303   2  10   0  34  21   2   1  11]
 [  5 395  47   0   2   0  31   7   5]
 [  1   5 135   0   0   0  16   0   6]
 [  1   1  12 609   0   0  22   0  28]
 [ 23   1   1   0 358  18   2   0   8]
 [  4   0   0   0   7 247   0   0   0]
 [  0   4  29  15   0   0 256  18   0]
 [  0   4   6   0   0   0   7 438   9]
 [  0   7  54  11   1   0   7   3 390]]
######################################################
(5460, 120) (3640, 120)

******************************************************
Combinacoes:
### knn + lda + svm ### 

----------------
KNN:

----------------
LDA:

----------------
SVM:
combe: 

0.909615384615
[[309   4   1   2  13  16   4   0   4]
 [  1 391  22   0   0   0  15   1   4]
 [  1   5 231   9   0   0  40   4   6]
 [  0   0   0 632   0   0  15   2   3]
 [ 27   0   1   0 354  26   2   0   4]
 [  3   0   0   0   5 254   0   0   0]
 [  0   0   2   7   0   0 221   3   0]
 [  1   3   0   1   0   0   8 453   2]
 [  5   5  29  16   2   0   2   3 466]]
------------------------------
### log_mul + svm + bayes ### 

----------------
Logistic Regression - mul:

----------------
SVM:

----------------
Gaussian Naive Bayes:
combe: 

0.831868131868
[[259   3   4   2  31  23   7   0  11]
 [ 15 376  37   0   1   0  17   6   3]
 [  3   4 121   3   0   0  14   1   9]
 [  1   2  10 618   1   0  22   2  19]
 [ 45   0   3   2 317  16   4   0   7]
 [ 18   0   0   0  14 257   0   0   0]
 [  0   2  34  19   0   0 216   9   2]
 [  1  10  29   5   0   0  16 446  20]
 [  5  11  48  18  10   0  11   2 418]]
------------------------------
### all ### 

----------------
Decision Tree:

----------------
Gaussian Naive Bayes:

----------------
KNN:

----------------
SVM:

----------------
Perceptron:

----------------
LDA:

----------------
Logistic Regression - ovr:

----------------
Logistic Regression - mul:
combe: 

0.841758241758
[[277   0   5   2  30  24   6   0  10]
 [ 15 388  51   0   0   0  26   8   4]
 [  1   3 122   0   0   0  16   1   4]
 [  4   2  16 636   1   0  33   2  20]
 [ 37   0   3   0 329  26   2   0   9]
 [ 12   0   0   0  10 246   0   0   0]
 [  0   1  27  15   0   0 205  12   2]
 [  0  10   2   1   0   0  11 440  19]
 [  1   4  60  13   4   0   8   3 421]]
######################################################
(5460, 120) (3640, 120)

******************************************************
Combinacoes:
### knn + lda + svm ### 

----------------
KNN:

----------------
LDA:

----------------
SVM:
combe: 

0.919230769231
[[337   4   0   0   2  15   2   1   6]
 [  3 385  15   0   1   0  21   1   0]
 [  2   4 228   7   0   0  35   4  10]
 [  0   0   1 627   0   0  15   1   4]
 [ 20   1   0   0 391  22   2   1   8]
 [  3   0   0   0   5 222   0   0   0]
 [  0   0   4   0   0   0 238   6   0]
 [  0   4   4   0   0   0   4 474   6]
 [  0   2  29  12   1   0   5   1 444]]
------------------------------
### log_mul + svm + bayes ### 

----------------
Logistic Regression - mul:

----------------
SVM:

----------------
Gaussian Naive Bayes:
combe: 

0.833791208791
[[281   5   2   1  26  23   3   1  17]
 [ 11 369  49   0   3   0  13   4   6]
 [  1   7 113   4   0   0  17   1   9]
 [  1   1  10 624   2   0  23   1  31]
 [ 53   0   1   2 349  17   4   1   7]
 [ 18   0   0   0  14 219   0   0   0]
 [  0   1  33   5   0   0 234  15   1]
 [  0  10  35   3   0   0  14 465  26]
 [  0   7  38   7   6   0  14   1 381]]
------------------------------
### all ### 

----------------
Decision Tree:

----------------
Gaussian Naive Bayes:

----------------
KNN:

----------------
SVM:

----------------
Perceptron:

----------------
LDA:

----------------
Logistic Regression - ovr:

----------------
Logistic Regression - mul:
combe: 

0.849450549451
[[273   2   0   0  12  16   1   1  13]
 [ 16 382  51   0   2   0  22   6   4]
 [  0   2 127   2   0   0  18   0  11]
 [  3   1  12 630   1   0  26   1  24]
 [ 58   3   6   2 372  28   7   1  17]
 [ 15   0   0   0  12 215   0   0   0]
 [  0   1  24   3   0   0 234  14   2]
 [  0   5   4   0   0   0   7 464  12]
 [  0   4  57   9   1   0   7   2 395]]
######################################################
(5460, 120) (3640, 120)

******************************************************
Combinacoes:
### knn + lda + svm ### 

----------------
KNN:

----------------
LDA:

----------------
SVM:
combe: 

0.910989010989
[[306   7   5   1   8  17   2   3   7]
 [  3 374  15   0   0   0  16   0   3]
 [  4   9 229   5   0   0  33   2   4]
 [  2   0   1 624   0   0  18   2   0]
 [ 30   0   0   0 369  25   2   0   1]
 [  1   0   0   0   5 232   0   0   0]
 [  0   0   4   1   0   0 239   6   0]
 [  0   6   2   0   0   0   6 478   3]
 [  3   3  27  15   2   0  12   3 465]]
------------------------------
### log_mul + svm + bayes ### 

----------------
Logistic Regression - mul:

----------------
SVM:

----------------
Gaussian Naive Bayes:
combe: 

0.839835164835
[[264   6   3   1  31  25   2   3  12]
 [  9 370  44   0   1   0  18   8   4]
 [  3   1 128   1   1   0  10   0   4]
 [  4   1  19 611   2   0  23   2  27]
 [ 53   1   2   3 334  17   4   0   5]
 [ 14   0   0   0  14 232   0   0   0]
 [  0   3  17  12   0   0 238  19   2]
 [  0   7  25   4   0   0  18 462  11]
 [  2  10  45  14   1   0  15   0 418]]
------------------------------
### all ### 

----------------
Decision Tree:

----------------
Gaussian Naive Bayes:

----------------
KNN:

----------------
SVM:

----------------
Perceptron:

----------------
LDA:

----------------
Logistic Regression - ovr:

----------------
Logistic Regression - mul:
combe: 

0.858791208791
[[270   3   1   1  19  19   0   0   9]
 [ 10 376  39   0   1   0  18   5   4]
 [  5   6 172   3   0   0  21   1   8]
 [  4   1  15 621   3   0  30   2  29]
 [ 53   0   1   0 352  27   8   0  12]
 [  7   0   0   0   9 228   0   0   0]
 [  0   0  14   8   0   0 227  18   1]
 [  0  10   2   0   0   0  12 465   5]
 [  0   3  39  13   0   0  12   3 415]]
######################################################
(5460, 120) (3640, 120)

******************************************************
Combinacoes:
### knn + lda + svm ### 

----------------
KNN:

----------------
LDA:

----------------
SVM:
combe: 

0.915659340659
[[311   2   3   2   8  13   1   1   3]
 [  0 376  18   0   1   0  17   0   1]
 [  1   7 226  10   0   0  46   1   6]
 [  1   0   1 634   1   0  14   0   6]
 [ 18   1   0   0 400  22   2   0   1]
 [  2   0   0   0   2 246   0   0   0]
 [  0   0   3   4   0   0 238   6   0]
 [  0   2   2   0   0   0   9 461   2]
 [  3   5  38  15   0   0   2   4 441]]
------------------------------
### log_mul + svm + bayes ### 

----------------
Logistic Regression - mul:

----------------
SVM:

----------------
Gaussian Naive Bayes:
combe: 

0.837362637363
[[269   2   5   1  32  17   3   1  10]
 [  9 371  35   0   2   0  19   7   2]
 [  2   2 138   2   0   0  15   2   7]
 [  2   1  16 622   2   0  20   0  34]
 [ 35   0   1   4 344  16   4   0   4]
 [ 16   0   0   0  22 248   0   0   0]
 [  0   2  22  12   0   0 224  14   2]
 [  0   4  26   3   0   0  23 448  17]
 [  3  11  48  21  10   0  21   1 384]]
------------------------------
### all ### 

----------------
Decision Tree:

----------------
Gaussian Naive Bayes:

----------------
KNN:

----------------
SVM:

----------------
Perceptron:

----------------
LDA:

----------------
Logistic Regression - ovr:

----------------
Logistic Regression - mul:
combe: 

0.859340659341
[[267   0   4   1  14  12   4   0   7]
 [ 10 385  53   0   1   0  31  10   5]
 [  1   1 153   3   0   0  19   1  11]
 [  3   1  15 641   2   0  24   0  34]
 [ 39   0   1   0 375  26   3   0   8]
 [ 15   0   0   0  17 243   0   0   0]
 [  0   1  15   9   0   0 229  12   2]
 [  0   2   3   0   0   0  11 448   6]
 [  1   3  47  11   3   0   8   2 387]]
######################################################
(5460, 120) (3640, 120)

******************************************************
Combinacoes:
### knn + lda + svm ### 

----------------
KNN:

----------------
LDA:

----------------
SVM:
combe: 

0.920604395604
[[290   3   8   0   8  22   0   2   4]
 [  1 396  16   0   0   0  14   0   0]
 [  2   4 256   7   0   0  35   3   7]
 [  0   0   1 605   0   0  14   1   5]
 [ 22   0   0   0 368  14   1   1   5]
 [  4   0   0   0   1 245   0   0   0]
 [  0   0   3   1   0   0 243   7   0]
 [  0   6   2   1   0   0   8 485   3]
 [  2   3  24  21   0   0   3   0 463]]
------------------------------
### log_mul + svm + bayes ### 

----------------
Logistic Regression - mul:

----------------
SVM:

----------------
Gaussian Naive Bayes:
combe: 

0.831043956044
[[242   3  13   0  37  18   2   3  11]
 [  8 386  45   0   0   0  17   4   4]
 [  4   2 130   0   0   0  10   1   6]
 [  1   1  16 600   0   0  29   1  34]
 [ 46   0   3   2 325  15   2   1   6]
 [ 16   0   0   0   6 248   0   0   0]
 [  0   3  32   9   0   0 224  19   0]
 [  0   5  24   8   0   0  23 470  26]
 [  4  12  47  16   9   0  11   0 400]]
------------------------------
### all ### 

----------------
Decision Tree:

----------------
Gaussian Naive Bayes:

----------------
KNN:

----------------
SVM:

----------------
Perceptron:

----------------
LDA:

----------------
Logistic Regression - ovr:

----------------
Logistic Regression - mul:
combe: 

0.849450549451
[[267   1  13   0  38  13   3   2  11]
 [  4 391  48   0   0   0  18   2   3]
 [  2   0 130   1   0   0  10   0  10]
 [  4   1  18 613   1   0  36   2  36]
 [ 24   1   2   0 327  19   2   0   6]
 [ 17   0   0   0   7 249   0   0   0]
 [  0   0  29   6   0   0 226  16   0]
 [  0   4   2   0   0   0  13 473   5]
 [  3  14  68  15   4   0  10   4 416]]
######################################################
(5460, 120) (3640, 120)

******************************************************
Combinacoes:
### knn + lda + svm ### 

----------------
KNN:

----------------
LDA:

----------------
SVM:
combe: 

0.910989010989
[[320   3   6   2   6  16   6   1   7]
 [  4 377  13   0   2   0  32   0   0]
 [  0   9 219   4   0   0  38   3   4]
 [  0   0   3 608   1   0  13   0   2]
 [ 27   0   0   0 376  10   1   0   5]
 [  4   0   0   0   3 227   0   0   0]
 [  0   0   1   5   0   0 234   7   0]
 [  0   1   3   0   0   0  16 502   1]
 [  0   4  35  22   0   0   3   1 453]]
------------------------------
### log_mul + svm + bayes ### 

----------------
Logistic Regression - mul:

----------------
SVM:

----------------
Gaussian Naive Bayes:
combe: 

0.828296703297
[[262   4   7   1  29  11   4   1  13]
 [ 15 368  35   0   4   0  28   8   2]
 [  1   2 125   0   0   0  16   1   5]
 [  2   0  15 598   3   0  24   0  26]
 [ 48   1   1   4 325  10   3   0   7]
 [ 25   0   0   0  19 232   0   0   0]
 [  0   1  23  14   0   0 226  18   1]
 [  0   7  24   6   0   0  28 485  24]
 [  2  11  50  18   8   0  14   1 394]]
------------------------------
### all ### 

----------------
Decision Tree:

----------------
Gaussian Naive Bayes:

----------------
KNN:

----------------
SVM:

----------------
Perceptron:

----------------
LDA:

----------------
Logistic Regression - ovr:

----------------
Logistic Regression - mul:
combe: 

0.850274725275
[[263   1   5   1  15  10   1   1   8]
 [ 17 382  56   0   4   0  38   8   4]
 [  0   1 137   1   0   0  17   2   6]
 [  2   0  22 618   3   0  31   1  27]
 [ 48   0   1   0 348  11   4   0  12]
 [ 25   0   0   0  16 232   0   0   0]
 [  0   1  16   9   0   0 235  17   0]
 [  0   4   2   0   0   0  12 482  17]
 [  0   5  41  12   2   0   5   3 398]]
######################################################
(5460, 120) (3640, 120)

******************************************************
Combinacoes:
### knn + lda + svm ### 

----------------
KNN:

----------------
LDA:

----------------
SVM:
combe: 

0.911263736264
[[293   9   5   1   7  19   2   2   6]
 [  4 376  14   0   0   0  20   1   2]
 [  1   6 244   8   0   0  44   1   5]
 [  0   0   0 606   0   0  15   0   2]
 [ 17   0   0   1 377  22   1   1   3]
 [  4   0   0   0   5 244   0   0   0]
 [  0   0   1   5   0   0 268   6   0]
 [  0   5   3   0   0   0   6 448   6]
 [  7   8  27  14   1   0   4   2 461]]
------------------------------
### log_mul + svm + bayes ### 

----------------
Logistic Regression - mul:

----------------
SVM:

----------------
Gaussian Naive Bayes:
combe: 

0.835714285714
[[249   6   6   1  24  22   5   2  13]
 [ 14 372  45   0   0   0  21   3   1]
 [  3   2 128   7   0   0  12   0   8]
 [  1   1  10 597   1   0  26   0  27]
 [ 37   1   2   1 341  14   3   1   4]
 [ 18   0   0   0  19 249   0   0   0]
 [  0   2  28  14   0   0 264  16   1]
 [  0   9  30   5   0   0  14 438  27]
 [  4  11  45  10   5   0  15   1 404]]
------------------------------
### all ### 

----------------
Decision Tree:

----------------
Gaussian Naive Bayes:

----------------
KNN:

----------------
SVM:

----------------
Perceptron:

----------------
LDA:

----------------
Logistic Regression - ovr:

----------------
Logistic Regression - mul:
combe: 

0.859340659341
[[272   4   8   1  29  20   8   1  14]
 [ 14 387  60   0   0   0  26   5   3]
 [  1   1 143   1   0   0   8   0   7]
 [  3   1  17 620   1   0  31   1  28]
 [ 25   0   1   0 346  23   3   0   6]
 [ 11   0   0   0  11 242   0   0   0]
 [  0   2  18   7   0   0 267  18   0]
 [  0   4   5   0   0   0   7 436  12]
 [  0   5  42   6   3   0  10   0 415]]
######################################################
(5460, 120) (3640, 120)

******************************************************
Combinacoes:
### knn + lda + svm ### 

----------------
KNN:

----------------
LDA:

----------------
SVM:
combe: 

0.908791208791
[[302   4   3   2  11  15   3   1   5]
 [  1 381  16   0   0   0  20   0   0]
 [  1   6 234   5   0   0  49   2   6]
 [  2   0   3 635   0   0  14   0   1]
 [ 25   0   0   0 373  24   2   0   4]
 [  1   0   0   0   2 209   0   0   0]
 [  0   0   1   1   0   0 252   4   0]
 [  0   6   2   0   0   0   6 472   6]
 [  4   2  42  20   1   0   9   0 450]]
------------------------------
### log_mul + svm + bayes ### 

----------------
Logistic Regression - mul:

----------------
SVM:

----------------
Gaussian Naive Bayes:
combe: 

0.825274725275
[[239   3   5   3  30  17   5   1  13]
 [ 11 380  38   0   2   0  21   6   2]
 [  2   1 117   2   0   0  17   1   4]
 [  3   1  17 631   5   0  23   0  27]
 [ 66   0   3   0 331  17   3   0   5]
 [ 12   0   0   0  13 214   0   0   0]
 [  0   0  33  14   0   0 234  18   1]
 [  0   7  30   4   0   0  26 453  15]
 [  3   7  58   9   6   0  26   0 405]]
------------------------------
### all ### 

----------------
Decision Tree:

----------------
Gaussian Naive Bayes:

----------------
KNN:

----------------
SVM:

----------------
Perceptron:

----------------
LDA:

----------------
Logistic Regression - ovr:

----------------
Logistic Regression - mul:
combe: 

0.848076923077
[[264   1   7   0  35  13   9   1  11]
 [ 11 382  48   0   2   0  23   4   3]
 [  3   4 138   1   0   0  23   2   4]
 [  4   1  25 653   5   0  40   0  28]
 [ 45   0   1   0 338  17   2   0   7]
 [  8   0   0   0   5 218   0   0   0]
 [  0   0  19   6   0   0 224   8   1]
 [  0  10  10   0   0   0  21 462  10]
 [  1   1  53   3   2   0  13   2 408]]
######################################################
(5460, 120) (3640, 120)

******************************************************
Combinacoes:
### knn + lda + svm ### 

----------------
KNN:

----------------
LDA:

----------------
SVM:
combe: 

0.906043956044
[[292   4   3   1  16  20   2   1   4]
 [  1 407  22   0   1   0  21   1   1]
 [  2   2 230   7   0   0  48   3   8]
 [  1   0   3 599   0   0  17   0   5]
 [ 27   0   0   0 398  22   1   0   3]
 [  2   0   0   0   4 246   0   0   0]
 [  0   0   0   0   0   0 248   3   0]
 [  1   5   1   0   0   0   9 436   5]
 [  7   4  29  21   0   0   3   1 442]]
------------------------------
### log_mul + svm + bayes ### 

----------------
Logistic Regression - mul:

----------------
SVM:

----------------
Gaussian Naive Bayes:
combe: 

0.831318681319
[[248   3   7   1  30  22   4   1  12]
 [ 17 395  46   0   3   0  20   8   2]
 [  3   0 126   4   0   0  15   0   9]
 [  3   1  23 597   0   0  29   0  29]
 [ 48   0   2   2 359  15   2   0   5]
 [ 13   0   0   0  19 251   0   0   0]
 [  0   3  27   7   0   0 247  12   1]
 [  0  10  19   4   0   0  12 424  31]
 [  1  10  38  13   8   0  20   0 379]]
------------------------------
### all ### 

----------------
Decision Tree:

----------------
Gaussian Naive Bayes:

----------------
KNN:

----------------
SVM:

----------------
Perceptron:

----------------
LDA:

----------------
Logistic Regression - ovr:

----------------
Logistic Regression - mul:
combe: 

0.846703296703
[[260   1   6   1  31  20   6   1  11]
 [ 21 407  59   0   3   0  23   8   3]
 [  3   1 131   0   0   0  15   0   6]
 [  3   1  25 609   1   0  36   0  32]
 [ 39   0   1   0 366  27   0   0   7]
 [  6   0   0   0  14 241   0   0   0]
 [  0   1  20   5   0   0 248  11   0]
 [  0   7   2   0   0   0   8 423  12]
 [  1   4  44  13   4   0  13   2 397]]
######################################################
######################################################
comb1: 
[ 0.91483516  0.90961538  0.91923077  0.91098901  0.91565934  0.9206044
  0.91098901  0.91126374  0.90879121  0.90604396]
0.912802197802
comb2: 
[ 0.83846154  0.83186813  0.83379121  0.83983516  0.83736264  0.83104396
  0.8282967   0.83571429  0.82527473  0.83131868]
0.833296703297
comb3: 
[ 0.86016484  0.84175824  0.84945055  0.85879121  0.85934066  0.84945055
  0.85027473  0.85934066  0.84807692  0.8467033 ]
0.852335164835
