Starting read from Train file...
(9100, 121)
train.shape = (9100, 120)
train_labels.shape = (9100, 1)
(5460, 120) (3640, 120)

******************************************************
Combinacoes:
### knn + lda + svm ### 

----------------
KNN:

----------------
LDA:

----------------
SVM:
combe: 

0.912087912088
[[288   3   2   1  13  17   2   0   4]
 [  0 370  15   0   0   0  28   1   2]
 [  2   6 235   7   0   0  45   0   2]
 [  0   0   0 630   0   0  15   0   1]
 [ 27   1   0   0 371  19   1   0   6]
 [  5   0   0   0   3 217   0   0   0]
 [  0   0   1   1   0   0 253   2   0]
 [  0   7   3   0   0   0  13 470   5]
 [  4   4  30  13   2   0   3   4 486]]
------------------------------
### log_mul + svm + bayes ### 

----------------
Logistic Regression - mul:

----------------
SVM:

----------------
Gaussian Naive Bayes:
combe: 

0.830494505495
[[244   0   6   1  36  18   2   0  10]
 [ 12 369  39   0   0   0  27   7   4]
 [  4   1 133   1   0   0  16   0   6]
 [  0   0   8 611   3   0  27   0  21]
 [ 49   2   2   4 325  14   5   0   7]
 [ 14   0   0   0  18 221   0   0   0]
 [  0   0  27  12   0   0 235  15   1]
 [  0   8  25   5   0   0  24 454  26]
 [  3  11  46  18   7   0  24   1 431]]
------------------------------
### all ### 

----------------
Decision Tree:

----------------
Gaussian Naive Bayes:

----------------
KNN:

----------------
SVM:

----------------
Perceptron:

----------------
LDA:

----------------
Logistic Regression - ovr:

----------------
Logistic Regression - mul:
combe: 

0.861538461538
[[288   0   8   1  40  20   5   1   9]
 [  7 378  56   0   0   0  35   6   4]
 [  1   1 131   1   0   0  15   0   5]
 [  1   0   9 632   3   0  30   0  17]
 [ 21   1   2   0 330  16   4   0  10]
 [  8   0   0   0  14 217   0   0   0]
 [  0   0  31  10   0   0 254  14   0]
 [  0   8   3   0   0   0  11 454   9]
 [  0   3  46   8   2   0   6   2 452]]
######################################################
(5460, 120) (3640, 120)

******************************************************
Combinacoes:
### knn + lda + svm ### 

----------------
KNN:

----------------
LDA:

----------------
SVM:
combe: 

0.917032967033
[[289   6   3   2   8  12   0   1   3]
 [  1 402  16   0   0   0  13   0   1]
 [  1   3 250   5   0   0  54   0   7]
 [  0   0   1 588   0   0  20   1   2]
 [ 24   0   1   0 373  12   3   0   5]
 [  7   0   0   0   1 247   0   0   0]
 [  0   0   5   3   0   0 235   4   1]
 [  0   5   2   0   0   0   6 478   2]
 [  3   6  33  13   2   0   2   2 476]]
------------------------------
### log_mul + svm + bayes ### 

----------------
Logistic Regression - mul:

----------------
SVM:

----------------
Gaussian Naive Bayes:
combe: 

0.828021978022
[[247   9   7   2  25  15   4   1   9]
 [  7 384  39   0   2   0  19   8   3]
 [  1   2 129   1   0   0  13   0   9]
 [  1   1  20 577   2   0  28   1  28]
 [ 37   0   3   2 333  18   4   0   6]
 [ 28   0   0   0  11 238   0   0   0]
 [  0   1  23  11   0   0 222  13   1]
 [  0   9  26   4   0   0  23 462  19]
 [  4  16  64  14  11   0  20   1 422]]
------------------------------
### all ### 

----------------
Decision Tree:

----------------
Gaussian Naive Bayes:

----------------
KNN:

----------------
SVM:

----------------
Perceptron:

----------------
LDA:

----------------
Logistic Regression - ovr:

----------------
Logistic Regression - mul:
combe: 

0.846978021978
[[255   6   5   1  25  14   3   0   9]
 [  7 402  54   0   3   0  32   6   1]
 [  1   4 140   0   0   0  16   0   8]
 [  4   1  30 593   2   0  39   1  31]
 [ 30   0   1   0 337  19   4   0   9]
 [ 26   0   0   0  12 238   0   1   0]
 [  0   1  15   9   0   0 223  15   0]
 [  0   3   3   0   0   0   7 460   4]
 [  2   5  63   8   5   0   9   3 435]]
######################################################
(5460, 120) (3640, 120)

******************************************************
Combinacoes:
### knn + lda + svm ### 

----------------
KNN:

----------------
LDA:

----------------
SVM:
combe: 

0.911538461538
[[317   6   7   1  12  15   4   0   5]
 [  1 370  22   0   0   0  24   0   0]
 [  0   9 207   2   0   0  48   2   4]
 [  0   0   2 612   0   0  17   0   2]
 [ 28   0   0   0 382  17   1   1   3]
 [  2   0   0   0   5 243   0   0   0]
 [  0   0   2   3   0   0 243   5   0]
 [  0   2   2   1   0   0   5 471   3]
 [  2   4  31  12   0   0   8   2 473]]
------------------------------
### log_mul + svm + bayes ### 

----------------
Logistic Regression - mul:

----------------
SVM:

----------------
Gaussian Naive Bayes:
combe: 

0.829945054945
[[262   4   7   0  25  13   9   0  13]
 [ 10 361  47   0   1   0  22   5   1]
 [  2   1 113   1   1   0  16   1   5]
 [  1   1  18 602   2   0  26   0  34]
 [ 53   2   3   1 346  15   3   1   4]
 [ 18   0   0   0  17 247   0   0   0]
 [  0   1  26  14   0   0 230  15   1]
 [  0   7  21   3   0   0  24 459  31]
 [  4  14  38  10   7   0  20   0 401]]
------------------------------
### all ### 

----------------
Decision Tree:

----------------
Gaussian Naive Bayes:

----------------
KNN:

----------------
SVM:

----------------
Perceptron:

----------------
LDA:

----------------
Logistic Regression - ovr:

----------------
Logistic Regression - mul:
combe: 

0.848076923077
[[292   3   6   1  30  19   9   0  11]
 [  9 373  62   0   3   0  33   5   1]
 [  2   2 129   1   0   0  19   1   5]
 [  4   1  20 618   3   0  33   1  38]
 [ 27   2   3   0 348  18   2   0   7]
 [ 13   0   0   0  13 238   0   0   0]
 [  0   1  13   9   0   0 228  14   1]
 [  0   7   6   0   0   0  13 459  25]
 [  3   2  34   2   2   0  13   1 402]]
######################################################
(5460, 120) (3640, 120)

******************************************************
Combinacoes:
### knn + lda + svm ### 

----------------
KNN:

----------------
LDA:

----------------
SVM:
combe: 

0.91043956044
[[301   7   5   1  10  22   3   2   9]
 [  2 374  18   0   0   0  15   0   0]
 [  0   4 242   8   0   0  49   3  11]
 [  0   0   1 634   0   0  15   2   1]
 [ 32   0   0   0 375  15   0   0   4]
 [  2   0   0   0   7 232   0   0   0]
 [  0   0   3   1   0   0 246   3   0]
 [  0   6   1   0   0   0   7 471   0]
 [  1   1  28  18   1   0   6   2 439]]
------------------------------
### log_mul + svm + bayes ### 

----------------
Logistic Regression - mul:

----------------
SVM:

----------------
Gaussian Naive Bayes:
combe: 

0.832692307692
[[239   5   7   0  28  15   4   2  12]
 [ 10 362  40   0   4   0  20   3   0]
 [  0   0 127   2   0   0  20   1  10]
 [  2   1  12 633   1   0  18   2  24]
 [ 60   0   2   7 342  15   4   0   6]
 [ 24   0   0   0  13 239   0   0   0]
 [  0   1  26   8   0   0 239  10   0]
 [  0  13  33   2   0   0  18 462  24]
 [  3  10  51  10   5   0  18   3 388]]
------------------------------
### all ### 

----------------
Decision Tree:

----------------
Gaussian Naive Bayes:

----------------
KNN:

----------------
SVM:

----------------
Perceptron:

----------------
LDA:

----------------
Logistic Regression - ovr:

----------------
Logistic Regression - mul:
combe: 

0.841483516484
[[251   2   4   1  22  14   2   1  10]
 [ 10 367  60   0   2   0  30   4   2]
 [  0   1 116   1   0   0  17   1   9]
 [  3   1  12 644   1   0  29   2  20]
 [ 59   0   2   1 358  27   7   0   8]
 [ 15   0   0   0   7 228   0   0   0]
 [  0   1  28   4   0   0 236  11   0]
 [  0  16   5   0   0   0   7 461  13]
 [  0   4  71  11   3   0  13   3 402]]
######################################################
(5460, 120) (3640, 120)

******************************************************
Combinacoes:
### knn + lda + svm ### 

----------------
KNN:

----------------
LDA:

----------------
SVM:
combe: 

0.909340659341
[[312   7   4   2   7  12   0   0   4]
 [  0 371  14   0   0   0  19   0   0]
 [  0   9 240   7   0   0  48   3   5]
 [  0   0   1 593   0   0  12   1   0]
 [ 22   1   0   0 379  22   4   0   3]
 [  2   0   0   0   3 244   0   0   0]
 [  0   0   3   5   0   0 222   7   0]
 [  0   8   1   2   0   0  17 503   3]
 [  5   7  33  21   0   0   5   1 446]]
------------------------------
### log_mul + svm + bayes ### 

----------------
Logistic Regression - mul:

----------------
SVM:

----------------
Gaussian Naive Bayes:
combe: 

0.824175824176
[[256   5   7   2  24  18   5   0  13]
 [  7 363  41   0   3   0  21   5   1]
 [  0   7 117   3   0   0  16   1   7]
 [  0   2  13 589   0   0  18   1  15]
 [ 53   2   3   1 335  17   3   0   7]
 [ 17   0   0   0  15 243   0   0   0]
 [  0   1  30  15   0   0 223  19   3]
 [  0  10  31   5   0   0  25 487  28]
 [  8  13  54  15  12   0  16   2 387]]
------------------------------
### all ### 

----------------
Decision Tree:

----------------
Gaussian Naive Bayes:

----------------
KNN:

----------------
SVM:

----------------
Perceptron:

----------------
LDA:

----------------
Logistic Regression - ovr:

----------------
Logistic Regression - mul:
combe: 

0.845879120879
[[267   3   8   2  22  13   5   0  10]
 [  5 372  56   0   1   0  31   4   5]
 [  1   7 136   1   0   0  20   1   0]
 [  2   2  13 600   0   0  25   2  18]
 [ 48   0   3   0 351  24   4   0   8]
 [ 16   0   0   0  13 241   0   0   1]
 [  0   1  21  10   0   0 220  14   2]
 [  0  12   4   1   0   0  12 491  16]
 [  2   6  55  16   2   0  10   3 401]]
######################################################
(5460, 120) (3640, 120)

******************************************************
Combinacoes:
### knn + lda + svm ### 

----------------
KNN:

----------------
LDA:

----------------
SVM:
combe: 

0.909340659341
[[287   2   3   0  11  29   2   0   4]
 [  4 398  17   0   0   0  24   0   0]
 [  0   4 226   7   0   0  44   3   5]
 [  0   0   3 618   0   0  16   0   4]
 [ 27   0   0   0 389  23   1   0   2]
 [  2   0   0   0   2 248   0   0   0]
 [  0   0   4   3   0   0 214   8   0]
 [  0   2   2   1   0   0  10 479   3]
 [  2   4  30  13   0   0   6   3 451]]
------------------------------
### log_mul + svm + bayes ### 

----------------
Logistic Regression - mul:

----------------
SVM:

----------------
Gaussian Naive Bayes:
combe: 

0.832142857143
[[243   1   5   1  32  35   5   0  11]
 [ 20 383  44   0   0   0  20   6   2]
 [  2   3 127   5   0   0  12   1   6]
 [  1   0   9 613   2   0  26   0  28]
 [ 42   0   0   3 341  15   3   0   4]
 [ 12   0   0   0  18 250   0   0   0]
 [  0   0  27  11   0   0 212  15   1]
 [  0   8  24   5   0   0  28 471  28]
 [  2  15  49   4   9   0  11   0 389]]
------------------------------
### all ### 

----------------
Decision Tree:

----------------
Gaussian Naive Bayes:

----------------
KNN:

----------------
SVM:

----------------
Perceptron:

----------------
LDA:

----------------
Logistic Regression - ovr:

----------------
Logistic Regression - mul:
combe: 

0.861263736264
[[250   0   2   0  19  23   1   0   8]
 [ 16 396  36   0   0   0  24   6   2]
 [  4   7 183   3   0   0  20   3  14]
 [  2   0   7 622   2   0  23   0  25]
 [ 42   2   5   2 372  40   6   0   9]
 [  8   0   0   0   7 237   0   0   0]
 [  0   0  16  11   0   0 216  18   0]
 [  0   2   3   0   0   0  16 463  15]
 [  0   3  33   4   2   0  11   3 396]]
######################################################
(5460, 120) (3640, 120)

******************************************************
Combinacoes:
### knn + lda + svm ### 

----------------
KNN:

----------------
LDA:

----------------
SVM:
combe: 

0.912912087912
[[309   4   4   3   6  21   2   0   1]
 [  2 373  10   0   0   0  22   0   0]
 [  2   9 238   6   0   0  48   2   5]
 [  0   0   3 626   0   0  18   0   3]
 [ 18   1   1   0 389  14   1   0   2]
 [  1   0   0   0   4 237   0   0   0]
 [  0   0   1   6   0   0 232   5   0]
 [  0  10   2   0   0   0   9 460   2]
 [  4   4  35  19   0   0   6   1 459]]
------------------------------
### log_mul + svm + bayes ### 

----------------
Logistic Regression - mul:

----------------
SVM:

----------------
Gaussian Naive Bayes:
combe: 

0.832142857143
[[261   3   4   2  26  18   6   0  10]
 [ 12 365  38   1   2   0  21   3   1]
 [  2   1 123   2   0   0  18   1   9]
 [  0   1  18 621   0   0  21   0  30]
 [ 41   2   1   4 350  16   1   0   2]
 [ 17   0   0   0  15 238   0   0   0]
 [  0   2  30  10   0   0 233  14   0]
 [  0  17  23   2   0   0  20 449  31]
 [  3  10  57  18   6   0  18   1 389]]
------------------------------
### all ### 

----------------
Decision Tree:

----------------
Gaussian Naive Bayes:

----------------
KNN:

----------------
SVM:

----------------
Perceptron:

----------------
LDA:

----------------
Logistic Regression - ovr:

----------------
Logistic Regression - mul:
combe: 

0.86456043956
[[261   0   3   1  12  17   4   0   7]
 [  9 373  27   0   2   0  25   2   1]
 [  4   7 186   1   0   0  33   4   8]
 [  0   1  14 638   0   0  24   0  18]
 [ 51   4   3   0 376  28   3   1   7]
 [ 11   0   0   0   9 227   0   0   0]
 [  0   2  23   9   0   0 227  13   0]
 [  0  10   3   0   0   0  11 448  20]
 [  0   4  35  11   0   0  11   0 411]]
######################################################
(5460, 120) (3640, 120)

******************************************************
Combinacoes:
### knn + lda + svm ### 

----------------
KNN:

----------------
LDA:

----------------
SVM:
combe: 

0.909065934066
[[304   6   3   0   7  18   1   1   8]
 [  2 400  12   0   0   0  23   2   2]
 [  1  12 234   5   0   0  37   1   5]
 [  0   0   2 598   0   0  19   2   4]
 [ 27   0   0   0 394  21   1   0   2]
 [  5   0   0   0   3 252   0   0   0]
 [  0   0   4   4   0   0 239   5   0]
 [  1   2   2   0   0   0   9 434   2]
 [  2   6  36  17   0   0   7   2 454]]
------------------------------
### log_mul + svm + bayes ### 

----------------
Logistic Regression - mul:

----------------
SVM:

----------------
Gaussian Naive Bayes:
combe: 

0.822802197802
[[247   7   5   0  28  19   3   1  14]
 [ 11 395  44   0   2   0  17  13   2]
 [  2   6 117   2   0   0  22   2   4]
 [  2   1  10 589   1   0  29   2  31]
 [ 53   1   4   5 353  18   3   0   4]
 [ 21   0   0   0  16 254   0   0   0]
 [  0   0  31   7   0   0 230  13   1]
 [  1   6  21   4   0   0  16 416  27]
 [  5  10  61  17   4   0  16   0 394]]
------------------------------
### all ### 

----------------
Decision Tree:

----------------
Gaussian Naive Bayes:

----------------
KNN:

----------------
SVM:

----------------
Perceptron:

----------------
LDA:

----------------
Logistic Regression - ovr:

----------------
Logistic Regression - mul:
combe: 

0.846428571429
[[250   1   3   0  16  17   2   1  15]
 [ 17 415  64   0   2   0  28  10   5]
 [  1   4 138   0   0   0  20   1   1]
 [  1   0  10 602   0   0  33   2  26]
 [ 57   1   5   0 378  28   5   0   7]
 [ 15   0   0   0   5 246   0   0   0]
 [  0   0  19   9   0   0 226  10   0]
 [  0   1   3   0   0   0   9 421  18]
 [  1   4  51  13   3   0  13   2 405]]
######################################################
(5460, 120) (3640, 120)

******************************************************
Combinacoes:
### knn + lda + svm ### 

----------------
KNN:

----------------
LDA:

----------------
SVM:
combe: 

0.912362637363
[[308   4   2   1   9  21   3   2   7]
 [  2 386  12   0   0   0  18   0   1]
 [  1  10 223   7   0   0  46   2   7]
 [  0   0   1 614   1   0  11   0   2]
 [ 19   1   1   0 386  14   0   1   3]
 [  4   0   0   0   4 262   0   0   0]
 [  0   0   2   3   0   0 234  11   0]
 [  0   4   4   1   0   0   7 456   5]
 [  4   6  29  19   0   0   6   1 452]]
------------------------------
### log_mul + svm + bayes ### 

----------------
Logistic Regression - mul:

----------------
SVM:

----------------
Gaussian Naive Bayes:
combe: 

0.832692307692
[[254   2   3   0  31  22   3   2  19]
 [ 18 386  44   0   1   0  23   6   3]
 [  1   3 121   4   0   0  11   0   8]
 [  2   1  14 607   3   0  22   0  24]
 [ 46   0   2   0 343  15   2   1   3]
 [ 13   0   0   0  13 260   0   0   0]
 [  0   1  22  13   0   0 217  17   1]
 [  0   7  21   8   0   0  28 447  23]
 [  4  11  47  13   9   0  19   0 396]]
------------------------------
### all ### 

----------------
Decision Tree:

----------------
Gaussian Naive Bayes:

----------------
KNN:

----------------
SVM:

----------------
Perceptron:

----------------
LDA:

----------------
Logistic Regression - ovr:

----------------
Logistic Regression - mul:
combe: 

0.858241758242
[[289   2   8   1  32  25   6   2  15]
 [ 14 399  55   0   2   0  30   3   3]
 [  0   1 130   1   0   0  17   1   5]
 [  5   1  18 621   4   0  27   1  28]
 [ 21   0   1   0 352  21   0   0   7]
 [  7   0   0   0   8 251   0   0   0]
 [  0   1  17  10   0   0 224  17   0]
 [  0   2   4   0   0   0  14 445   6]
 [  2   5  41  12   2   0   7   4 413]]
######################################################
(5460, 120) (3640, 120)

******************************************************
Combinacoes:
### knn + lda + svm ### 

----------------
KNN:

----------------
LDA:

----------------
SVM:
combe: 

0.914285714286
[[302   6   2   1  10  13   1   2   8]
 [  1 383  15   0   0   0  19   0   1]
 [  2   7 230   7   0   0  33   3   6]
 [  0   0   1 611   0   0  21   0   4]
 [ 24   1   1   0 377  17   1   0   6]
 [  3   0   0   0   1 254   0   0   0]
 [  0   0   2   2   0   0 237   5   0]
 [  1   8   2   0   0   0  10 480   2]
 [  3   4  34  18   0   0   3   1 454]]
------------------------------
### log_mul + svm + bayes ### 

----------------
Logistic Regression - mul:

----------------
SVM:

----------------
Gaussian Naive Bayes:
combe: 

0.834065934066
[[259   7   7   1  34  20   4   2  16]
 [ 10 376  45   0   2   0  21   5   2]
 [  1   2 119   1   0   0   7   0   7]
 [  3   1  15 607   1   0  24   0  24]
 [ 46   0   3   3 333  15   4   0   6]
 [ 14   0   0   0  13 249   0   0   0]
 [  0   3  27  10   0   0 235  14   1]
 [  1   9  30   4   0   0  20 468  35]
 [  2  11  41  13   5   0  10   2 390]]
------------------------------
### all ### 

----------------
Decision Tree:

----------------
Gaussian Naive Bayes:

----------------
KNN:

----------------
SVM:

----------------
Perceptron:

----------------
LDA:

----------------
Logistic Regression - ovr:

----------------
Logistic Regression - mul:
combe: 

0.854395604396
[[278   4   6   1  33  18   5   3  15]
 [ 10 382  57   0   0   0  24   5   5]
 [  1   5 140   0   0   0  12   0  11]
 [  6   1  23 626   3   0  34   1  26]
 [ 30   0   1   0 343  22   4   0   8]
 [ 10   0   0   0   7 244   0   0   0]
 [  0   3  17   5   0   0 232  13   1]
 [  0  10   4   0   0   0   9 468  18]
 [  1   4  39   7   2   0   5   1 397]]
######################################################
######################################################
comb1: 
[ 0.91208791  0.91703297  0.91153846  0.91043956  0.90934066  0.90934066
  0.91291209  0.90906593  0.91236264  0.91428571]
0.911840659341
comb2: 
[ 0.83049451  0.82802198  0.82994505  0.83269231  0.82417582  0.83214286
  0.83214286  0.8228022   0.83269231  0.83406593]
0.829917582418
comb3: 
[ 0.86153846  0.84697802  0.84807692  0.84148352  0.84587912  0.86126374
  0.86456044  0.84642857  0.85824176  0.8543956 ]
0.852884615385
