Starting read from Train file...
(9100, 121)
train.shape = (9100, 120)
train_labels.shape = (9100, 1)
(5460, 120) (3640, 120)

******************************************************
Decision Tree:

0.737637362637
[[226  11   3   3  70  20   2   1  14]
 [  8 290  44   1   8   0  27  18  18]
 [ 11  39 115   5   9   0  50  19  44]
 [  0   0  13 544   1   0  21   2  33]
 [ 43   2   1   8 306  31   1   2  12]
 [ 17   0   0   0  22 260   0   0   0]
 [  9  17  53  21   6   0 188  12  31]
 [  4   8   8   2   0   0  11 429   7]
 [  1  19  41  22   9   1  27  12 327]]

******************************************************
Gaussian Naive Bayes:

0.533241758242
[[103  26   3   0 152  35   0   0   0]
 [  0 254  20   2  26   0  12  71   1]
 [  0  70  43  39  13   0  65  48   0]
 [  0   1   5 486  35   0  73   6   0]
 [ 73  49   4   2 278  25   0   0   0]
 [ 25   0   0   0  56 231   0   0   0]
 [  0  24  29  55  16   0 143  60   0]
 [  0  63   3   3   1   0  27 398   0]
 [  7  54  57 106  18   0 155  84   5]]

******************************************************
KNN:
---------------------
KNN ==  5 :

0.838461538462
[[284   2   4   4  17   8   0   0   0]
 [  6 333  31   0   0   0   7   6   3]
 [  7  24 173   4   0   0  32   0  38]
 [  0   0   3 582   0   0   8   0  13]
 [ 59   9   5   2 334  17   0   0   5]
 [ 25   0   0   0  17 270   0   0   0]
 [  7   9  50  23   1   0 221   4  12]
 [  2   4   7   2   0   0  15 460   5]
 [  6   5  45  17   4   0   7   7 395]]
---------------------
KNN ==  9 :

0.830769230769
[[276   5   7   5  14  11   0   0   1]
 [  5 334  30   0   0   0   6   6   5]
 [  4  24 183   3   1   0  22   0  41]
 [  0   0   4 581   0   0   9   0  12]
 [ 62   9   3   3 326  23   0   0   5]
 [ 25   0   0   0  15 272   0   0   0]
 [  4  10  56  23   1   0 204   5  24]
 [  2   4   8   2   0   0  15 457   7]
 [  5   4  46  18   3   0   7  12 391]]
---------------------
KNN ==  11 :

0.825274725275
[[270   7   7   5  18  12   0   0   0]
 [  7 331  29   1   0   0   5   8   5]
 [  4  22 179   6   0   0  23   1  43]
 [  0   0   3 582   0   0   8   0  13]
 [ 62   8   3   6 325  21   0   0   6]
 [ 21   0   0   0  17 274   0   0   0]
 [  3  11  57  22   1   0 203   5  25]
 [  2   4   9   2   0   0  15 455   8]
 [  6   1  54  20   4   0   5  11 385]]
---------------------
KNN ==  13 :

0.819505494505
[[266   8   7   6  18  13   0   1   0]
 [  7 325  34   1   0   0   6   8   5]
 [  4  22 183   5   1   0  23   1  39]
 [  0   0   3 581   0   0   9   0  13]
 [ 59  10   4   7 319  25   0   0   7]
 [ 22   0   0   0  19 271   0   0   0]
 [  5  11  54  22   1   0 201   3  30]
 [  2   4  11   2   0   0  14 456   6]
 [  7   2  51  24   5   0   4  12 381]]

******************************************************
SVM:

0.917857142857

******************************************************
Perceptron:

0.563461538462
[[308   0   0   2   0   3   0   2   4]
 [108  22   0   1   0   0   0 206  49]
 [ 55   0   0  21   0   0   0  99 103]
 [  7   0   0 587   0   0   1   6   5]
 [224   0   0  15  59  53   0   0  80]
 [ 67   0   0   0   4 240   0   1   0]
 [ 50   0   0  69   0   0   2 162  44]
 [  4   0   0   2   0   0   0 485   4]
 [ 21   0   0  44   0   0   0  73 348]]

******************************************************
LDA:

0.904945054945
[[295   0   9   0   5   8   0   0   2]
 [  0 354  20   0   0   0   3   4   5]
 [  0   5 228   9   0   0  12   0  24]
 [  1   0   5 578   0   0  13   0   9]
 [ 23   6   0   0 389   4   0   0   9]
 [ 10   0   0   0  13 289   0   0   0]
 [  0  14  37  15   0   0 258   2   1]
 [  0   1   7   2   0   0  23 459   3]
 [  6   1  21  12   0   0   2   0 444]]

******************************************************
Logistic Regression - ovr:

0.785989010989
[[244  25   5   5  30   8   1   0   1]
 [  2 353   1   1   0   0   1  20   8]
 [  6  65  82  24   0   0  26   2  73]
 [  1   0   0 593   0   0   4   0   8]
 [ 59   9   1   6 300  20   0   0  36]
 [ 29   3   0   0  31 249   0   0   0]
 [  6  39  16  55   0   0 187  10  14]
 [  1   6   1   2   0   0  15 463   7]
 [ 11   2  11  55   7   0   0  10 390]]

******************************************************
Logistic Regression - mul:

0.805494505495
[[235  21   3   4  44  10   0   0   2]
 [  0 348   6   1   1   0   5  14  11]
 [  5  42  98  21   2   0  37   1  72]
 [  0   0   0 582   4   0  13   0   7]
 [ 46   5   2   3 332  18   0   0  25]
 [ 20   0   0   0  26 266   0   0   0]
 [  4  21  21  36   3   0 214   7  21]
 [  0  12   1   2   0   0  18 458   4]
 [ 10   0  15  38  12   0   2  10 399]]
######################################################
(5460, 120) (3640, 120)

******************************************************
Decision Tree:

0.74010989011
[[234   3   7   0  54  40   3   1   6]
 [ 19 281  38   0   5   1  15  14  17]
 [  3  52 130   9   3   0  41   9  51]
 [  3   1  10 602   3   0  21   0  17]
 [ 30   8   6   3 286  21   0   1   9]
 [ 18   0   0   0  40 202   0   0   1]
 [  0  13  56  16   2   0 208  15  17]
 [  5  13   9   2   3   0  23 412  12]
 [  8  19  54  32   7   3  42  12 339]]

******************************************************
Gaussian Naive Bayes:

0.542032967033
[[ 96  19   5   0 158  42   0   0   0]
 [  0 235  44   2  35   0   6  66   2]
 [  0  68  77  29  17   0  56  63   0]
 [  0   0   8 551  33   0  67   5   0]
 [ 61  37   4   4 273  24   0   0   0]
 [ 21   0   0   0  51 195   0   0   0]
 [  0  12  41  63  15   0 151  64   7]
 [  0  45   9   3   0   0  14 392   1]
 [  8  55  79 100  11   0 123  90   3]]

******************************************************
KNN:
---------------------
KNN ==  5 :

0.829945054945
[[277   4   7   2  19   7   0   2   2]
 [  7 340  29   0   1   0   5   5   3]
 [  7  25 197   4   0   0  30   2  45]
 [  0   0   5 636   0   0  13   0  10]
 [ 52   6   6   6 293  35   0   0   5]
 [ 19   1   0   0   7 240   0   0   0]
 [  5  18  53  20   0   0 229   8  20]
 [  1   4   9   0   0   0  13 431   6]
 [  8   5  40  17   1   0   6  14 378]]
---------------------
KNN ==  9 :

0.816483516484
[[272   3   7   2  22   9   0   2   3]
 [  7 335  32   0   1   0   6   6   3]
 [  6  23 197   4   0   0  28   1  51]
 [  0   0   6 630   0   0  13   0  15]
 [ 64   6   5   6 287  31   0   0   4]
 [ 25   0   0   0  11 231   0   0   0]
 [  5  15  59  21   0   0 217  11  25]
 [  1   3   7   0   0   0  14 434   5]
 [ 13   5  46  20   0   0   3  13 369]]
---------------------
KNN ==  11 :

0.816758241758
[[272   1   9   3  20   9   0   3   3]
 [  7 337  29   0   0   0   6   6   5]
 [  6  22 193   3   0   0  31   1  54]
 [  0   0   5 633   0   0  10   0  16]
 [ 59   7   3   7 285  36   0   0   6]
 [ 24   0   0   0  14 229   0   0   0]
 [  6  14  58  18   0   0 221   7  29]
 [  1   2   7   0   0   0  13 435   6]
 [ 12   2  50  19   0   0   5  13 368]]
---------------------
KNN ==  13 :

0.817582417582
[[264   4   8   4  22  12   0   3   3]
 [  6 335  34   0   0   1   4   6   4]
 [  5  17 200   4   0   0  28   1  55]
 [  0   0   4 634   0   0  11   0  15]
 [ 59   6   4   9 283  36   0   0   6]
 [ 23   0   0   0  15 229   0   0   0]
 [  4  13  54  18   0   0 224   9  31]
 [  1   4   8   0   0   0  12 434   5]
 [ 11   3  47  16   1   0   3  15 373]]

******************************************************
SVM:

0.915659340659

******************************************************
Perceptron:

0.675549450549
[[253  42   0   1  20   4   0   0   0]
 [  0 390   0   0   0   0   0   0   0]
 [  4 280   0   7   0   0   5   0  14]
 [  5   8   0 636   3   0   5   0   7]
 [ 65  32   0   3 276  20   0   0   7]
 [ 46   9   0   0  16 196   0   0   0]
 [  7 167   0  32   1   0 144   1   1]
 [  6  68   0   0   0   0  30 360   0]
 [ 21 172   0  50  15   1   0   6 204]]

******************************************************
LDA:

0.899175824176
[[283   1   8   1  15   9   0   0   3]
 [  1 349  33   0   0   0   4   0   3]
 [  2   3 251   5   0   0  15   0  34]
 [  0   0   3 641   0   0  14   0   6]
 [ 31   2   1   0 356   8   0   0   5]
 [ 12   0   0   0   9 246   0   0   0]
 [  0  15  33   9   0   0 288   5   3]
 [  0   2   2   0   0   0  21 438   1]
 [  7   0  30   9   1   0   1   0 421]]

******************************************************
Logistic Regression - ovr:

0.78489010989
[[249  23   2   3  26  12   0   0   5]
 [  2 360   2   0   0   1   3  12  10]
 [  6  89  65  21   1   0  38   4  86]
 [  2   0   0 647   0   0   5   0  10]
 [ 53   5   1   5 291  28   0   0  20]
 [ 24   1   0   0  21 221   0   0   0]
 [  8  34  12  47   1   0 207  19  25]
 [  2   4   0   1   0   0  11 439   7]
 [ 11   7  12  39   4   0   0  18 378]]

******************************************************
Logistic Regression - mul:

0.801648351648
[[235  18   1   3  45  15   1   0   2]
 [  1 349   8   0   1   1   5   7  18]
 [  3  53  98  15   4   0  53   3  81]
 [  0   0   0 638   3   0  12   0  11]
 [ 38   4   1   5 317  24   0   0  14]
 [ 21   0   0   0  18 228   0   0   0]
 [  3  24  15  29   1   0 241  11  29]
 [  0  11   1   0   0   1  19 431   1]
 [ 14   6  14  28   7   0   3  16 381]]
######################################################
(5460, 120) (3640, 120)

******************************************************
Decision Tree:

0.731043956044
[[211  10   8   0  44  27   4   4   9]
 [  6 316  49   1   3   0  26   8   8]
 [  7  34 134   8   5   0  45  12  51]
 [  0   1  10 518   0   0  30   3  41]
 [ 41  10   5   3 281  29   2   1  11]
 [ 27   1   0   0  42 249   0   0   0]
 [  8  14  37  18   8   1 188  16  15]
 [  0  19   9   0   2   0  23 446  12]
 [  8  17  50  36  13   0  31  16 318]]

******************************************************
Gaussian Naive Bayes:

0.543956043956
[[104  18   4   0 134  47   0   1   0]
 [  1 282  19   2  39   0   7  72   0]
 [  0  79  62  32  20   0  58  51   0]
 [  0   0   4 463  26   0  88   3   0]
 [ 62  37   3   1 268  26   0   1   0]
 [ 20   0   0   0  49 237   0   0   0]
 [  0  27  28  48  17   0 152  72   5]
 [  0  63  12   2   3   0  25 400   1]
 [  9  52  62  95  13   0 120 102  12]]

******************************************************
KNN:
---------------------
KNN ==  5 :

0.831043956044
[[250   5   7   3  22  19   0   1   1]
 [ 12 367  24   0   1   1   2  11   4]
 [  3  25 220   3   1   0  17   2  31]
 [  1   0   2 562   0   0   8   0  11]
 [ 51   5   5   2 305  28   0   0   2]
 [ 23   0   0   0  17 266   0   0   0]
 [  7  15  59  22   2   0 220  11  13]
 [  2   5   5   1   0   0  19 469   5]
 [  8   5  46  20   3   0   6  11 366]]
---------------------
KNN ==  9 :

0.824175824176
[[248   6  12   2  17  21   0   0   2]
 [ 14 362  25   0   1   0   4  11   5]
 [  6  29 211   5   1   0  15   2  33]
 [  0   0   5 559   0   0   7   0  13]
 [ 54   7   6   2 300  26   0   0   3]
 [ 24   0   0   0  16 266   0   0   0]
 [  8  15  53  23   0   0 219  11  20]
 [  3   4   6   1   0   0  19 469   4]
 [  9   4  50  22   3   0   3   8 366]]
---------------------
KNN ==  11 :

0.818956043956
[[247   6  11   1  19  21   0   1   2]
 [ 12 365  23   0   1   0   3  13   5]
 [  3  28 205   5   1   0  21   2  37]
 [  0   0   3 560   0   0   8   0  13]
 [ 55   6   8   2 290  33   0   0   4]
 [ 24   0   0   0  16 266   0   0   0]
 [  6  13  53  23   0   0 218  11  25]
 [  3   6   6   1   0   0  18 467   5]
 [ 10   5  48  23   4   0   4   8 363]]
---------------------
KNN ==  13 :

0.815384615385
[[246   6  13   3  15  22   0   1   2]
 [ 11 363  24   0   1   0   4  13   6]
 [  3  32 199   4   1   0  18   2  43]
 [  0   0   6 559   0   0   5   0  14]
 [ 55   6   7   2 289  36   0   0   3]
 [ 24   0   0   0  17 265   0   0   0]
 [  6  12  50  24   0   0 220   9  28]
 [  3   4   5   1   0   0  19 470   4]
 [ 11   5  50  26   4   0   3   9 357]]

******************************************************
SVM:

0.916483516484

******************************************************
Perceptron:

0.611263736264
[[298   7   0   2   0   1   0   0   0]
 [ 18 374   0   2   0   0   0  28   0]
 [ 52 161   0  38   0   0   0   7  44]
 [  1   0   0 575   0   0   0   0   8]
 [258  20   0  24  11  33   0   0  52]
 [ 98   1   0   0   0 207   0   0   0]
 [ 53  73   1 129   0   0   0  79  14]
 [  9  14   0   3   0   0   0 480   0]
 [ 32  11   0 119   0   0   0  23 280]]

******************************************************
LDA:

0.892857142857
[[268   0   8   0  15  14   0   0   3]
 [  5 379  23   1   1   0   2   6   5]
 [  3   6 248   8   0   0  10   1  26]
 [  0   0   3 561   0   0   9   0  11]
 [ 36   1   2   0 342  12   0   1   4]
 [ 12   0   0   0   9 285   0   0   0]
 [  0  15  38   9   0   0 277   6   4]
 [  0   0   7   1   0   0  32 464   2]
 [  8   0  18  12   1   0   0   0 426]]

******************************************************
Logistic Regression - ovr:

0.781868131868
[[240  16   1   3  27  17   1   0   3]
 [  3 372   1   2   0   1   2  29  12]
 [  8  71  81  24   0   0  25   5  88]
 [  1   0   1 565   0   0   3   0  14]
 [ 41   3   1   3 313  23   0   0  14]
 [ 32   0   0   0  24 250   0   0   0]
 [ 10  37  15  61   1   0 192  15  18]
 [  1   4   0   1   0   0  22 467  11]
 [ 14   4   9  52   7   0   0  13 366]]

******************************************************
Logistic Regression - mul:

0.796153846154
[[217  13   5   3  47  20   1   0   2]
 [  4 374   3   2   1   1   6  20  11]
 [  8  47 107  19   2   0  33   4  82]
 [  0   0   1 556   3   0   8   0  16]
 [ 32   3   1   2 330  22   0   0   8]
 [ 29   0   0   0  20 257   0   0   0]
 [  7  22  18  40   3   0 221  12  26]
 [  0   9   0   1   0   1  24 462   9]
 [ 15   1  11  39  10   0   1  14 374]]
######################################################
(5460, 120) (3640, 120)

******************************************************
Decision Tree:

0.742032967033
[[226  10   5   2  41  20   5   2   7]
 [  5 312  30   0   5   0  14  13  19]
 [  9  52 132  13   3   0  44   8  60]
 [  2   0  11 558   2   0  24   2  21]
 [ 54   4   1   2 306  28   1   0   6]
 [ 29   0   0   0  34 224   0   0   0]
 [  2  18  35  16   4   0 200  15  24]
 [  1  14  15   0   2   0  13 431  18]
 [ 11  17  47  36  12   0  36  15 312]]

******************************************************
Gaussian Naive Bayes:

0.546153846154
[[ 93  26   3   0 170  47   0   0   0]
 [  0 270  36   3  26   0   7  84   1]
 [  0  57  65  34  12   0  52  56   0]
 [  0   0   7 511  23   0  83   3   0]
 [ 61  45   2   1 277  23   0   0   0]
 [ 23   0   0   0  42 207   0   0   0]
 [  0  20  28  53  10   0 159  63   4]
 [  0  49  10   1   1   0  26 399   0]
 [  6  55  61  84  10   0 143 101   7]]

******************************************************
KNN:
---------------------
KNN ==  5 :

0.84010989011
[[292   8   4   2  18  11   0   0   4]
 [  6 373  31   0   1   0   5   6   5]
 [  4  18 198   1   0   0  22   1  32]
 [  1   0   5 600   0   0   5   1  15]
 [ 57   3   2   2 315  25   0   0   5]
 [ 20   0   0   0  12 240   0   0   0]
 [  2   9  59  27   1   0 209   6  24]
 [  4   1   6   0   0   0  16 455   4]
 [ 11   4  48  12   2   0   2  12 376]]
---------------------
KNN ==  9 :

0.828846153846
[[279   6   9   3  19  19   0   0   4]
 [  8 368  33   0   0   0   2  11   5]
 [  3  18 192   1   0   0  19   1  42]
 [  0   0   6 601   0   0   7   0  13]
 [ 61   4   3   3 308  28   0   0   2]
 [ 22   0   0   0   9 241   0   0   0]
 [  3  11  59  28   1   0 200   6  29]
 [  3   1   8   0   0   0  16 456   2]
 [  9   4  51  12   2   0   1  16 372]]
---------------------
KNN ==  11 :

0.826373626374
[[278   8  11   2  20  19   0   0   1]
 [  7 365  35   0   0   0   3  10   7]
 [  2  20 192   1   0   0  18   1  42]
 [  0   0   3 603   0   0   6   0  15]
 [ 57   3   3   6 306  32   0   0   2]
 [ 24   0   0   0   9 239   0   0   0]
 [  4   9  57  27   1   0 205   5  29]
 [  3   1   8   0   0   0  18 453   3]
 [  8   4  55  13   2   0   2  16 367]]
---------------------
KNN ==  13 :

0.821153846154
[[271   7  13   2  23  22   0   0   1]
 [  6 367  32   0   0   0   3  11   8]
 [  2  19 191   2   0   0  17   1  44]
 [  0   0   1 602   0   0   6   0  18]
 [ 60   5   3   5 304  30   0   0   2]
 [ 25   0   0   0  11 236   0   0   0]
 [  3   9  57  29   1   0 201   6  31]
 [  4   1   5   0   0   0  18 454   4]
 [  6   5  57  12   3   1   2  18 363]]

******************************************************
SVM:

0.926648351648

******************************************************
Perceptron:

0.57032967033
[[286   3   5  34   6   1   0   4   0]
 [ 14 226  32  18   1   0   0 136   0]
 [ 10   9  94  94   1   0   0  67   1]
 [  0   0   0 625   0   0   0   2   0]
 [126   1  15  66 194   6   0   0   1]
 [ 86   0   0   0  38 148   0   0   0]
 [  8   8  13 210   0   0  11  87   0]
 [  2   0   0   6   0   0   2 476   0]
 [  9   3  28 272  12   0   0 127  16]]

******************************************************
LDA:

0.896978021978
[[298   0  10   1  16  11   0   0   3]
 [  3 385  28   0   0   0   1   6   4]
 [  1   1 231   7   0   0  10   0  26]
 [  1   0   3 594   0   0  15   0  14]
 [ 33   1   1   0 359   9   0   0   6]
 [  9   0   0   0   7 256   0   0   0]
 [  0  19  31  18   1   0 266   1   1]
 [  0   1   8   0   0   0  26 449   2]
 [  4   0  21  12   1   0   1   1 427]]

******************************************************
Logistic Regression - ovr:

0.796978021978
[[262  22   1   3  37  11   1   0   2]
 [  1 381   2   1   1   1   1  28  11]
 [  6  54  94  21   0   0  23   5  73]
 [  2   0   0 606   0   0   8   0  11]
 [ 61   2   1   9 297  22   0   0  17]
 [ 24   1   0   0  27 220   0   0   0]
 [  5  33  15  50   1   0 204  14  15]
 [  1   5   0   0   0   0  19 451  10]
 [  9   5   6  36   6   0   0  19 386]]

******************************************************
Logistic Regression - mul:

0.81510989011
[[238  17   6   3  57  18   0   0   0]
 [  1 385   6   0   1   1   4  17  12]
 [  4  40 108  17   1   0  34   2  70]
 [  1   0   0 597   2   0  13   0  14]
 [ 42   2   0   5 332  19   0   0   9]
 [ 19   0   0   0  18 235   0   0   0]
 [  1  19  19  38   2   0 233   8  17]
 [  0   7   0   0   0   1  26 448   4]
 [  8   4   9  25   9   1   0  20 391]]
######################################################
(5460, 120) (3640, 120)

******************************************************
Decision Tree:

0.741758241758
[[219   7   6   1  47  20   1   3   7]
 [  7 296  51   0   6   0  13  19  14]
 [  9  46 121  10   3   0  42  12  58]
 [  1   1   5 595   4   0  22   1  23]
 [ 50   4   3   0 276  21   5   0   8]
 [ 29   0   0   0  38 234   0   0   0]
 [  3  13  40  22   3   0 208  22  29]
 [  0  17  12   0   0   0  13 426  15]
 [  9  22  52  30   5   0  24  12 325]]

******************************************************
Gaussian Naive Bayes:

0.540384615385
[[101  28   4   0 150  43   0   1   0]
 [  0 247  47   1  30   0  11  69   1]
 [  1  51  80  34  19   0  46  59   0]
 [  0   0   5 538  22   0  86   7   0]
 [ 71  40   3   2 245  21   0   0   0]
 [ 15   0   0   0  41 219   0   0   0]
 [  0  13  42  52  13   0 140  66   2]
 [  0  55  12   1   2   0  30 394   1]
 [ 12  47  79  90  14   0 142  92   3]]

******************************************************
KNN:
---------------------
KNN ==  5 :

0.835164835165
[[275   7   3   2  21  15   0   1   3]
 [  7 356  25   0   1   0   7   6   4]
 [  6  24 193   1   1   0  25   0  40]
 [  1   0   5 620   0   0  13   0  19]
 [ 53   4   2   6 286  28   1   0   2]
 [ 19   0   0   0   9 247   0   0   0]
 [  6   6  44  28   0   0 229   6   9]
 [  3   5   9   0   0   0  24 449   5]
 [  9   7  45  13   3   0   8   9 385]]
---------------------
KNN ==  9 :

0.833791208791
[[271   5   7   2  20  16   0   1   5]
 [  6 353  29   0   1   0   3   8   6]
 [  4  26 196   1   0   0  22   0  41]
 [  0   0   8 624   0   0  10   0  16]
 [ 48   3   2   7 288  31   0   0   3]
 [ 21   0   0   0   9 245   0   0   0]
 [  4   7  36  26   1   0 227   5  22]
 [  4   3   9   0   0   0  23 450   6]
 [ 12   5  45  14   3   0   4  15 381]]
---------------------
KNN ==  11 :

0.832417582418
[[270   4   7   3  22  14   0   1   6]
 [  5 352  30   0   1   0   3   9   6]
 [  3  25 196   1   1   0  21   1  42]
 [  0   0   6 624   0   0   8   0  20]
 [ 46   3   2   8 287  32   0   0   4]
 [ 21   0   0   0   8 246   0   0   0]
 [  4   7  35  29   1   0 231   5  16]
 [  4   3  10   0   0   0  23 447   8]
 [ 14   4  45  17   2   0   4  16 377]]
---------------------
KNN ==  13 :

0.826648351648
[[269   6   5   3  22  16   0   1   5]
 [  8 350  29   0   1   0   3   9   6]
 [  5  24 194   1   1   0  21   1  43]
 [  0   0   5 623   0   0   7   0  23]
 [ 50   3   2  10 280  32   0   0   5]
 [ 19   0   0   0   9 247   0   0   0]
 [  3   9  35  29   0   0 226   5  21]
 [  4   4  11   0   0   0  22 444  10]
 [ 13   4  49  16   2   0   5  14 376]]

******************************************************
SVM:

0.919230769231

******************************************************
Perceptron:

0.401923076923
[[ 21  36   0   0 267   3   0   0   0]
 [  0 328   0   0  78   0   0   0   0]
 [  0  85   0   0 205   0   0   0   0]
 [  0   2   0 342 314   0   0   0   0]
 [  0   0   0   0 376   6   0   0   0]
 [  3   3   0   0 163 106   0   0   0]
 [  0 147   0   9 154   0  17   1   0]
 [  0 216   0   0   8   0   9 262   0]
 [  0  26   0   0 442   0   0   0  11]]

******************************************************
LDA:

0.905769230769
[[289   0  12   1  12  10   0   0   3]
 [  2 370  22   0   0   0   1   6   5]
 [  1   3 241   6   0   0  14   0  25]
 [  1   0   1 639   0   0  12   0   5]
 [ 30   0   2   2 335   8   0   0   5]
 [  7   0   0   0  10 258   0   0   0]
 [  1  14  22  16   0   0 270   2   3]
 [  0   1   7   0   0   0  24 463   0]
 [  7   1  25   8   4   0   1   1 432]]

******************************************************
Logistic Regression - ovr:

0.793406593407
[[243  22   1   4  37  16   2   0   2]
 [  2 367   0   1   0   1   1  24  10]
 [ 11  72  73  20   0   0  30   3  81]
 [  1   0   0 637   0   0   5   0  15]
 [ 46   3   0   9 280  26   0   0  18]
 [ 21   1   0   0  17 236   0   0   0]
 [  6  25   9  48   2   0 200  15  23]
 [  0   3   0   1   0   0  17 464  10]
 [ 14   7   6  40   4   0   2  18 388]]

******************************************************
Logistic Regression - mul:

0.808241758242
[[232  16   3   3  47  20   1   0   5]
 [  1 367   2   1   0   1   5  17  12]
 [  7  50  93  16   5   0  46   2  71]
 [  0   0   0 629   1   0  13   0  15]
 [ 34   2   0   7 301  24   0   0  14]
 [ 19   0   0   0  14 242   0   0   0]
 [  4  12  15  29   3   0 235   9  21]
 [  0  10   0   0   0   0  26 452   7]
 [ 16   2   8  30  10   0   5  17 391]]
######################################################
(5460, 120) (3640, 120)

******************************************************
Decision Tree:

0.735989010989
[[225  12   3   0  43  31   1   4   7]
 [  6 306  44   3   4   0  20  20  18]
 [ 11  47 144   7   8   0  58  20  56]
 [  2   0   4 563   5   0  16   2  31]
 [ 35   5   1   0 294  33   3   0   6]
 [ 24   0   0   0  29 226   0   0   0]
 [  4   8  49  17   5   0 196  17  21]
 [  1  12  12   0   1   0  16 412  13]
 [ 10  16  39  31  15   0  31  24 313]]

******************************************************
Gaussian Naive Bayes:

0.535164835165
[[ 91  23   7   0 152  44   0   1   0]
 [  1 272  25   4  27   0  12  65   0]
 [  0  83  46  30  14   0  71  52   0]
 [  0   1   6 494  28   0  83   9   0]
 [ 59  43   5   3 273  20   0   1   0]
 [ 20   0   0   0  42 228   0   0   0]
 [  0  25  39  44  15   0 157  61   0]
 [  0  65   3   4   1   0  40 386   0]
 [  7  59  48  90  13   0 168  79   1]]

******************************************************
KNN:
---------------------
KNN ==  5 :

0.831593406593
[[270   5   6   5  15  12   1   1   3]
 [  8 361  22   0   2   0   6   4   3]
 [  2  32 200   2   0   0  32   3  25]
 [  0   0   5 596   0   0   8   0  12]
 [ 54   9   5   9 305  19   0   0   3]
 [ 25   0   0   0  19 246   0   0   0]
 [  5  17  55  25   0   0 214   6  19]
 [  3   7   7   1   0   0  18 457   6]
 [  8   5  49   6   3   0  10   6 378]]
---------------------
KNN ==  9 :

0.825
[[260   2   8   4  22  18   0   0   4]
 [ 11 361  21   0   2   0   5   3   3]
 [  1  31 201   2   0   0  29   3  29]
 [  1   0   5 587   0   0  11   0  17]
 [ 60   8   7  10 291  26   0   0   2]
 [ 20   0   0   0  14 256   0   0   0]
 [  4  19  49  28   0   0 212   4  25]
 [  3   7   6   1   0   0  24 454   4]
 [  9   1  49   9   3   0   6   7 381]]
---------------------
KNN ==  11 :

0.824450549451
[[264   2   7   3  20  18   0   0   4]
 [ 10 366  17   0   2   0   5   3   3]
 [  0  32 194   1   0   0  31   3  35]
 [  0   0   5 589   0   0   9   0  18]
 [ 57   8   8  11 292  26   0   0   2]
 [ 22   0   0   0  15 253   0   0   0]
 [  4  18  47  25   1   0 215   3  28]
 [  3   8   7   1   0   0  27 449   4]
 [ 10   1  49   9   5   0   4   8 379]]
---------------------
KNN ==  13 :

0.825824175824
[[258   3   8   5  23  17   0   0   4]
 [ 10 368  15   0   1   0   5   3   4]
 [  0  33 199   1   0   0  25   3  35]
 [  0   0   4 591   0   0   9   0  17]
 [ 56   8   6  10 296  26   0   0   2]
 [ 22   0   0   0  12 256   0   0   0]
 [  3  20  47  24   0   0 214   2  31]
 [  3   9   9   1   0   0  28 444   5]
 [ 10   4  46   9   3   0   2  11 380]]

******************************************************
SVM:

0.914835164835

******************************************************
Perceptron:

0.656043956044
[[294  14   0   2   0   3   0   0   5]
 [  5 381   0   0   0   0   0   9  11]
 [ 12 183   0   2   0   0   0   2  97]
 [ 11   7   0 572   0   0   0   1  30]
 [186  22   0  11  50  22   0   0 113]
 [ 73   2   0   0   2 212   0   0   1]
 [ 24 148   0  34   0   0   0  41  94]
 [  6  18   0   0   0   0   0 457  18]
 [ 18  13   0   6   0   0   0   6 422]]

******************************************************
LDA:

0.901648351648
[[284   0   7   2   9  13   0   0   3]
 [  3 369  27   1   0   0   2   1   3]
 [  0   4 252   6   0   0  12   0  22]
 [  0   0   3 592   0   0  12   0  14]
 [ 30   3   1   0 360   4   0   1   5]
 [  8   0   0   0   8 274   0   0   0]
 [  0  22  36  13   0   0 262   1   7]
 [  0   1  11   0   0   0  29 457   1]
 [  4   1  23   2   0   0   1   2 432]]

******************************************************
Logistic Regression - ovr:

0.779395604396
[[231  20   2   9  37  16   0   0   3]
 [  5 374   0   2   0   1   2  13   9]
 [  5  96  62  21   0   0  32   5  75]
 [  2   0   0 601   0   0   5   0  13]
 [ 48   7   2  12 294  19   0   0  22]
 [ 26   0   0   0  24 240   0   0   0]
 [  8  43  10  56   1   0 191  10  22]
 [  0   5   0   2   0   0  23 457  12]
 [ 14   5   8  33   5   0   0  13 387]]

******************************************************
Logistic Regression - mul:

0.800824175824
[[216  16   2   8  47  24   1   0   4]
 [  3 370   4   2   1   1   6   9  10]
 [  2  68  94  16   1   0  40   4  71]
 [  0   0   0 598   0   0  11   0  12]
 [ 36   3   2   9 323  20   0   0  11]
 [ 21   0   0   0  19 250   0   0   0]
 [  6  26  19  34   1   0 225   5  25]
 [  1  15   1   1   0   1  29 447   4]
 [ 14   1  11  22  10   0   0  15 392]]
######################################################
(5460, 120) (3640, 120)

******************************************************
Decision Tree:

0.734340659341
[[245  11   3   1  45  38   1   4   6]
 [  9 312  38   0   4   0  18  13  25]
 [  4  49 131  12   5   0  57   8  44]
 [  3   0   6 538   3   0  15   0  39]
 [ 49   5   6   5 283  39   3   1   9]
 [ 19   0   0   0  23 216   0   0   0]
 [  3  21  36  11   5   0 186  12  24]
 [  1  14  12   0   4   0  19 420   9]
 [  8  15  55  47   5   0  27  19 342]]

******************************************************
Gaussian Naive Bayes:

0.531043956044
[[102  23   2   0 169  44   0   0   1]
 [  0 283  33   0  47   0   7  56   1]
 [  0  72  65  24  19   0  50  57   0]
 [  0   0   7 496  24   0  82   5   0]
 [ 68  38   5   2 239  25   0   0   0]
 [ 31   0   0   0  39 223   0   0   0]
 [  0  23  34  33  18   0 137  77   4]
 [  0  61   5   2   2   0  22 385   0]
 [  8  58  63  81   9   0 180  96   3]]

******************************************************
KNN:
---------------------
KNN ==  5 :

0.834340659341
[[282   5   5   1  27  19   0   1   1]
 [  8 379  27   0   1   0   1   3   8]
 [  5  26 200   1   0   0  19   0  36]
 [  0   0   4 587   0   0  11   0  12]
 [ 45   3   4   7 287  24   0   0   7]
 [ 27   0   0   0  22 244   0   0   0]
 [  3  13  54  17   0   0 213   7  19]
 [  5   2  10   1   0   0  10 444   5]
 [  8   4  50  18   2   0   4  11 401]]
---------------------
KNN ==  9 :

0.826648351648
[[279   8   8   2  24  18   0   1   1]
 [  5 376  32   0   1   0   1   8   4]
 [  2  24 203   1   0   0  18   0  39]
 [  0   0   3 590   0   0   6   0  15]
 [ 47   3   4   9 280  27   0   0   7]
 [ 27   0   0   0  22 244   0   0   0]
 [  3  19  58  13   0   0 203   8  22]
 [  4   2   7   1   0   0  13 445   5]
 [  8   3  59  17   2   0   5  15 389]]
---------------------
KNN ==  11 :

0.831043956044
[[279   9   8   2  23  18   0   1   1]
 [  7 376  28   0   1   0   2   9   4]
 [  4  24 197   1   0   0  21   0  40]
 [  0   0   3 590   0   0   6   0  15]
 [ 42   2   3   9 288  26   0   0   7]
 [ 25   0   0   0  20 248   0   0   0]
 [  3  16  51  15   0   0 209   7  25]
 [  3   2   6   1   0   0  12 447   6]
 [  8   3  58  18   3   0   2  15 391]]
---------------------
KNN ==  13 :

0.826098901099
[[279   8  10   2  21  19   0   1   1]
 [  7 371  32   0   1   0   1   9   6]
 [  4  23 196   1   0   0  18   0  45]
 [  0   0   4 589   0   0   8   0  13]
 [ 46   2   4  10 280  28   0   0   7]
 [ 27   0   0   0  17 249   0   0   0]
 [  2  15  54  15   0   0 207   9  24]
 [  3   2   7   1   0   0  11 448   5]
 [  9   3  61  17   4   0   2  14 388]]

******************************************************
SVM:

0.918956043956

******************************************************
Perceptron:

0.590659340659
[[311   0   9   1   0  20   0   0   0]
 [ 76 185 156   0   0   2   0   7   1]
 [ 40   6 233   4   0   0   0   0   4]
 [ 12   0  31 571   0   0   0   0   0]
 [203   0  44   9  21  98   0   0   2]
 [ 39   0   0   0   0 254   0   0   0]
 [ 60  12 220  21   0   0   0  13   0]
 [ 23   2  27   1   0   2   0 420   2]
 [ 55   0 230  38   0   2   0  18 155]]

******************************************************
LDA:

0.904120879121
[[306   1   5   1  10  14   0   0   4]
 [  3 378  33   0   1   0   3   4   5]
 [  2   2 252   4   0   0   7   0  20]
 [  0   0   3 591   0   0  12   0   8]
 [ 30   0   0   1 333  10   0   0   3]
 [  8   0   0   0  11 274   0   0   0]
 [  1  16  39  10   0   0 252   2   6]
 [  0   2   9   1   0   0  20 444   1]
 [  5   0  20  10   1   0   1   0 461]]

******************************************************
Logistic Regression - ovr:

0.796703296703
[[249  27   2   2  39  17   2   0   3]
 [  3 390   1   0   0   0   1  20  12]
 [  6  66  90  16   0   0  30   3  76]
 [  0   0   0 591   0   0   7   0  16]
 [ 37   2   1   9 290  18   0   0  20]
 [ 27   1   0   0  21 244   0   0   0]
 [  9  41  14  39   1   0 193  13  16]
 [  1   5   0   1   0   0  12 449   9]
 [ 13   5   7  48   4   0   0  17 404]]

******************************************************
Logistic Regression - mul:

0.812362637363
[[240  22   1   1  52  21   1   0   3]
 [  5 383   7   0   1   1   3  13  14]
 [  5  48 114  12   6   0  36   1  65]
 [  0   0   0 586   2   0  10   0  16]
 [ 23   1   1   5 313  20   0   0  14]
 [ 24   0   0   0  21 248   0   0   0]
 [  5  26  23  19   4   0 222  10  17]
 [  0  11   1   1   0   1  19 438   6]
 [ 12   3  10  30  10   2   2  16 413]]
######################################################
(5460, 120) (3640, 120)

******************************************************
Decision Tree:

0.737637362637
[[230   6   6   2  50  18  10   4  12]
 [  5 297  41   1   5   0  22   9  27]
 [  7  37 121  12   8   0  39   7  49]
 [  5   3   5 584   4   0  24   3  37]
 [ 49   0   4   3 277  22   2   1   4]
 [ 25   0   0   0  27 227   0   0   0]
 [  2  18  57  20   4   0 189  30  29]
 [  4  17   9   0   3   0   7 418   8]
 [  6  21  53  23   7   1  26  15 342]]

******************************************************
Gaussian Naive Bayes:

0.539010989011
[[ 96  25   3   0 164  45   0   0   0]
 [  0 257  25   2  25   0  18  71   1]
 [  0  74  62  32  12   0  68  48   0]
 [  0   0   6 525  39   0  71   4   0]
 [ 63  38   3   0 254  26   0   0   1]
 [ 25   0   0   0  42 201   0   0   0]
 [  0  24  25  40  14   0 157  56   3]
 [  0  42   5   3   2   0  36 399   0]
 [  7  49  56  92  13   0 190  90  11]]

******************************************************
KNN:
---------------------
KNN ==  5 :

0.833241758242
[[281   6   5   2  21  14   1   0   3]
 [  4 353  24   0   0   0   5   6   7]
 [  2  29 191   2   1   0  32   4  35]
 [  2   0   4 620   0   0  10   0   9]
 [ 47   7   5   6 282  32   1   0   5]
 [ 19   1   0   0  15 233   0   0   0]
 [  5  12  46  19   1   0 219   2  15]
 [  4   2   6   2   0   0  19 451   3]
 [ 11   4  48  26   1   0   7   8 403]]
---------------------
KNN ==  9 :

0.833791208791
[[271   6   8   2  29  14   0   0   3]
 [  2 359  20   0   0   0   3   6   9]
 [  3  25 191   1   1   0  31   2  42]
 [  0   0   4 624   0   0   6   0  11]
 [ 50  10   3   7 278  33   0   0   4]
 [ 19   0   0   0  15 234   0   0   0]
 [  7  15  38  20   1   0 212   4  22]
 [  3   0   5   2   0   0  20 455   2]
 [ 10   4  43  25   2   0   5   8 411]]
---------------------
KNN ==  11 :

0.828021978022
[[269   8   5   3  30  15   0   0   3]
 [  2 349  28   0   0   0   3  10   7]
 [  4  26 180   3   0   0  34   2  47]
 [  0   0   3 621   0   0  10   0  11]
 [ 47   7   3   8 282  34   0   0   4]
 [ 19   0   0   0  15 234   0   0   0]
 [  7  15  38  20   1   0 212   4  22]
 [  3   2   6   2   0   0  22 451   1]
 [ 10   5  39  27   2   0   2   7 416]]
---------------------
KNN ==  13 :

0.826098901099
[[265   8   8   4  28  17   0   0   3]
 [  4 348  25   0   0   0   2  13   7]
 [  2  25 184   3   0   0  29   2  51]
 [  1   0   3 624   0   0   6   0  11]
 [ 41   9   3   8 282  38   0   0   4]
 [ 18   0   0   0  17 233   0   0   0]
 [  6  15  38  21   1   0 209   4  25]
 [  3   1   6   2   0   0  22 452   1]
 [ 11   5  42  27   2   0   2   9 410]]

******************************************************
SVM:

0.926373626374

******************************************************
Perceptron:

0.638461538462
[[119  25   0  15 149  25   0   0   0]
 [  0 390   0   2   4   0   0   3   0]
 [  0 162   0  72  29   0   0   0  33]
 [  0   1   0 644   0   0   0   0   0]
 [  3   4   0  24 328  24   0   0   2]
 [  3   0   0   0  67 198   0   0   0]
 [  1 104   0 172   6   1  27   4   4]
 [  0  51   0   9   1   1  16 397  12]
 [  3  16   0 214  48   3   0   3 221]]

******************************************************
LDA:

0.897802197802
[[295   0   9   1  14   8   0   0   6]
 [  1 366  21   0   0   0   2   6   3]
 [  0   6 239   5   0   0  13   1  32]
 [  0   0   2 620   0   0  16   0   7]
 [ 31   3   1   0 337  11   0   0   2]
 [ 10   0   0   0  13 245   0   0   0]
 [  2  14  37  10   1   0 250   2   3]
 [  0   0   4   2   0   0  23 455   3]
 [  4   0  26  14   2   0   1   0 461]]

******************************************************
Logistic Regression - ovr:

0.787912087912
[[245  18   2   6  44  14   1   0   3]
 [  1 367   1   0   0   0   1  18  11]
 [  5  71  69  22   0   0  41   5  83]
 [  1   0   0 625   0   0  11   0   8]
 [ 38   8   0  10 289  24   0   0  16]
 [ 19   0   0   0  26 223   0   0   0]
 [  8  34  12  46   2   0 191  11  15]
 [  0   5   0   3   0   0  23 451   5]
 [ 14   5   4  53   7   0   1  16 408]]

******************************************************
Logistic Regression - mul:

0.801098901099
[[232  12   2   5  58  19   1   0   4]
 [  1 360   4   0   0   0   7  13  14]
 [  3  52  96  15   2   0  47   3  78]
 [  1   0   0 612   4   0  19   0   9]
 [ 27   5   1   7 307  27   0   0  11]
 [ 13   0   0   0  24 231   0   0   0]
 [  3  24  15  30   5   0 217   7  18]
 [  1   6   0   2   0   1  29 443   5]
 [ 13   3   8  38  11   1   2  14 418]]
######################################################
(5460, 120) (3640, 120)

******************************************************
Decision Tree:

0.732692307692
[[229  10   6   0  51  26   1   2   3]
 [  9 346  38   2   7   1  21  14  19]
 [ 13  32 124  16   2   0  43  13  52]
 [  3   2   9 540   3   0  20   1  37]
 [ 48   8   1   0 285  37   1   2   6]
 [ 17   0   0   0  25 226   0   0   0]
 [  4   7  57  18   2   0 201  23  28]
 [  1  23   9   0   3   0  15 399  13]
 [  7  11  48  44  11   0  35  13 317]]

******************************************************
Gaussian Naive Bayes:

0.536813186813
[[109  28   2   0 144  47   0   1   0]
 [  0 286  32   3  30   0   7  80   1]
 [  0  54  64  40  15   0  62  57   0]
 [  0   0   5 498  30   0  81   6   0]
 [ 81  46   1   2 239  19   0   1   0]
 [ 17   0   0   0  38 235   0   0   0]
 [  0  27  27  50  13   0 148  70   2]
 [  0  48  10   4   2   0  31 372   0]
 [  8  43  59  98  14   0 155  95   3]]

******************************************************
KNN:
---------------------
KNN ==  5 :

0.841758241758
[[278   3   6   4  21  12   0   3   4]
 [  9 383  27   0   1   0   5   6   8]
 [  4  22 202   3   0   0  24   0  37]
 [  1   0   2 593   0   0  12   0  12]
 [ 41   2   7   4 306  22   0   0   7]
 [ 19   0   0   0  14 257   0   0   0]
 [  3  11  49  20   1   0 236   3  14]
 [  4   4  12   1   0   0  14 428   4]
 [  7   4  42  19   3   0   7  12 381]]
---------------------
KNN ==  9 :

0.835164835165
[[273   4   9   5  22  15   0   1   2]
 [  9 377  32   0   1   0   5   8   7]
 [  3  22 199   4   0   0  21   0  43]
 [  1   0   4 594   0   0   8   0  13]
 [ 50   4   6   5 297  23   0   0   4]
 [ 20   0   0   0  12 258   0   0   0]
 [  2  11  52  18   1   0 221   6  26]
 [  3   4  11   1   0   0  15 428   5]
 [ 10   3  32  20   1   0   4  12 393]]
---------------------
KNN ==  11 :

0.826923076923
[[275   2  10   5  20  16   0   1   2]
 [ 11 376  30   0   1   0   5  10   6]
 [  2  24 190   3   0   0  24   0  49]
 [  1   0   4 590   0   0   8   0  17]
 [ 48   4   5   7 295  24   0   0   6]
 [ 21   0   0   0  13 256   0   0   0]
 [  4  10  50  15   0   0 218   5  35]
 [  5   7   9   1   0   0  14 426   5]
 [  9   3  38  21   1   0   3  16 384]]
---------------------
KNN ==  13 :

0.821428571429
[[274   3  11   6  19  16   0   1   1]
 [ 10 374  31   0   2   0   5  10   7]
 [  5  23 187   4   0   0  23   0  50]
 [  0   0   3 589   0   0   8   0  20]
 [ 50   5   6   7 289  27   0   0   5]
 [ 22   0   0   0  12 256   0   0   0]
 [  4  10  48  17   0   0 216   5  37]
 [  4   7   9   1   0   0  17 425   4]
 [ 10   2  36  24   1   0   3  19 380]]

******************************************************
SVM:

0.912912087912

******************************************************
Perceptron:

0.531593406593
[[ 14  14   0   4 294   5   0   0   0]
 [  0 254   0   0 178   0   2   5   0]
 [  0  28   7  27 213   0  17   0   0]
 [  0   0   0 603  17   0   0   0   0]
 [  0   0   0   3 384   2   0   0   0]
 [  0   0   0   0 185 105   0   0   0]
 [  0  19   2  89  71   0 151   5   0]
 [  0   8   1   3  10   1  42 402   0]
 [  0   2   0  88 347   0   3  20  15]]

******************************************************
LDA:

0.905769230769
[[293   1   7   2  11  11   0   0   6]
 [  2 395  32   1   0   0   3   2   4]
 [  0   3 245   9   0   0  10   0  25]
 [  1   0   4 597   0   0   9   0   9]
 [ 21   2   0   2 353   4   0   1   6]
 [  8   0   0   0  11 271   0   0   0]
 [  0  14  31  10   0   0 279   0   3]
 [  0   2   7   1   0   0  35 422   0]
 [  3   0  16  11   2   0   0   1 442]]

******************************************************
Logistic Regression - ovr:

0.781593406593
[[245  19   3   7  38  13   3   1   2]
 [  2 391   1   1   1   1   2  27  13]
 [  5  59  75  25   0   0  39   2  87]
 [  2   0   1 601   0   0   3   0  13]
 [ 49   2   0   6 284  20   0   0  28]
 [ 29   0   0   0  29 232   0   0   0]
 [  7  28  11  48   0   0 205  16  22]
 [  2   3   1   1   0   1  21 430   8]
 [ 12   6   4  49   1   0   1  20 382]]

******************************************************
Logistic Regression - mul:

0.796703296703
[[228  16   5   7  50  21   1   0   3]
 [  2 391  10   1   2   1   6  15  11]
 [  4  49  86  19   2   0  50   0  82]
 [  0   0   0 585   0   0  15   0  20]
 [ 38   1   0   5 314  17   0   0  14]
 [ 24   0   0   0  23 243   0   0   0]
 [  2  21  18  26   1   0 233  12  24]
 [  0   9   0   1   0   1  20 430   6]
 [ 13   4   5  36   5   0   2  20 390]]
######################################################
(5460, 120) (3640, 120)

******************************************************
Decision Tree:

0.737362637363
[[241   9   4   1  44  25   6   1  10]
 [  9 313  44   1   8   2  21  16  20]
 [  9  32 115   9   6   0  50   8  53]
 [  2   0  14 589   1   0  20   1  30]
 [ 31   3   1   0 278  32   2   0   9]
 [ 27   0   0   0  26 211   0   0   0]
 [  1  17  50  23   4   0 202  23  25]
 [  2  15   5   2   2   1  15 410   8]
 [ 11  21  49  32  10   0  31  22 325]]

******************************************************
Gaussian Naive Bayes:

0.545604395604
[[108  16   3   0 163  42   0   1   0]
 [  0 266  20   1  26   0  15  82   0]
 [  0  68  46  33  10   0  69  56   0]
 [  0   0   4 528  20   0 102   3   0]
 [ 64  42   1   1 250  20   0   1   0]
 [ 22   0   0   0  39 210   0   0   0]
 [  0  20  40  49  15   0 161  62   0]
 [  0  42   1   0   1   0  41 395   1]
 [ 11  60  48  85  14   0 161  79  22]]

******************************************************
KNN:
---------------------
KNN ==  5 :

0.824725274725
[[285   4   9   5  13  15   0   1   1]
 [  5 360  28   0   1   0   3   8   5]
 [  2  27 181   5   0   0  30   1  36]
 [  0   0   3 626   0   0   9   0  19]
 [ 66   6   3   4 277  20   0   0   3]
 [ 32   0   0   0   9 230   0   0   0]
 [  4  11  57  18   0   0 227   6  24]
 [  1   3   8   0   0   0  18 447   4]
 [  7   5  51  18   9   0  10  11 369]]
---------------------
KNN ==  9 :

0.81456043956
[[276   5   8   3  18  18   1   1   3]
 [  4 361  30   0   1   0   2   8   4]
 [  2  25 179   2   0   0  25   1  48]
 [  0   0   5 621   0   0   8   0  23]
 [ 68   6   3   5 271  20   0   0   6]
 [ 35   0   0   0   8 228   0   0   0]
 [  5  10  56  21   1   0 221   6  27]
 [  1   3   9   0   0   0  17 446   5]
 [ 15   3  61  20   5   0   3  11 362]]
---------------------
KNN ==  11 :

0.814010989011
[[270   7  11   4  19  18   0   1   3]
 [  5 358  26   0   2   0   3  11   5]
 [  2  26 180   1   0   0  23   1  49]
 [  0   0   6 622   0   0   8   0  21]
 [ 64   7   6   5 270  23   0   0   4]
 [ 33   0   0   0   7 231   0   0   0]
 [  4  10  53  19   2   0 226   7  26]
 [  1   4   9   0   0   0  16 444   7]
 [ 14   5  60  19   5   0   3  12 362]]
---------------------
KNN ==  13 :

0.815659340659
[[273   8   8   3  19  19   0   1   2]
 [  3 358  31   0   1   0   3  10   4]
 [  2  25 185   1   0   0  22   1  46]
 [  0   0   5 623   0   0   9   0  20]
 [ 60   7   5   5 268  28   0   0   6]
 [ 30   0   0   0   9 232   0   0   0]
 [  5  11  54  19   2   0 220   6  30]
 [  1   5  10   0   0   0  16 445   4]
 [ 15   3  59  19   6   0   0  13 365]]

******************************************************
SVM:

0.915659340659

******************************************************
Perceptron:

0.653296703297
[[228   2   0   2  83  18   0   0   0]
 [  8 379   0   0  18   4   0   1   0]
 [ 16 124   3  33  74   3   0   0  29]
 [  1   2   0 643   6   0   0   0   5]
 [ 27   1   0   2 334  14   0   0   1]
 [ 25   0   0   0  42 204   0   0   0]
 [ 28 133   1 126  27   6   7   9  10]
 [ 14  37   0   2   2   2   2 403  19]
 [ 21  16   0 103 151   7   0   5 177]]

******************************************************
LDA:

0.908791208791
[[301   0   6   0  14  10   0   0   2]
 [  2 380  22   0   1   0   0   4   1]
 [  1   2 242   6   0   0   8   0  23]
 [  0   0   1 626   0   0  14   0  16]
 [ 34   1   1   0 338   4   0   0   1]
 [ 14   0   0   0   8 249   0   0   0]
 [  1  15  34  11   0   0 283   0   3]
 [  0   0   5   0   0   0  25 448   3]
 [  7   0  17   8   5   0   1   1 441]]

******************************************************
Logistic Regression - ovr:

0.795879120879
[[254  20   4   7  32  15   1   0   0]
 [  2 378   3   0   0   1   0  19   7]
 [  4  72  71  24   0   0  23   4  84]
 [  1   0   1 635   0   0   8   0  12]
 [ 56   3   1   6 281  16   0   0  16]
 [ 29   0   0   0  22 220   0   0   0]
 [ 10  39  16  44   1   0 211  11  15]
 [  1   2   0   0   0   0  14 454  10]
 [ 16   9   5  39   3   0   0  15 393]]

******************************************************
Logistic Regression - mul:

0.808241758242
[[247  14   5   5  44  17   0   0   1]
 [  1 376   7   0   1   1   4  13   7]
 [  3  52  88  19   0   0  34   3  83]
 [  1   0   0 624   4   0  15   0  13]
 [ 44   3   1   5 302  13   0   0  11]
 [ 24   0   0   0  21 226   0   0   0]
 [  3  22  25  29   3   0 238   8  19]
 [  1   9   1   0   0   0  20 445   5]
 [ 16   4  11  31   7   0   1  14 396]]
######################################################
######################################################
DT: 
[ 0.73763736  0.74010989  0.73104396  0.74203297  0.74175824  0.73598901
  0.73434066  0.73763736  0.73269231  0.73736264]
0.73706043956
gnb: 
[ 0.53324176  0.54203297  0.54395604  0.54615385  0.54038462  0.53516484
  0.53104396  0.53901099  0.53681319  0.5456044 ]
0.539340659341
knn: 
[ 0.83846154  0.83076923  0.82527473  0.81950549  0.82994505  0.81648352
  0.81675824  0.81758242  0.83104396  0.82417582  0.81895604  0.81538462
  0.84010989  0.82884615  0.82637363  0.82115385  0.83516484  0.83379121
  0.83241758  0.82664835  0.83159341  0.825       0.82445055  0.82582418
  0.83434066  0.82664835  0.83104396  0.8260989   0.83324176  0.83379121
  0.82802198  0.8260989   0.84175824  0.83516484  0.82692308  0.82142857
  0.82472527  0.81456044  0.81401099  0.81565934]
0.826730769231
9  =  0.826923076923
11  =  0.824423076923
5  =  0.834038461538
13  =  0.821538461538
svm: 
[ 0.91785714  0.91565934  0.91648352  0.92664835  0.91923077  0.91483516
  0.91895604  0.92637363  0.91291209  0.91565934]
0.918461538462
per: 
[ 0.56346154  0.67554945  0.61126374  0.57032967  0.40192308  0.65604396
  0.59065934  0.63846154  0.53159341  0.6532967 ]
0.589258241758
lda: 
[ 0.90494505  0.89917582  0.89285714  0.89697802  0.90576923  0.90164835
  0.90412088  0.8978022   0.90576923  0.90879121]
0.901785714286
lr_ovr: 
[ 0.78598901  0.78489011  0.78186813  0.79697802  0.79340659  0.7793956
  0.7967033   0.78791209  0.78159341  0.79587912]
0.788461538462
lr_mul: 
[ 0.80549451  0.80164835  0.79615385  0.81510989  0.80824176  0.80082418
  0.81236264  0.8010989   0.7967033   0.80824176]
0.804587912088
