Starting read from Train file...
(9100, 121)
train.shape = (9100, 120)
train_labels.shape = (9100, 1)
(5460, 120) (3640, 120)

******************************************************
Decision Tree:

0.733516483516
[[240  10   6   1  47  29   2   5   9]
 [ 12 297  44   1   3   0  15   8  21]
 [  6  52 154  12   6   0  57  11  72]
 [  1   1   7 571   2   0  27   1  22]
 [ 68   9   1   0 303  18   0   1  11]
 [ 26   0   0   0  25 246   0   0   1]
 [  1  14  25  17   3   0 190  25  20]
 [  6  21   3   0   1   0  17 371  15]
 [  7  18  47  34  10   0  20  16 298]]

******************************************************
Gaussian Naive Bayes:

0.532692307692
[[122  19   6   0 172  47   0   1   0]
 [  1 251  44   3  42   0   7  72   2]
 [  1  82  57  25  15   0  48  59   0]
 [  0   0   8 504  27   0  88   9   0]
 [ 82  37   3   1 253  24   0   0   0]
 [ 19   0   0   0  37 237   0   0   0]
 [  0  20  48  50  13   0 135  61   1]
 [  0  53   8   3   2   0  18 352   2]
 [ 12  56  61  93  16   0 113  90  28]]

******************************************************
KNN:

0.815934065934
[[296   7   9   1  32  18   0   0   4]
 [  8 355  34   0   2   1   8   9   5]
 [  1  35 196   1   1   0  14   2  37]
 [  2   0   5 606   0   0   4   0  19]
 [ 62   2   6   8 277  41   0   0   4]
 [ 22   0   0   0  12 259   0   0   0]
 [  6  15  57  22   0   0 203   5  20]
 [  3   2   5   2   0   0  12 411   3]
 [ 17   2  52  14   1   0   2  14 367]]

******************************************************
SVM:

0.913736263736

******************************************************
Perceptron:

0.513736263736
[[ 34  31   0  18 284   0   0   0   0]
 [  0 294   0  21  90   0   0   1  16]
 [  0  53  16  92  73   0   0   0  53]
 [  0   0   0 634   0   0   0   0   2]
 [  1   0   0  22 371   1   0   0   5]
 [  6   1   0   0 230  56   0   0   0]
 [  0  30   7 249  12   0   4   1  25]
 [  0  57   2   8   4   0   2 292  73]
 [  0   0   1 229  70   0   0   0 169]]

******************************************************
LDA:

0.909340659341
[[329   0   4   1  16  15   0   0   2]
 [  5 382  23   1   0   0   2   5   4]
 [  1   3 254   2   0   0   6   0  21]
 [  0   0   6 615   0   0   6   0   9]
 [ 35   0   2   0 354   6   0   0   3]
 [  8   0   0   0   5 280   0   0   0]
 [  0  14  40  11   0   0 261   0   2]
 [  0   1   4   2   0   0  21 410   0]
 [  6   0  23  10   2   0   2   1 425]]

******************************************************
Logistic Regression - ovr:

0.787362637363
[[263  23   4   4  45  22   1   2   3]
 [  6 378   0   2   1   1   1  22  11]
 [  9  79  77  16   0   0  22   3  81]
 [  1   0   0 620   0   0   3   0  12]
 [ 55   0   1   5 298  19   0   0  22]
 [ 27   0   0   0  21 245   0   0   0]
 [  6  26  20  47   0   0 194  12  23]
 [  1   4   0   3   0   0  14 410   6]
 [ 14   5   4  37   8   0   0  20 381]]

******************************************************
Logistic Regression - mul:

0.798901098901
[[248  23   3   3  65  23   0   0   2]
 [  6 370  11   1   3   1   2  11  17]
 [  6  62 104  10   1   0  35   4  65]
 [  1   0   0 605   5   0   8   0  17]
 [ 44   0   1   5 322  17   0   0  11]
 [ 20   0   0   0  19 254   0   0   0]
 [  4  19  23  32   1   0 220   7  22]
 [  0   9   1   2   0   0  18 404   4]
 [ 15   2  10  28  13   0   1  19 381]]
######################################################
(5460, 120) (3640, 120)

******************************************************
Decision Tree:

0.732142857143
[[236  10   7   2  59  22   2   5  10]
 [  9 300  42   0   5   0  14  14  16]
 [ 10  51 145  15   2   0  60  13  69]
 [  1   1   7 575   2   0  19   1  27]
 [ 70   6   3   0 292  23   2   1  11]
 [ 28   0   0   0  26 248   0   0   1]
 [  1  15  32  21   2   0 192  21  16]
 [  4  20   3   1   2   0  18 366   8]
 [  8  19  48  22  10   0  21  17 311]]

******************************************************
Gaussian Naive Bayes:

0.532692307692
[[122  19   6   0 172  47   0   1   0]
 [  1 251  44   3  42   0   7  72   2]
 [  1  82  57  25  15   0  48  59   0]
 [  0   0   8 504  27   0  88   9   0]
 [ 82  37   3   1 253  24   0   0   0]
 [ 19   0   0   0  37 237   0   0   0]
 [  0  20  48  50  13   0 135  61   1]
 [  0  53   8   3   2   0  18 352   2]
 [ 12  56  61  93  16   0 113  90  28]]

******************************************************
KNN:

0.815934065934
[[296   7   9   1  32  18   0   0   4]
 [  8 355  34   0   2   1   8   9   5]
 [  1  35 196   1   1   0  14   2  37]
 [  2   0   5 606   0   0   4   0  19]
 [ 62   2   6   8 277  41   0   0   4]
 [ 22   0   0   0  12 259   0   0   0]
 [  6  15  57  22   0   0 203   5  20]
 [  3   2   5   2   0   0  12 411   3]
 [ 17   2  52  14   1   0   2  14 367]]

******************************************************
SVM:

0.913736263736

******************************************************
Perceptron:

0.513736263736
[[ 34  31   0  18 284   0   0   0   0]
 [  0 294   0  21  90   0   0   1  16]
 [  0  53  16  92  73   0   0   0  53]
 [  0   0   0 634   0   0   0   0   2]
 [  1   0   0  22 371   1   0   0   5]
 [  6   1   0   0 230  56   0   0   0]
 [  0  30   7 249  12   0   4   1  25]
 [  0  57   2   8   4   0   2 292  73]
 [  0   0   1 229  70   0   0   0 169]]

******************************************************
LDA:

0.909340659341
[[329   0   4   1  16  15   0   0   2]
 [  5 382  23   1   0   0   2   5   4]
 [  1   3 254   2   0   0   6   0  21]
 [  0   0   6 615   0   0   6   0   9]
 [ 35   0   2   0 354   6   0   0   3]
 [  8   0   0   0   5 280   0   0   0]
 [  0  14  40  11   0   0 261   0   2]
 [  0   1   4   2   0   0  21 410   0]
 [  6   0  23  10   2   0   2   1 425]]

******************************************************
Logistic Regression - ovr:

0.787362637363
[[263  23   4   4  45  22   1   2   3]
 [  6 378   0   2   1   1   1  22  11]
 [  9  79  77  16   0   0  22   3  81]
 [  1   0   0 620   0   0   3   0  12]
 [ 55   0   1   5 298  19   0   0  22]
 [ 27   0   0   0  21 245   0   0   0]
 [  6  26  20  47   0   0 194  12  23]
 [  1   4   0   3   0   0  14 410   6]
 [ 14   5   4  37   8   0   0  20 381]]

******************************************************
Logistic Regression - mul:

0.798901098901
[[248  23   3   3  65  23   0   0   2]
 [  6 370  11   1   3   1   2  11  17]
 [  6  62 104  10   1   0  35   4  65]
 [  1   0   0 605   5   0   8   0  17]
 [ 44   0   1   5 322  17   0   0  11]
 [ 20   0   0   0  19 254   0   0   0]
 [  4  19  23  32   1   0 220   7  22]
 [  0   9   1   2   0   0  18 404   4]
 [ 15   2  10  28  13   0   1  19 381]]
######################################################
(5460, 120) (3640, 120)

******************************************************
Decision Tree:

0.731318681319
[[236  10   5   2  53  21   6   5  11]
 [ 10 298  45   1   2   0  11  14  21]
 [ 10  50 147  12   6   0  71  13  68]
 [  1   0   7 583   3   0  20   1  24]
 [ 71   8   2   0 291  25   3   1   7]
 [ 27   0   0   0  31 247   0   0   1]
 [  2  15  33  15   2   0 182  18  17]
 [  4  22   2   0   2   0  18 370  12]
 [  6  19  46  23  10   0  17  16 308]]

******************************************************
Gaussian Naive Bayes:

0.532692307692
[[122  19   6   0 172  47   0   1   0]
 [  1 251  44   3  42   0   7  72   2]
 [  1  82  57  25  15   0  48  59   0]
 [  0   0   8 504  27   0  88   9   0]
 [ 82  37   3   1 253  24   0   0   0]
 [ 19   0   0   0  37 237   0   0   0]
 [  0  20  48  50  13   0 135  61   1]
 [  0  53   8   3   2   0  18 352   2]
 [ 12  56  61  93  16   0 113  90  28]]

******************************************************
KNN:

0.815934065934
[[296   7   9   1  32  18   0   0   4]
 [  8 355  34   0   2   1   8   9   5]
 [  1  35 196   1   1   0  14   2  37]
 [  2   0   5 606   0   0   4   0  19]
 [ 62   2   6   8 277  41   0   0   4]
 [ 22   0   0   0  12 259   0   0   0]
 [  6  15  57  22   0   0 203   5  20]
 [  3   2   5   2   0   0  12 411   3]
 [ 17   2  52  14   1   0   2  14 367]]

******************************************************
SVM:

0.913736263736

******************************************************
Perceptron:

0.513736263736
[[ 34  31   0  18 284   0   0   0   0]
 [  0 294   0  21  90   0   0   1  16]
 [  0  53  16  92  73   0   0   0  53]
 [  0   0   0 634   0   0   0   0   2]
 [  1   0   0  22 371   1   0   0   5]
 [  6   1   0   0 230  56   0   0   0]
 [  0  30   7 249  12   0   4   1  25]
 [  0  57   2   8   4   0   2 292  73]
 [  0   0   1 229  70   0   0   0 169]]

******************************************************
LDA:

0.909340659341
[[329   0   4   1  16  15   0   0   2]
 [  5 382  23   1   0   0   2   5   4]
 [  1   3 254   2   0   0   6   0  21]
 [  0   0   6 615   0   0   6   0   9]
 [ 35   0   2   0 354   6   0   0   3]
 [  8   0   0   0   5 280   0   0   0]
 [  0  14  40  11   0   0 261   0   2]
 [  0   1   4   2   0   0  21 410   0]
 [  6   0  23  10   2   0   2   1 425]]

******************************************************
Logistic Regression - ovr:

0.787362637363
[[263  23   4   4  45  22   1   2   3]
 [  6 378   0   2   1   1   1  22  11]
 [  9  79  77  16   0   0  22   3  81]
 [  1   0   0 620   0   0   3   0  12]
 [ 55   0   1   5 298  19   0   0  22]
 [ 27   0   0   0  21 245   0   0   0]
 [  6  26  20  47   0   0 194  12  23]
 [  1   4   0   3   0   0  14 410   6]
 [ 14   5   4  37   8   0   0  20 381]]

******************************************************
Logistic Regression - mul:

0.798901098901
[[248  23   3   3  65  23   0   0   2]
 [  6 370  11   1   3   1   2  11  17]
 [  6  62 104  10   1   0  35   4  65]
 [  1   0   0 605   5   0   8   0  17]
 [ 44   0   1   5 322  17   0   0  11]
 [ 20   0   0   0  19 254   0   0   0]
 [  4  19  23  32   1   0 220   7  22]
 [  0   9   1   2   0   0  18 404   4]
 [ 15   2  10  28  13   0   1  19 381]]
######################################################
(5460, 120) (3640, 120)

******************************************************
Decision Tree:

0.731593406593
[[232  11   4   2  62  25   3   5   9]
 [ 14 299  38   1   4   0  13  12  16]
 [  8  48 155  10   4   0  58  11  68]
 [  1   4   9 572   1   0  24   1  30]
 [ 70  10   2   0 296  29   0   1   8]
 [ 30   0   0   0  26 239   0   0   1]
 [  2  16  31  19   1   0 196  23  22]
 [  3  15   6   1   1   0  18 368   9]
 [  7  19  42  31   5   0  16  17 306]]

******************************************************
Gaussian Naive Bayes:

0.532692307692
[[122  19   6   0 172  47   0   1   0]
 [  1 251  44   3  42   0   7  72   2]
 [  1  82  57  25  15   0  48  59   0]
 [  0   0   8 504  27   0  88   9   0]
 [ 82  37   3   1 253  24   0   0   0]
 [ 19   0   0   0  37 237   0   0   0]
 [  0  20  48  50  13   0 135  61   1]
 [  0  53   8   3   2   0  18 352   2]
 [ 12  56  61  93  16   0 113  90  28]]

******************************************************
KNN:

0.815934065934
[[296   7   9   1  32  18   0   0   4]
 [  8 355  34   0   2   1   8   9   5]
 [  1  35 196   1   1   0  14   2  37]
 [  2   0   5 606   0   0   4   0  19]
 [ 62   2   6   8 277  41   0   0   4]
 [ 22   0   0   0  12 259   0   0   0]
 [  6  15  57  22   0   0 203   5  20]
 [  3   2   5   2   0   0  12 411   3]
 [ 17   2  52  14   1   0   2  14 367]]

******************************************************
SVM:

0.913736263736

******************************************************
Perceptron:

0.513736263736
[[ 34  31   0  18 284   0   0   0   0]
 [  0 294   0  21  90   0   0   1  16]
 [  0  53  16  92  73   0   0   0  53]
 [  0   0   0 634   0   0   0   0   2]
 [  1   0   0  22 371   1   0   0   5]
 [  6   1   0   0 230  56   0   0   0]
 [  0  30   7 249  12   0   4   1  25]
 [  0  57   2   8   4   0   2 292  73]
 [  0   0   1 229  70   0   0   0 169]]

******************************************************
LDA:

0.909340659341
[[329   0   4   1  16  15   0   0   2]
 [  5 382  23   1   0   0   2   5   4]
 [  1   3 254   2   0   0   6   0  21]
 [  0   0   6 615   0   0   6   0   9]
 [ 35   0   2   0 354   6   0   0   3]
 [  8   0   0   0   5 280   0   0   0]
 [  0  14  40  11   0   0 261   0   2]
 [  0   1   4   2   0   0  21 410   0]
 [  6   0  23  10   2   0   2   1 425]]

******************************************************
Logistic Regression - ovr:

0.787362637363
[[263  23   4   4  45  22   1   2   3]
 [  6 378   0   2   1   1   1  22  11]
 [  9  79  77  16   0   0  22   3  81]
 [  1   0   0 620   0   0   3   0  12]
 [ 55   0   1   5 298  19   0   0  22]
 [ 27   0   0   0  21 245   0   0   0]
 [  6  26  20  47   0   0 194  12  23]
 [  1   4   0   3   0   0  14 410   6]
 [ 14   5   4  37   8   0   0  20 381]]

******************************************************
Logistic Regression - mul:

0.798901098901
[[248  23   3   3  65  23   0   0   2]
 [  6 370  11   1   3   1   2  11  17]
 [  6  62 104  10   1   0  35   4  65]
 [  1   0   0 605   5   0   8   0  17]
 [ 44   0   1   5 322  17   0   0  11]
 [ 20   0   0   0  19 254   0   0   0]
 [  4  19  23  32   1   0 220   7  22]
 [  0   9   1   2   0   0  18 404   4]
 [ 15   2  10  28  13   0   1  19 381]]
######################################################
(5460, 120) (3640, 120)

******************************************************
Decision Tree:

0.735714285714
[[241  12   6   2  44  22   4   5   8]
 [ 11 300  46   1   6   0   9   8  16]
 [  8  54 149  11   7   0  69  16  75]
 [  2   2   4 574   3   0  16   2  25]
 [ 66  10   1   0 305  22   0   0  10]
 [ 30   1   0   0  26 249   0   0   1]
 [  0  16  29  18   2   0 193  25  19]
 [  2  16   6   0   1   0  16 364  12]
 [  7  11  46  30   6   0  21  18 303]]

******************************************************
Gaussian Naive Bayes:

0.532692307692
[[122  19   6   0 172  47   0   1   0]
 [  1 251  44   3  42   0   7  72   2]
 [  1  82  57  25  15   0  48  59   0]
 [  0   0   8 504  27   0  88   9   0]
 [ 82  37   3   1 253  24   0   0   0]
 [ 19   0   0   0  37 237   0   0   0]
 [  0  20  48  50  13   0 135  61   1]
 [  0  53   8   3   2   0  18 352   2]
 [ 12  56  61  93  16   0 113  90  28]]

******************************************************
KNN:

0.815934065934
[[296   7   9   1  32  18   0   0   4]
 [  8 355  34   0   2   1   8   9   5]
 [  1  35 196   1   1   0  14   2  37]
 [  2   0   5 606   0   0   4   0  19]
 [ 62   2   6   8 277  41   0   0   4]
 [ 22   0   0   0  12 259   0   0   0]
 [  6  15  57  22   0   0 203   5  20]
 [  3   2   5   2   0   0  12 411   3]
 [ 17   2  52  14   1   0   2  14 367]]

******************************************************
SVM:

0.913736263736

******************************************************
Perceptron:

0.513736263736
[[ 34  31   0  18 284   0   0   0   0]
 [  0 294   0  21  90   0   0   1  16]
 [  0  53  16  92  73   0   0   0  53]
 [  0   0   0 634   0   0   0   0   2]
 [  1   0   0  22 371   1   0   0   5]
 [  6   1   0   0 230  56   0   0   0]
 [  0  30   7 249  12   0   4   1  25]
 [  0  57   2   8   4   0   2 292  73]
 [  0   0   1 229  70   0   0   0 169]]

******************************************************
LDA:

0.909340659341
[[329   0   4   1  16  15   0   0   2]
 [  5 382  23   1   0   0   2   5   4]
 [  1   3 254   2   0   0   6   0  21]
 [  0   0   6 615   0   0   6   0   9]
 [ 35   0   2   0 354   6   0   0   3]
 [  8   0   0   0   5 280   0   0   0]
 [  0  14  40  11   0   0 261   0   2]
 [  0   1   4   2   0   0  21 410   0]
 [  6   0  23  10   2   0   2   1 425]]

******************************************************
Logistic Regression - ovr:

0.787362637363
[[263  23   4   4  45  22   1   2   3]
 [  6 378   0   2   1   1   1  22  11]
 [  9  79  77  16   0   0  22   3  81]
 [  1   0   0 620   0   0   3   0  12]
 [ 55   0   1   5 298  19   0   0  22]
 [ 27   0   0   0  21 245   0   0   0]
 [  6  26  20  47   0   0 194  12  23]
 [  1   4   0   3   0   0  14 410   6]
 [ 14   5   4  37   8   0   0  20 381]]

******************************************************
Logistic Regression - mul:

0.798901098901
[[248  23   3   3  65  23   0   0   2]
 [  6 370  11   1   3   1   2  11  17]
 [  6  62 104  10   1   0  35   4  65]
 [  1   0   0 605   5   0   8   0  17]
 [ 44   0   1   5 322  17   0   0  11]
 [ 20   0   0   0  19 254   0   0   0]
 [  4  19  23  32   1   0 220   7  22]
 [  0   9   1   2   0   0  18 404   4]
 [ 15   2  10  28  13   0   1  19 381]]
######################################################
(5460, 120) (3640, 120)

******************************************************
Decision Tree:

0.72967032967
[[242  11   7   2  54  25   4   6  11]
 [  6 292  47   0   5   0  13   9  21]
 [  8  54 147  17   3   0  59  14  64]
 [  2   1   9 577   1   0  24   1  25]
 [ 74  15   1   1 298  28   3   1  10]
 [ 21   0   0   0  27 240   0   0   1]
 [  0  16  27  16   5   0 186  24  16]
 [  5  15   6   0   1   0  17 365  12]
 [  9  18  43  23   6   0  22  18 309]]

******************************************************
Gaussian Naive Bayes:

0.532692307692
[[122  19   6   0 172  47   0   1   0]
 [  1 251  44   3  42   0   7  72   2]
 [  1  82  57  25  15   0  48  59   0]
 [  0   0   8 504  27   0  88   9   0]
 [ 82  37   3   1 253  24   0   0   0]
 [ 19   0   0   0  37 237   0   0   0]
 [  0  20  48  50  13   0 135  61   1]
 [  0  53   8   3   2   0  18 352   2]
 [ 12  56  61  93  16   0 113  90  28]]

******************************************************
KNN:

0.815934065934
[[296   7   9   1  32  18   0   0   4]
 [  8 355  34   0   2   1   8   9   5]
 [  1  35 196   1   1   0  14   2  37]
 [  2   0   5 606   0   0   4   0  19]
 [ 62   2   6   8 277  41   0   0   4]
 [ 22   0   0   0  12 259   0   0   0]
 [  6  15  57  22   0   0 203   5  20]
 [  3   2   5   2   0   0  12 411   3]
 [ 17   2  52  14   1   0   2  14 367]]

******************************************************
SVM:

0.913736263736

******************************************************
Perceptron:

0.513736263736
[[ 34  31   0  18 284   0   0   0   0]
 [  0 294   0  21  90   0   0   1  16]
 [  0  53  16  92  73   0   0   0  53]
 [  0   0   0 634   0   0   0   0   2]
 [  1   0   0  22 371   1   0   0   5]
 [  6   1   0   0 230  56   0   0   0]
 [  0  30   7 249  12   0   4   1  25]
 [  0  57   2   8   4   0   2 292  73]
 [  0   0   1 229  70   0   0   0 169]]

******************************************************
LDA:

0.909340659341
[[329   0   4   1  16  15   0   0   2]
 [  5 382  23   1   0   0   2   5   4]
 [  1   3 254   2   0   0   6   0  21]
 [  0   0   6 615   0   0   6   0   9]
 [ 35   0   2   0 354   6   0   0   3]
 [  8   0   0   0   5 280   0   0   0]
 [  0  14  40  11   0   0 261   0   2]
 [  0   1   4   2   0   0  21 410   0]
 [  6   0  23  10   2   0   2   1 425]]

******************************************************
Logistic Regression - ovr:

0.787362637363
[[263  23   4   4  45  22   1   2   3]
 [  6 378   0   2   1   1   1  22  11]
 [  9  79  77  16   0   0  22   3  81]
 [  1   0   0 620   0   0   3   0  12]
 [ 55   0   1   5 298  19   0   0  22]
 [ 27   0   0   0  21 245   0   0   0]
 [  6  26  20  47   0   0 194  12  23]
 [  1   4   0   3   0   0  14 410   6]
 [ 14   5   4  37   8   0   0  20 381]]

******************************************************
Logistic Regression - mul:

0.798901098901
[[248  23   3   3  65  23   0   0   2]
 [  6 370  11   1   3   1   2  11  17]
 [  6  62 104  10   1   0  35   4  65]
 [  1   0   0 605   5   0   8   0  17]
 [ 44   0   1   5 322  17   0   0  11]
 [ 20   0   0   0  19 254   0   0   0]
 [  4  19  23  32   1   0 220   7  22]
 [  0   9   1   2   0   0  18 404   4]
 [ 15   2  10  28  13   0   1  19 381]]
######################################################
(5460, 120) (3640, 120)

******************************************************
Decision Tree:

0.737912087912
[[242   5   6   2  49  27   2   5  11]
 [  8 304  47   1   5   0  15  14  19]
 [  8  47 149  12   7   0  62  14  72]
 [  1   1   8 583   0   0  24   1  26]
 [ 67  12   1   0 298  22   1   0   9]
 [ 26   0   0   0  23 244   0   0   1]
 [  4  13  26  13   4   0 191  16  19]
 [  3  21   2   0   1   0  15 372   9]
 [  8  19  48  25  13   0  18  16 303]]

******************************************************
Gaussian Naive Bayes:

0.532692307692
[[122  19   6   0 172  47   0   1   0]
 [  1 251  44   3  42   0   7  72   2]
 [  1  82  57  25  15   0  48  59   0]
 [  0   0   8 504  27   0  88   9   0]
 [ 82  37   3   1 253  24   0   0   0]
 [ 19   0   0   0  37 237   0   0   0]
 [  0  20  48  50  13   0 135  61   1]
 [  0  53   8   3   2   0  18 352   2]
 [ 12  56  61  93  16   0 113  90  28]]

******************************************************
KNN:

0.815934065934
[[296   7   9   1  32  18   0   0   4]
 [  8 355  34   0   2   1   8   9   5]
 [  1  35 196   1   1   0  14   2  37]
 [  2   0   5 606   0   0   4   0  19]
 [ 62   2   6   8 277  41   0   0   4]
 [ 22   0   0   0  12 259   0   0   0]
 [  6  15  57  22   0   0 203   5  20]
 [  3   2   5   2   0   0  12 411   3]
 [ 17   2  52  14   1   0   2  14 367]]

******************************************************
SVM:

0.913736263736

******************************************************
Perceptron:

0.513736263736
[[ 34  31   0  18 284   0   0   0   0]
 [  0 294   0  21  90   0   0   1  16]
 [  0  53  16  92  73   0   0   0  53]
 [  0   0   0 634   0   0   0   0   2]
 [  1   0   0  22 371   1   0   0   5]
 [  6   1   0   0 230  56   0   0   0]
 [  0  30   7 249  12   0   4   1  25]
 [  0  57   2   8   4   0   2 292  73]
 [  0   0   1 229  70   0   0   0 169]]

******************************************************
LDA:

0.909340659341
[[329   0   4   1  16  15   0   0   2]
 [  5 382  23   1   0   0   2   5   4]
 [  1   3 254   2   0   0   6   0  21]
 [  0   0   6 615   0   0   6   0   9]
 [ 35   0   2   0 354   6   0   0   3]
 [  8   0   0   0   5 280   0   0   0]
 [  0  14  40  11   0   0 261   0   2]
 [  0   1   4   2   0   0  21 410   0]
 [  6   0  23  10   2   0   2   1 425]]

******************************************************
Logistic Regression - ovr:

0.787362637363
[[263  23   4   4  45  22   1   2   3]
 [  6 378   0   2   1   1   1  22  11]
 [  9  79  77  16   0   0  22   3  81]
 [  1   0   0 620   0   0   3   0  12]
 [ 55   0   1   5 298  19   0   0  22]
 [ 27   0   0   0  21 245   0   0   0]
 [  6  26  20  47   0   0 194  12  23]
 [  1   4   0   3   0   0  14 410   6]
 [ 14   5   4  37   8   0   0  20 381]]

******************************************************
Logistic Regression - mul:

0.798901098901
[[248  23   3   3  65  23   0   0   2]
 [  6 370  11   1   3   1   2  11  17]
 [  6  62 104  10   1   0  35   4  65]
 [  1   0   0 605   5   0   8   0  17]
 [ 44   0   1   5 322  17   0   0  11]
 [ 20   0   0   0  19 254   0   0   0]
 [  4  19  23  32   1   0 220   7  22]
 [  0   9   1   2   0   0  18 404   4]
 [ 15   2  10  28  13   0   1  19 381]]
######################################################
(5460, 120) (3640, 120)

******************************************************
Decision Tree:

0.736813186813
[[240   8   5   2  51  24   3   5   6]
 [ 10 302  49   1   1   0  19  16  15]
 [  9  52 148  15   8   0  60   9  73]
 [  1   2   9 579   3   0  19   3  25]
 [ 64  10   4   1 301  22   4   0  10]
 [ 33   0   0   0  24 247   0   0   1]
 [  2  10  27  16   4   0 193  21  20]
 [  3  15   6   0   1   0  12 366  13]
 [  5  23  39  22   7   0  18  18 306]]

******************************************************
Gaussian Naive Bayes:

0.532692307692
[[122  19   6   0 172  47   0   1   0]
 [  1 251  44   3  42   0   7  72   2]
 [  1  82  57  25  15   0  48  59   0]
 [  0   0   8 504  27   0  88   9   0]
 [ 82  37   3   1 253  24   0   0   0]
 [ 19   0   0   0  37 237   0   0   0]
 [  0  20  48  50  13   0 135  61   1]
 [  0  53   8   3   2   0  18 352   2]
 [ 12  56  61  93  16   0 113  90  28]]

******************************************************
KNN:

0.815934065934
[[296   7   9   1  32  18   0   0   4]
 [  8 355  34   0   2   1   8   9   5]
 [  1  35 196   1   1   0  14   2  37]
 [  2   0   5 606   0   0   4   0  19]
 [ 62   2   6   8 277  41   0   0   4]
 [ 22   0   0   0  12 259   0   0   0]
 [  6  15  57  22   0   0 203   5  20]
 [  3   2   5   2   0   0  12 411   3]
 [ 17   2  52  14   1   0   2  14 367]]

******************************************************
SVM:

0.913736263736

******************************************************
Perceptron:

0.513736263736
[[ 34  31   0  18 284   0   0   0   0]
 [  0 294   0  21  90   0   0   1  16]
 [  0  53  16  92  73   0   0   0  53]
 [  0   0   0 634   0   0   0   0   2]
 [  1   0   0  22 371   1   0   0   5]
 [  6   1   0   0 230  56   0   0   0]
 [  0  30   7 249  12   0   4   1  25]
 [  0  57   2   8   4   0   2 292  73]
 [  0   0   1 229  70   0   0   0 169]]

******************************************************
LDA:

0.909340659341
[[329   0   4   1  16  15   0   0   2]
 [  5 382  23   1   0   0   2   5   4]
 [  1   3 254   2   0   0   6   0  21]
 [  0   0   6 615   0   0   6   0   9]
 [ 35   0   2   0 354   6   0   0   3]
 [  8   0   0   0   5 280   0   0   0]
 [  0  14  40  11   0   0 261   0   2]
 [  0   1   4   2   0   0  21 410   0]
 [  6   0  23  10   2   0   2   1 425]]

******************************************************
Logistic Regression - ovr:

0.787362637363
[[263  23   4   4  45  22   1   2   3]
 [  6 378   0   2   1   1   1  22  11]
 [  9  79  77  16   0   0  22   3  81]
 [  1   0   0 620   0   0   3   0  12]
 [ 55   0   1   5 298  19   0   0  22]
 [ 27   0   0   0  21 245   0   0   0]
 [  6  26  20  47   0   0 194  12  23]
 [  1   4   0   3   0   0  14 410   6]
 [ 14   5   4  37   8   0   0  20 381]]

******************************************************
Logistic Regression - mul:

0.798901098901
[[248  23   3   3  65  23   0   0   2]
 [  6 370  11   1   3   1   2  11  17]
 [  6  62 104  10   1   0  35   4  65]
 [  1   0   0 605   5   0   8   0  17]
 [ 44   0   1   5 322  17   0   0  11]
 [ 20   0   0   0  19 254   0   0   0]
 [  4  19  23  32   1   0 220   7  22]
 [  0   9   1   2   0   0  18 404   4]
 [ 15   2  10  28  13   0   1  19 381]]
######################################################
(5460, 120) (3640, 120)

******************************************************
Decision Tree:

0.732142857143
[[232   7   5   3  52  25   5   5  10]
 [  7 300  45   1   1   0  11  13  19]
 [  8  52 149  14   6   0  71  13  67]
 [  1   0   8 577   2   0  19   1  25]
 [ 72   7   1   0 302  19   3   1   9]
 [ 33   0   0   0  25 249   0   0   1]
 [  1  17  28  14   4   0 183  23  16]
 [  3  19   4   0   1   0  16 363  12]
 [ 10  20  47  27   7   0  20  19 310]]

******************************************************
Gaussian Naive Bayes:

0.532692307692
[[122  19   6   0 172  47   0   1   0]
 [  1 251  44   3  42   0   7  72   2]
 [  1  82  57  25  15   0  48  59   0]
 [  0   0   8 504  27   0  88   9   0]
 [ 82  37   3   1 253  24   0   0   0]
 [ 19   0   0   0  37 237   0   0   0]
 [  0  20  48  50  13   0 135  61   1]
 [  0  53   8   3   2   0  18 352   2]
 [ 12  56  61  93  16   0 113  90  28]]

******************************************************
KNN:

0.815934065934
[[296   7   9   1  32  18   0   0   4]
 [  8 355  34   0   2   1   8   9   5]
 [  1  35 196   1   1   0  14   2  37]
 [  2   0   5 606   0   0   4   0  19]
 [ 62   2   6   8 277  41   0   0   4]
 [ 22   0   0   0  12 259   0   0   0]
 [  6  15  57  22   0   0 203   5  20]
 [  3   2   5   2   0   0  12 411   3]
 [ 17   2  52  14   1   0   2  14 367]]

******************************************************
SVM:

0.913736263736

******************************************************
Perceptron:

0.513736263736
[[ 34  31   0  18 284   0   0   0   0]
 [  0 294   0  21  90   0   0   1  16]
 [  0  53  16  92  73   0   0   0  53]
 [  0   0   0 634   0   0   0   0   2]
 [  1   0   0  22 371   1   0   0   5]
 [  6   1   0   0 230  56   0   0   0]
 [  0  30   7 249  12   0   4   1  25]
 [  0  57   2   8   4   0   2 292  73]
 [  0   0   1 229  70   0   0   0 169]]

******************************************************
LDA:

0.909340659341
[[329   0   4   1  16  15   0   0   2]
 [  5 382  23   1   0   0   2   5   4]
 [  1   3 254   2   0   0   6   0  21]
 [  0   0   6 615   0   0   6   0   9]
 [ 35   0   2   0 354   6   0   0   3]
 [  8   0   0   0   5 280   0   0   0]
 [  0  14  40  11   0   0 261   0   2]
 [  0   1   4   2   0   0  21 410   0]
 [  6   0  23  10   2   0   2   1 425]]

******************************************************
Logistic Regression - ovr:

0.787362637363
[[263  23   4   4  45  22   1   2   3]
 [  6 378   0   2   1   1   1  22  11]
 [  9  79  77  16   0   0  22   3  81]
 [  1   0   0 620   0   0   3   0  12]
 [ 55   0   1   5 298  19   0   0  22]
 [ 27   0   0   0  21 245   0   0   0]
 [  6  26  20  47   0   0 194  12  23]
 [  1   4   0   3   0   0  14 410   6]
 [ 14   5   4  37   8   0   0  20 381]]

******************************************************
Logistic Regression - mul:

0.798901098901
[[248  23   3   3  65  23   0   0   2]
 [  6 370  11   1   3   1   2  11  17]
 [  6  62 104  10   1   0  35   4  65]
 [  1   0   0 605   5   0   8   0  17]
 [ 44   0   1   5 322  17   0   0  11]
 [ 20   0   0   0  19 254   0   0   0]
 [  4  19  23  32   1   0 220   7  22]
 [  0   9   1   2   0   0  18 404   4]
 [ 15   2  10  28  13   0   1  19 381]]
######################################################
(5460, 120) (3640, 120)

******************************************************
Decision Tree:

0.732692307692
[[234  14  10   1  46  28   5   6  12]
 [ 13 305  40   2   7   0  11  15  23]
 [  8  46 148  19   4   0  59  12  74]
 [  2   1   7 574   3   0  18   1  25]
 [ 65   9   1   1 292  20   2   0   6]
 [ 32   0   0   0  35 245   0   0   1]
 [  3  16  27  17   2   0 199  19  18]
 [  3  15   6   0   2   0  15 369   9]
 [  7  16  48  22   9   0  19  16 301]]

******************************************************
Gaussian Naive Bayes:

0.532692307692
[[122  19   6   0 172  47   0   1   0]
 [  1 251  44   3  42   0   7  72   2]
 [  1  82  57  25  15   0  48  59   0]
 [  0   0   8 504  27   0  88   9   0]
 [ 82  37   3   1 253  24   0   0   0]
 [ 19   0   0   0  37 237   0   0   0]
 [  0  20  48  50  13   0 135  61   1]
 [  0  53   8   3   2   0  18 352   2]
 [ 12  56  61  93  16   0 113  90  28]]

******************************************************
KNN:

0.815934065934
[[296   7   9   1  32  18   0   0   4]
 [  8 355  34   0   2   1   8   9   5]
 [  1  35 196   1   1   0  14   2  37]
 [  2   0   5 606   0   0   4   0  19]
 [ 62   2   6   8 277  41   0   0   4]
 [ 22   0   0   0  12 259   0   0   0]
 [  6  15  57  22   0   0 203   5  20]
 [  3   2   5   2   0   0  12 411   3]
 [ 17   2  52  14   1   0   2  14 367]]

******************************************************
SVM:

0.913736263736

******************************************************
Perceptron:

0.513736263736
[[ 34  31   0  18 284   0   0   0   0]
 [  0 294   0  21  90   0   0   1  16]
 [  0  53  16  92  73   0   0   0  53]
 [  0   0   0 634   0   0   0   0   2]
 [  1   0   0  22 371   1   0   0   5]
 [  6   1   0   0 230  56   0   0   0]
 [  0  30   7 249  12   0   4   1  25]
 [  0  57   2   8   4   0   2 292  73]
 [  0   0   1 229  70   0   0   0 169]]

******************************************************
LDA:

0.909340659341
[[329   0   4   1  16  15   0   0   2]
 [  5 382  23   1   0   0   2   5   4]
 [  1   3 254   2   0   0   6   0  21]
 [  0   0   6 615   0   0   6   0   9]
 [ 35   0   2   0 354   6   0   0   3]
 [  8   0   0   0   5 280   0   0   0]
 [  0  14  40  11   0   0 261   0   2]
 [  0   1   4   2   0   0  21 410   0]
 [  6   0  23  10   2   0   2   1 425]]

******************************************************
Logistic Regression - ovr:

0.787362637363
[[263  23   4   4  45  22   1   2   3]
 [  6 378   0   2   1   1   1  22  11]
 [  9  79  77  16   0   0  22   3  81]
 [  1   0   0 620   0   0   3   0  12]
 [ 55   0   1   5 298  19   0   0  22]
 [ 27   0   0   0  21 245   0   0   0]
 [  6  26  20  47   0   0 194  12  23]
 [  1   4   0   3   0   0  14 410   6]
 [ 14   5   4  37   8   0   0  20 381]]

******************************************************
Logistic Regression - mul:

0.798901098901
[[248  23   3   3  65  23   0   0   2]
 [  6 370  11   1   3   1   2  11  17]
 [  6  62 104  10   1   0  35   4  65]
 [  1   0   0 605   5   0   8   0  17]
 [ 44   0   1   5 322  17   0   0  11]
 [ 20   0   0   0  19 254   0   0   0]
 [  4  19  23  32   1   0 220   7  22]
 [  0   9   1   2   0   0  18 404   4]
 [ 15   2  10  28  13   0   1  19 381]]
######################################################
######################################################
DT: 
[ 0.73351648  0.73214286  0.73131868  0.73159341  0.73571429  0.72967033
  0.73791209  0.73681319  0.73214286  0.73269231]
0.733351648352
gnb: 
[ 0.53269231  0.53269231  0.53269231  0.53269231  0.53269231  0.53269231
  0.53269231  0.53269231  0.53269231  0.53269231]
0.532692307692
mnb: 
[]
nan
bnb: 
[]
nan
knn: 
[ 0.81593407  0.81593407  0.81593407  0.81593407  0.81593407  0.81593407
  0.81593407  0.81593407  0.81593407  0.81593407]
0.815934065934
svm: 
[ 0.91373626  0.91373626  0.91373626  0.91373626  0.91373626  0.91373626
  0.91373626  0.91373626  0.91373626  0.91373626]
0.913736263736
per: 
[ 0.51373626  0.51373626  0.51373626  0.51373626  0.51373626  0.51373626
  0.51373626  0.51373626  0.51373626  0.51373626]
0.513736263736
lda: 
[ 0.90934066  0.90934066  0.90934066  0.90934066  0.90934066  0.90934066
  0.90934066  0.90934066  0.90934066  0.90934066]
0.909340659341
lr_ovr: 
[ 0.78736264  0.78736264  0.78736264  0.78736264  0.78736264  0.78736264
  0.78736264  0.78736264  0.78736264  0.78736264]
0.787362637363
lr_mul: 
[ 0.7989011  0.7989011  0.7989011  0.7989011  0.7989011  0.7989011
  0.7989011  0.7989011  0.7989011  0.7989011]
0.798901098901
