Starting read from Train file...
train.shape = (9100, 262)
train_labels.shape = (9100, 1)
(5460, 262) (3640, 262)

******************************************************
Decision Tree:

0.642032967033
[[178  10   6   1  74  40   6   3   9]
 [ 19 254  15   0  22   1  18  31  40]
 [  7  17 144   4   4   0  21   2  61]
 [  0   1   5 549   0   0  28   6  13]
 [ 77  29  12   1 236  26   6   2   6]
 [ 46   1   0   0  37 215   0   0   0]
 [ 13  19  47  32   8   0 142  51  84]
 [  0  28   3  13  10   0  42 379  25]
 [ 11  43  74   9  11   2  55  16 240]]

******************************************************
Gaussian Naive Bayes:

0.492582417582
[[ 73  87   7   1  12 166   0   0   5]
 [ 10 345   0   0   0   4   0   6  37]
 [ 25  66  29   7   2   1   6  64 106]
 [  0   9   0 548   0   0  25   9  18]
 [ 76 124  37   0  33 109   0   0  23]
 [ 14   8   1   0   8 253   0   0   0]
 [ 11  89   5  42   2   0  58  75  36]
 [  2  89   5  31   0   0  29 272  62]
 [ 18 163  11   5   1   7   8  83 182]]

******************************************************
Multinomial Naive Bayes:

0.318681318681
[[ 40  18   0  37 129 110   0   1  16]
 [  1  14   0 110 110   7   0  58 102]
 [  4   0   0 128  72   1   0  72  29]
 [  0   0   0 413  79   1   0 116   0]
 [ 40  25   0  24 187  71   0  12  43]
 [ 10  14   0   1 104 149   0   1   5]
 [  3   2   0 175  54   0   0  73  11]
 [  0   4   0 169   4   0   0 291  22]
 [  0   2   0 206 116  10   0  78  66]]

******************************************************
Bernoulli Naive Bayes:

0.350824175824
[[ 66  33   7  33  40 121   0  12  39]
 [ 77  49  39  77   8  22   5  26  99]
 [ 12  21 147  31  14   5   8  11  57]
 [ 26  11  43 452   9   0  13  38  17]
 [ 68  32  12   7  95 118   2  22  46]
 [ 25  12   0   0  14 226   0   4   3]
 [ 18  30  72  48  11   3  10  34  92]
 [ 64  48 101  69  33  13  15  59  88]
 [ 32  50 114  32   9  12  15  41 173]]

******************************************************
KNN:

0.31043956044
[[108  21  17  61  50  83   4   0   7]
 [ 18 123  19  60  29   6  29  34  84]
 [ 21  60  26 110  14   4  17  28  26]
 [ 45  73  70 306  20   2  16  37  40]
 [104  64  17  30  82  57  12   9  27]
 [ 74  21   4  14  49 109   0   1  12]
 [ 11  92  14  47   6   0  23  65  60]
 [  1  96  18  17   2   0  51 252  53]
 [ 11 133  21  51  32  10  42  77 101]]

******************************************************
SVM:

0.331868131868
[[108  21  17  61  50  83   4   0   7]
 [ 18 123  19  60  29   6  29  34  84]
 [ 21  60  26 110  14   4  17  28  26]
 [ 45  73  70 306  20   2  16  37  40]
 [104  64  17  30  82  57  12   9  27]
 [ 74  21   4  14  49 109   0   1  12]
 [ 11  92  14  47   6   0  23  65  60]
 [  1  96  18  17   2   0  51 252  53]
 [ 11 133  21  51  32  10  42  77 101]]
(5460, 262) (3640, 262)

******************************************************
Decision Tree:

0.661263736264
[[187  19   2   3  72  32   2   2   8]
 [ 20 273  28   1  26   0  27  33  50]
 [ 10  19 148   3   8   0  30   4  70]
 [  0   1   5 598   0   0  33   9   9]
 [ 59  18   4   0 258  31   1   4   6]
 [ 32   0   0   0  31 209   0   0   0]
 [  4  29  26  18   5   0 149  34  58]
 [  1  29  12   4   5   0  53 340  19]
 [ 21  30  70   8  20   0  61  14 245]]

******************************************************
Gaussian Naive Bayes:

0.485714285714
[[ 62  94   3   1   6 157   0   0  11]
 [  9 368   0   0   0   6   1   5  29]
 [  7  88   6  10   0   0   4  75 105]
 [  0  14   0 575   0   0  18   6  22]
 [ 72 144  22   0  26 119   0   3  39]
 [  3   4   0   0   8 256   0   0   1]
 [  5 103   1  50   0   0  39 102  56]
 [  3  72   2  36   0   0  21 261  45]
 [  7 183   2   2   0   6   8  82 175]]

******************************************************
Multinomial Naive Bayes:

0.329945054945
[[ 53  11   0  26 106  97   0   1  40]
 [ 14   2   0  65 107   7   0  69 154]
 [  3   0   0 107  49   1   0  79  56]
 [  1   0   0 439  80   4   0 109   2]
 [ 52  11   0  10 172  83   0  18  79]
 [ 15  15   0   0  90 142   0   0  10]
 [  4   0   0 171  51   1   0  95  34]
 [  0   1   0 125   5   0   0 275  34]
 [  6   0   0 151 105   8   0  77 118]]

******************************************************
Bernoulli Naive Bayes:

0.35989010989
[[ 73  35   8  29  28 109   3  13  36]
 [ 67  75  43  85   3  28   3  36  78]
 [  7  22 151  26   2   4  10  19  54]
 [ 24   9  46 478   8   0  10  48  12]
 [ 94  30  15   9  87 115   2  31  42]
 [ 25  12   0   1  15 214   0   3   2]
 [ 21  26  77  60   9   7  17  40  99]
 [ 49  34  84  65  28  10  26  56  88]
 [ 23  60 106  27  11   9  25  45 159]]

******************************************************
KNN:

0.315384615385
[[125  23  10  58  53  55   1   1   8]
 [ 19 108  25  51  45  11  38  46  75]
 [ 24  36  28 108  11   3  10  36  39]
 [ 47  61  46 352  23   3  12  41  50]
 [112  58  14  33  93  60   9  14  32]
 [ 98  16   4   3  48  91   2   1   9]
 [ 14  94  18  50  12   1  26  82  59]
 [  2  60  19  32   9   0  31 241  46]
 [ 23 126  15  65  28   6  34  84  84]]

******************************************************
SVM:

0.337637362637
[[125  23  10  58  53  55   1   1   8]
 [ 19 108  25  51  45  11  38  46  75]
 [ 24  36  28 108  11   3  10  36  39]
 [ 47  61  46 352  23   3  12  41  50]
 [112  58  14  33  93  60   9  14  32]
 [ 98  16   4   3  48  91   2   1   9]
 [ 14  94  18  50  12   1  26  82  59]
 [  2  60  19  32   9   0  31 241  46]
 [ 23 126  15  65  28   6  34  84  84]]
(5460, 262) (3640, 262)

******************************************************
Decision Tree:

0.661813186813
[[156  11   9   0  58  30   4   2  10]
 [ 18 276  20   1  18   1  21  34  36]
 [  7  13 142   5   6   0  23   7  52]
 [  1   0   5 584   0   0  29   4   4]
 [ 86  16   4   7 258  28   3   4   7]
 [ 39   0   0   0  41 211   0   0   0]
 [  2  18  27  26  13   0 151  36  76]
 [  1  18  11  12   1   0  53 373  16]
 [ 13  54  69   6  13   2  70  30 258]]

******************************************************
Gaussian Naive Bayes:

0.50521978022
[[ 98  84  10   2  14 108   0   0   7]
 [ 18 353   1   0   0   0   0   4  30]
 [ 20  79  24   8   0   1   5  74  76]
 [  0  15   0 572   0   0  16  13  25]
 [ 77 130  35   1  50  95   0   3  17]
 [ 11   4   0   0   8 249   0   0   0]
 [  7 100   4  41   1   0  40  95  66]
 [  5  93   6  25   0   0  19 289  53]
 [ 14 159  12   4   1   4  10  91 164]]

******************************************************
Multinomial Naive Bayes:

0.341483516484
[[ 68  11   0  22 102  88   0   2  30]
 [ 18   2   0  65  88   5   0  54 174]
 [  9   0   0  91  53   1   0  75  58]
 [  1   0   0 447  92   2   0  97   2]
 [ 60  14   0  15 148  88   0  14  69]
 [ 21  13   0   0  76 152   0   1   9]
 [  5   0   0 150  57   1   0  84  57]
 [  0   1   0 125  11   0   0 296  57]
 [  9   0   0 147  94   8   0  71 130]]

******************************************************
Bernoulli Naive Bayes:

0.347802197802
[[ 60  22   9  28  38 113   2  14  37]
 [ 63  45  43  76   5  24   4  37 109]
 [ 17  13 136  27   7   5   7  12  63]
 [ 25  10  58 460   7   0  12  54  15]
 [ 75  26  12   9  92 123   1  28  42]
 [ 23   9   0   1  10 225   0   3   1]
 [ 23  26  78  42   9   6  20  37 113]
 [ 76  34  98  63  28  11  14  68  98]
 [ 24  52 105  28  11   9  19  51 160]]

******************************************************
KNN:

0.321153846154
[[102  22  11  38  60  72   5   0  13]
 [ 26 119  32  42  28   4  20  49  86]
 [ 22  40  39  83  15   5   9  38  36]
 [ 49  79  68 313  16   9  18  37  52]
 [ 78  64   8  33  95  69  11  15  35]
 [ 96  18   5   4  36  98   2   1  12]
 [ 18  92  30  38  12   6  25  75  58]
 [  2  76  22  20   4   0  30 280  56]
 [ 31 124  30  47  22   5  16  86  98]]

******************************************************
SVM:

0.337087912088
[[102  22  11  38  60  72   5   0  13]
 [ 26 119  32  42  28   4  20  49  86]
 [ 22  40  39  83  15   5   9  38  36]
 [ 49  79  68 313  16   9  18  37  52]
 [ 78  64   8  33  95  69  11  15  35]
 [ 96  18   5   4  36  98   2   1  12]
 [ 18  92  30  38  12   6  25  75  58]
 [  2  76  22  20   4   0  30 280  56]
 [ 31 124  30  47  22   5  16  86  98]]
(5460, 262) (3640, 262)

******************************************************
Decision Tree:

0.654945054945
[[198  11  11   0  71  41   7   3  12]
 [ 21 244  24   0  22   0  22  23  37]
 [  2  17 164   7  13   0  29   8  55]
 [  1   4   3 595   0   0  30   5  10]
 [ 66  19  11   3 244  26  12   4   8]
 [ 43   0   0   0  29 200   0   0   2]
 [  3  29  21  30   5   1 136  53  59]
 [  2  21  10  18   1   0  33 348  21]
 [  9  35  72  14  12   1  73  21 255]]

******************************************************
Gaussian Naive Bayes:

0.496428571429
[[ 79  78   5   3  14 162   0   0   4]
 [  8 317   0   0   0   0   0   6  49]
 [ 14  85  21  12   1   1   6  74 102]
 [  0  10   1 598   0   0  29   5  24]
 [ 83 112  36   8  40  94   0   2  22]
 [ 22   1   1   0   6 239   0   0   0]
 [  8  89   3  45   2   0  67  69  59]
 [  3  71   3  32   0   0  28 267  61]
 [ 17 148  11   5   1   6  15  77 179]]

******************************************************
Multinomial Naive Bayes:

0.350824175824
[[ 48  39   0   9 109 113   0   4  23]
 [  2  39   0  31 100   3   0  76 129]
 [  3   5   0  90  74   3   0  81  60]
 [  0   0   0 448  90   1   0 122   6]
 [ 50  28   0   8 155  88   0  14  54]
 [ 11  17   0   0  92 148   0   0   1]
 [  3   6   0 143  70   3   0  75  42]
 [  0  10   0  93   9   0   0 299  54]
 [  2   7   0 100 116  10   0  84 140]]

******************************************************
Bernoulli Naive Bayes:

0.368131868132
[[ 56  52  10  21  37 124   0  11  34]
 [ 65  66  40  75   8  25   8  15  78]
 [ 14  24 159  31  11   5   5   8  59]
 [ 25  18  46 496   7   0  18  41  16]
 [ 56  40  16   3 105 113   2  20  42]
 [ 24   8   0   0   9 224   0   2   2]
 [ 27  38  81  39   9   7  19  31  91]
 [ 49  59  98  65  33   9  14  64  74]
 [ 29  82  99  31  10  10  12  35 151]]

******************************************************
KNN:

0.304120879121
[[ 83  45   7  50  62  84   4   1   9]
 [ 16 122  28  44  22   1  29  52  66]
 [ 27  58  33 101  12   4  11  42  28]
 [ 51 112  53 305  20   5  13  54  54]
 [ 95  69  14  30  81  58  10  13  27]
 [ 88  27   2   6  39  98   0   0   9]
 [ 20 111  17  38  16   3  18  64  55]
 [  3  65  14  28   2   0  36 270  47]
 [ 18 136  21  50  29   7  32  69  97]]

******************************************************
SVM:

0.356043956044
[[ 83  45   7  50  62  84   4   1   9]
 [ 16 122  28  44  22   1  29  52  66]
 [ 27  58  33 101  12   4  11  42  28]
 [ 51 112  53 305  20   5  13  54  54]
 [ 95  69  14  30  81  58  10  13  27]
 [ 88  27   2   6  39  98   0   0   9]
 [ 20 111  17  38  16   3  18  64  55]
 [  3  65  14  28   2   0  36 270  47]
 [ 18 136  21  50  29   7  32  69  97]]
(5460, 262) (3640, 262)

******************************************************
Decision Tree:

0.647252747253
[[173  26   6   0  52  37   4   1  10]
 [ 11 253  16   5  21   0  26  22  41]
 [  7  20 131  14  12   0  18   7  74]
 [  0   3   4 593   0   0  28   9   9]
 [ 81  21  11   2 260  53   4   4  16]
 [ 41   1   0   0  28 193   0   0   1]
 [  6  26  34  23   3   0 141  45  71]
 [  0  29   9   5   2   0  26 365  20]
 [ 11  26  89   7   8   0  72  26 247]]

******************************************************
Gaussian Naive Bayes:

0.508516483516
[[ 92  76  10   3  10 131   0   0   8]
 [ 15 343   0   1   0   0   0   6  40]
 [ 13  85  16   7   1   1   5  71 101]
 [  0  11   0 591   0   0  15   9  23]
 [ 81 127  27   3  36  83   0   3  26]
 [ 12   5   0   0   0 266   0   0   0]
 [  6  90   3  35   1   0  52  70  62]
 [  5  81   4  34   0   0  22 273  60]
 [ 13 176   4   6   0   9   7  92 182]]

******************************************************
Multinomial Naive Bayes:

0.34478021978
[[ 68  23   0  26 115  78   0   2  18]
 [  8  26   0  87 114   3   0  61 106]
 [  5   8   0 108  63   1   0  69  46]
 [  0   0   0 437 109   3   0  99   1]
 [ 57  22   0  12 185  52   0  11  47]
 [ 18  18   0   0  97 147   0   1   2]
 [  5   2   0 158  55   3   0  68  28]
 [  0   7   0 136  13   0   0 287  36]
 [  6   7   0 154 124  11   0  82 105]]

******************************************************
Bernoulli Naive Bayes:

0.346703296703
[[ 55  33   8  34  35 116   1  13  35]
 [ 67  55  44  76   5  21  10  20 107]
 [ 12  16 137  30   8   4  10  14  69]
 [ 30  10  44 471   7   0  13  58  16]
 [ 78  34  21   8  81 110   2  15  37]
 [ 17  11   0   0  12 239   0   4   0]
 [ 21  30  69  36  13   5  16  28 101]
 [ 68  48  88  68  27  13  22  57  88]
 [ 30  54 105  27  21  16  45  40 151]]

******************************************************
KNN:

0.316758241758
[[111  21   8  52  69  52   2   1  14]
 [ 20 113  21  47  32   6  37  46  83]
 [ 24  43  40  94  15   2  11  31  40]
 [ 58  75  66 325  23   7  18  31  46]
 [ 98  49  10  34  93  38  15  10  39]
 [ 95  18   5   9  58  83   0   4  11]
 [ 18  88  12  34  15   4  22  69  57]
 [  5  82  10  20   2   0  44 260  56]
 [ 29 123  30  53  28  11  36  73 106]]

******************************************************
SVM:

0.343406593407
[[111  21   8  52  69  52   2   1  14]
 [ 20 113  21  47  32   6  37  46  83]
 [ 24  43  40  94  15   2  11  31  40]
 [ 58  75  66 325  23   7  18  31  46]
 [ 98  49  10  34  93  38  15  10  39]
 [ 95  18   5   9  58  83   0   4  11]
 [ 18  88  12  34  15   4  22  69  57]
 [  5  82  10  20   2   0  44 260  56]
 [ 29 123  30  53  28  11  36  73 106]]
(5460, 262) (3640, 262)

******************************************************
Decision Tree:

0.642857142857
[[167  21   3   2  92  28   5   5  12]
 [ 12 247  18   3  11   0  25  29  39]
 [  9  22 132   8   5   0  28   9  78]
 [  2   1   8 557   1   0  15   4   4]
 [ 73  16   7   3 244  22   5   2  22]
 [ 38   0   0   0  47 213   0   0   0]
 [  5  26  37  23   4   0 138  41  67]
 [  1  35   5  10   4   0  43 380  35]
 [  5  38  82   8   6   0  64  27 262]]

******************************************************
Gaussian Naive Bayes:

0.493956043956
[[ 78  73   8   1  23 123   0   0   6]
 [ 14 339   0   1   0   0   1   5  46]
 [ 14  76   4   4   3   0   2  66 123]
 [  0   9   0 545   0   0  20  10  30]
 [ 79 129  24   4  49  97   0   3  29]
 [  9   4   1   0   6 243   0   0   0]
 [  9  88   3  29   2   0  45  82  65]
 [  2  85   0  42   0   0  25 287  56]
 [ 16 174   3   7   1   7  11  92 208]]

******************************************************
Multinomial Naive Bayes:

0.331868131868
[[ 85  23   0  25  76  94   0   4   5]
 [ 22  52   0 165  85   3   0  58  21]
 [  9   4   0 136  58   2   0  72  11]
 [  4   0   0 421  80   5   0 104   0]
 [ 79  36   0  23 152  87   0   9  28]
 [ 28  15   0   2  59 157   0   1   1]
 [  8   6   0 171  57   4   0  75   2]
 [  0  13   0 155  12   0   0 311   6]
 [ 19  15   0 237 111  12   0  95  30]]

******************************************************
Bernoulli Naive Bayes:

0.342582417582
[[ 75  31   8  16  25 109   3  11  34]
 [ 64  52  41  76   8  19  10  34 102]
 [  9  17 137  29   7   5  10  12  66]
 [ 35  11  41 451   1   0  21  39  15]
 [109  29  12   8  67 134   4  22  29]
 [ 23  11   1   0   5 219   0   1   3]
 [ 24  31  65  43   9   6  17  25 103]
 [ 69  40 100  82  18  18  20  55  95]
 [ 30  58 117  27  22  13  21  57 174]]

******************************************************
KNN:

0.324450549451
[[104  25   2  44  59  63   1   2  12]
 [ 23 116  20  66  20   5  32  42  82]
 [ 23  55  28 106   9   3   8  32  28]
 [ 59  60  41 332  12  13  20  45  32]
 [107  61   5  38  87  60  11   9  36]
 [ 77  19   8   3  46 101   1   1   7]
 [ 17  90  15  51   8   2  21  66  53]
 [  1  69  18  34   8   0  30 283  54]
 [ 31 136  27  68  20   7  41  80 109]]

******************************************************
SVM:

0.332967032967
[[104  25   2  44  59  63   1   2  12]
 [ 23 116  20  66  20   5  32  42  82]
 [ 23  55  28 106   9   3   8  32  28]
 [ 59  60  41 332  12  13  20  45  32]
 [107  61   5  38  87  60  11   9  36]
 [ 77  19   8   3  46 101   1   1   7]
 [ 17  90  15  51   8   2  21  66  53]
 [  1  69  18  34   8   0  30 283  54]
 [ 31 136  27  68  20   7  41  80 109]]
(5460, 262) (3640, 262)

******************************************************
Decision Tree:

0.648351648352
[[176  20   9   3  59  42   4   2   4]
 [ 28 259  22   0  29   0  25  33  32]
 [  2  23 158   5   4   0  29   6  92]
 [  0   4   6 571   1   0  23  10   5]
 [ 63  13   8   0 249  24   2  11  15]
 [ 40   0   0   0  36 207   0   0   0]
 [  8  22  25  23   9   0 139  46  66]
 [  4  23   4   7   3   1  56 357  26]
 [ 17  39  72   7   8   0  58  22 244]]

******************************************************
Gaussian Naive Bayes:

0.493131868132
[[ 80  77   6   1  17 149   0   0   8]
 [ 13 343   0   0   0   0   1   5  41]
 [ 11  84  16   5   1   1   8  72 106]
 [  0  14   0 561   0   0  16  12  13]
 [ 69 126  24   2  39 100   0   2  36]
 [ 22   4   0   0   5 243   0   0   0]
 [  6  89   5  41   1   0  43  92  59]
 [  3  88   1  30   0   0  16 296  53]
 [ 10 174   3   4   2   2   7 108 174]]

******************************************************
Multinomial Naive Bayes:

0.339285714286
[[ 50  25   0  27 131  84   0   4  17]
 [  2   7   0 124  95   4   0  55 116]
 [  0   0   0 112  72   3   0  83  34]
 [  0   0   0 441  81   2   0  90   2]
 [ 27  16   0  23 190  75   0  13  54]
 [ 11  21   0   2  84 153   0   0   3]
 [  3   2   0 167  63   0   0  75  26]
 [  0   3   0 145   8   0   0 300  31]
 [  1   0   0 173 113   7   0  96  94]]

******************************************************
Bernoulli Naive Bayes:

0.345054945055
[[ 50  42   6  24  45 114   3  13  41]
 [ 53  53  38  77  16  21  10  30 105]
 [  8  19 158  31  10   8   8  11  51]
 [ 30  11  48 445   8   0  14  44  16]
 [ 69  29  18   9  88 115   1  26  43]
 [ 15  13   0   1  21 221   0   1   2]
 [ 19  28  85  43  19   5  15  34  88]
 [ 46  37  90  74  36  19  16  69 100]
 [ 18  57 126  24  27   6  23  46 157]]

******************************************************
KNN:

0.322252747253
[[ 96  29  14  49  63  67   0   2  18]
 [ 20 118  22  51  27   6  31  52  76]
 [ 20  39  25 111   8   7  12  43  39]
 [ 36  70  33 340  21  10  19  43  44]
 [ 81  66  14  24  81  69  10  15  38]
 [ 80  23   6   5  46 105   0   0   9]
 [ 11  84  19  52  12   2  33  67  56]
 [  0  70  13  28   6   0  49 261  60]
 [ 21 114  30  58  32   3  34  78 114]]

******************************************************
SVM:

0.330769230769
[[ 96  29  14  49  63  67   0   2  18]
 [ 20 118  22  51  27   6  31  52  76]
 [ 20  39  25 111   8   7  12  43  39]
 [ 36  70  33 340  21  10  19  43  44]
 [ 81  66  14  24  81  69  10  15  38]
 [ 80  23   6   5  46 105   0   0   9]
 [ 11  84  19  52  12   2  33  67  56]
 [  0  70  13  28   6   0  49 261  60]
 [ 21 114  30  58  32   3  34  78 114]]
(5460, 262) (3640, 262)

******************************************************
Decision Tree:

0.653571428571
[[182  26   7   0  58  45   8   3  20]
 [ 23 275  23   1  14   0  22  22  33]
 [  7  22 151  11   8   0  26   3  83]
 [  1   2   4 554   1   0  25   9  11]
 [ 85  11   8   1 271  35   3  18  11]
 [ 27   1   0   0  25 187   0   0   0]
 [  8  21  28  27   6   0 139  42  67]
 [  1  24   2  14   3   0  43 373  21]
 [  4  40  76   9   3   1  55  23 247]]

******************************************************
Gaussian Naive Bayes:

0.489835164835
[[ 93  82   7   3  16 130   0   0   7]
 [ 17 349   0   1   0   1   0   3  51]
 [ 17  74  16   9   1   1   8  66 107]
 [  0  13   1 542   0   0  22   8  31]
 [ 78 139  25   5  35  87   1   0  19]
 [ 23   7   1   0   4 233   0   0   0]
 [  8  80   4  42   0   0  32  99  56]
 [  7  77   1  32   0   0  24 286  66]
 [ 17 166   7   5   1   8   8  84 197]]

******************************************************
Multinomial Naive Bayes:

0.330494505495
[[ 58  14   0  33 135  82   0   2  14]
 [  3  14   0 133 116   2   0  51 103]
 [  3   1   0 129  68   2   0  72  24]
 [  0   0   0 424 104   2   0  87   0]
 [ 42  11   0  22 176  72   0  13  53]
 [ 17  14   0   1  81 149   0   0   6]
 [  2   0   0 162  62   2   0  77  16]
 [  0   3   0 141  15   0   0 303  31]
 [  1   2   0 198 125  12   0  76  79]]

******************************************************
Bernoulli Naive Bayes:

0.359065934066
[[ 43  41   5  28  59 114   0  11  37]
 [ 38  74  39  85  32  18   6  29 101]
 [  6  29 145  30  13   6   8   6  56]
 [ 20  20  42 453  18   0   2  49  13]
 [ 49  36  20   6 122  98   2  24  32]
 [ 10  10   0   0  21 222   0   3   2]
 [ 10  41  66  53  17   6  13  31  84]
 [ 36  59  83  75  46  18  17  67  92]
 [ 17  69  97  36  23  13  28  42 168]]

******************************************************
KNN:

0.318681318681
[[ 95  34  23  38  68  62   2   0  16]
 [ 23 131  27  54  25   2  28  44  88]
 [ 13  46  33 114  18   5   9  33  28]
 [ 44  72  62 318  25   5  18  30  43]
 [ 75  66   9  24  98  56  14  10  37]
 [ 87  20   5   6  51  89   3   0   7]
 [  9  86  20  47  14   0  29  66  50]
 [  3  81   9  25   4   0  40 273  58]
 [ 28 129  21  69  22   8  59  63  94]]

******************************************************
SVM:

0.334340659341
[[ 95  34  23  38  68  62   2   0  16]
 [ 23 131  27  54  25   2  28  44  88]
 [ 13  46  33 114  18   5   9  33  28]
 [ 44  72  62 318  25   5  18  30  43]
 [ 75  66   9  24  98  56  14  10  37]
 [ 87  20   5   6  51  89   3   0   7]
 [  9  86  20  47  14   0  29  66  50]
 [  3  81   9  25   4   0  40 273  58]
 [ 28 129  21  69  22   8  59  63  94]]
(5460, 262) (3640, 262)

******************************************************
Decision Tree:

0.66456043956
[[187  18   7   1  59  29  10   4  12]
 [ 10 278  19   1  23   2  24  14  42]
 [  7  14 142   7  12   0  31   8  77]
 [  4   1   6 556   1   0  27   5  11]
 [ 65  23   4   1 266  29   2   4  10]
 [ 58   1   0   0  30 230   0   0   1]
 [  3  27  26  26   5   0 149  37  61]
 [  1  19  10  15   4   0  37 350  14]
 [ 10  38  69   7  11   0  68  19 261]]

******************************************************
Gaussian Naive Bayes:

0.500274725275
[[ 81  79  10   2   4 161   0   0   8]
 [ 14 362   0   1   0   1   1   4  36]
 [ 17  78  17   5   0   1   3  56 106]
 [  0   8   0 553   0   0  25   7  21]
 [ 91 130  33   2  28 100   0   3  24]
 [ 15   6   1   0  10 258   0   0   0]
 [  9 104   4  46   2   0  52  79  52]
 [  4  72   3  27   0   0  13 265  57]
 [ 16 160   8   7   2   7  12  72 205]]

******************************************************
Multinomial Naive Bayes:

0.326923076923
[[ 50  24   0  33 128  96   0   1  13]
 [  2  26   0 122 115   2   0  61  91]
 [  6   1   0 123  66   0   0  67  20]
 [  0   0   0 445  79   2   0  88   0]
 [ 60  18   0  22 171  78   0  13  49]
 [ 13  12   0   0 107 153   0   0   5]
 [  4   3   0 176  74   2   0  77  12]
 [  0   2   0 133  12   0   0 273  21]
 [  2   3   0 202 117  13   0  80  72]]

******************************************************
Bernoulli Naive Bayes:

0.355494505495
[[ 46  34   8  30  55 125   1  13  33]
 [ 50  62  46  85  24  17  11  34  90]
 [  7  26 128  35   9   4  16   9  49]
 [ 14  13  42 457  11   0  19  41  17]
 [ 46  35  20  11 126 111   4  16  42]
 [ 16  13   0   1  19 238   0   2   1]
 [ 14  38  68  49  26   6  30  32  85]
 [ 34  46  84  64  49  13  27  50  74]
 [ 22  62 106  33  15  12  43  39 157]]

******************************************************
KNN:

0.312087912088
[[ 97  26  11  53  68  69   4   1  16]
 [ 17 122  21  60  34   3  45  49  68]
 [ 24  37  23  96  15   1  10  33  44]
 [ 46  72  61 317  21   4  11  36  46]
 [ 94  70  12  33  86  61  11   9  35]
 [ 99  23   6   7  47  97   4   1   6]
 [  9  79  17  57  24   5  32  69  56]
 [  3  65  13  26   7   1  29 251  46]
 [ 28 118  17  57  24  10  37  87 111]]

******************************************************
SVM:

0.32967032967
[[ 97  26  11  53  68  69   4   1  16]
 [ 17 122  21  60  34   3  45  49  68]
 [ 24  37  23  96  15   1  10  33  44]
 [ 46  72  61 317  21   4  11  36  46]
 [ 94  70  12  33  86  61  11   9  35]
 [ 99  23   6   7  47  97   4   1   6]
 [  9  79  17  57  24   5  32  69  56]
 [  3  65  13  26   7   1  29 251  46]
 [ 28 118  17  57  24  10  37  87 111]]
(5460, 262) (3640, 262)

******************************************************
Decision Tree:

0.659065934066
[[181  19   7   2  43  15   8   3  17]
 [ 15 271  27   3  18   0  18  23  48]
 [  6  13 144   7  10   0  31   4  80]
 [  2   2   2 604   0   0  15  10  13]
 [ 74  17   5   0 268  25   5   3   8]
 [ 46   0   0   0  34 210   0   0   0]
 [  3  20  24  18   7   1 128  42  51]
 [  1  23   6   9  13   0  32 355  24]
 [ 13  53  96  12  19   0  76  20 238]]

******************************************************
Gaussian Naive Bayes:

0.493956043956
[[ 79  81   7   2  19 144   0   0   9]
 [ 12 359   0   1   0   3   0   4  39]
 [ 17  87  16   5   2   1   7  70 106]
 [  0  12   0 580   0   0  24   9  30]
 [ 54 135  32   1  43 114   0   0  33]
 [ 18   3   1   0   5 224   0   0   0]
 [ 11  76   3  37   0   0  35  86  65]
 [  2  80   3  32   0   0  19 270  54]
 [ 15 174   5   3   0   7  10  73 192]]

******************************************************
Multinomial Naive Bayes:

0.347527472527
[[ 54  21   0  26 115  92   0   4  29]
 [  8  10   0  61 115   7   0  66 151]
 [  5   2   0  95  63   5   0  85  56]
 [  0   0   0 456  96   3   0  97   3]
 [ 43  11   0  13 181  85   0  14  65]
 [ 11  17   0   0  71 149   0   0   3]
 [  3   0   0 136  55   5   0  79  35]
 [  0   3   0 113   7   0   0 289  48]
 [  6   3   0 138 118   8   0  80 126]]

******************************************************
Bernoulli Naive Bayes:

0.350824175824
[[ 78  39   8  36  40  89   0  14  37]
 [ 71  48  35  84  13  26   9  35  97]
 [  7  17 162  26   9   8  10  14  58]
 [ 34  11  36 489   0   0   9  59  17]
 [121  21  12   8  51 122   5  34  38]
 [ 23   8   0   0  14 202   0   2   2]
 [ 25  22  74  33   8   5  18  37  91]
 [ 71  33  94  68  11  12  18  70  83]
 [ 18  53 103  29  29  12  28  48 159]]

******************************************************
KNN:

0.325
[[100  23  10  61  61  66   6   1  13]
 [ 30 124  24  55  19   6  32  51  77]
 [ 21  49  24 102  13   4  15  48  35]
 [ 60  70  55 334  13  10  16  41  56]
 [ 96  60  10  33  88  65  13  11  36]
 [ 73  14   4   7  39 101   3   0  10]
 [ 17  76  12  40  11   2  26  75  54]
 [  1  67  15  23   2   1  32 267  52]
 [ 31 115  17  55  24   8  30  80 119]]

******************************************************
SVM:

0.33489010989
[[100  23  10  61  61  66   6   1  13]
 [ 30 124  24  55  19   6  32  51  77]
 [ 21  49  24 102  13   4  15  48  35]
 [ 60  70  55 334  13  10  16  41  56]
 [ 96  60  10  33  88  65  13  11  36]
 [ 73  14   4   7  39 101   3   0  10]
 [ 17  76  12  40  11   2  26  75  54]
 [  1  67  15  23   2   1  32 267  52]
 [ 31 115  17  55  24   8  30  80 119]]
###########################################
DT: 
[ 0.64203297  0.66126374  0.66181319  0.65494505  0.64725275  0.64285714
  0.64835165  0.65357143  0.66456044  0.65906593]
0.653571428571
gnb: 
[ 0.49258242  0.48571429  0.50521978  0.49642857  0.50851648  0.49395604
  0.49313187  0.48983516  0.50027473  0.49395604]
0.495961538462
mnb: 
[ 0.31868132  0.32994505  0.34148352  0.35082418  0.34478022  0.33186813
  0.33928571  0.33049451  0.32692308  0.34752747]
0.336181318681
bnb: 
[ 0.35082418  0.35989011  0.3478022   0.36813187  0.3467033   0.34258242
  0.34505495  0.35906593  0.35549451  0.35082418]
0.352637362637
knn: 
[ 0.31043956  0.31538462  0.32115385  0.30412088  0.31675824  0.32445055
  0.32225275  0.31868132  0.31208791  0.325     ]
0.317032967033
svm: 
[ 0.31043956  0.31538462  0.32115385  0.30412088  0.31675824  0.32445055
  0.32225275  0.31868132  0.31208791  0.325     ]
0.317032967033
