Starting read from Train file...
(739, 121)
train.shape = (739, 120)
train_labels.shape = (739, 1)
(444, 120) (295, 120)

******************************************************
Decision Tree:

0.481355932203
[[1 0 0 ..., 0 0 0]
 [0 0 1 ..., 0 0 0]
 [0 0 5 ..., 0 0 0]
 ..., 
 [0 0 0 ..., 4 0 0]
 [0 0 0 ..., 0 9 1]
 [0 0 0 ..., 0 0 1]]

******************************************************
Gaussian Naive Bayes:

0.606779661017
[[2 2 0 ..., 0 0 0]
 [0 3 0 ..., 0 0 0]
 [0 0 2 ..., 0 0 0]
 ..., 
 [0 0 0 ..., 3 0 0]
 [0 0 0 ..., 0 9 0]
 [0 0 0 ..., 0 2 5]]

******************************************************
KNN:
---------------------
KNN ==  5 :

0.535593220339
[[4 1 0 ..., 0 0 0]
 [0 5 0 ..., 0 0 0]
 [0 1 4 ..., 0 0 0]
 ..., 
 [0 0 0 ..., 3 0 0]
 [0 0 0 ..., 0 9 0]
 [0 0 0 ..., 0 2 0]]
---------------------
KNN ==  9 :

0.498305084746
[[6 0 0 ..., 0 0 0]
 [0 5 0 ..., 0 0 0]
 [0 1 4 ..., 0 0 0]
 ..., 
 [0 0 0 ..., 3 0 0]
 [0 0 0 ..., 0 9 0]
 [0 0 0 ..., 0 1 0]]
---------------------
KNN ==  11 :

0.471186440678
[[6 0 0 ..., 0 0 0]
 [0 5 0 ..., 0 0 0]
 [0 1 4 ..., 0 0 0]
 ..., 
 [0 0 0 ..., 3 0 0]
 [0 0 0 ..., 0 9 0]
 [0 0 0 ..., 0 1 0]]
---------------------
KNN ==  13 :

0.454237288136
[[5 0 0 ..., 0 0 0]
 [0 5 0 ..., 0 0 0]
 [0 1 4 ..., 0 0 0]
 ..., 
 [0 0 0 ..., 3 0 0]
 [0 0 0 ..., 0 9 0]
 [0 0 0 ..., 0 1 0]]

******************************************************
SVM:

0.786440677966

******************************************************
Perceptron:

0.0779661016949
[[ 0  7  0 ...,  0  0  0]
 [ 0  5  0 ...,  0  0  0]
 [ 0  8  0 ...,  0  0  0]
 ..., 
 [ 0  2  0 ...,  0  0  0]
 [ 0  9  0 ...,  0  0  0]
 [ 0 13  0 ...,  0  0  0]]

******************************************************
LDA:

0.905084745763
[[ 4  0  0 ...,  0  0  0]
 [ 0  5  0 ...,  0  0  0]
 [ 0  0  7 ...,  0  0  0]
 ..., 
 [ 0  0  0 ..., 10  0  0]
 [ 0  0  0 ...,  0  9  0]
 [ 0  0  0 ...,  0  2  7]]

******************************************************
Logistic Regression - ovr:

0.261016949153
[[0 4 0 ..., 0 0 0]
 [0 2 0 ..., 0 0 0]
 [0 2 3 ..., 0 0 0]
 ..., 
 [0 0 0 ..., 2 0 0]
 [0 0 0 ..., 0 9 0]
 [0 0 0 ..., 0 1 0]]

******************************************************
Logistic Regression - mul:

0.281355932203
[[1 3 0 ..., 0 0 0]
 [0 2 0 ..., 0 0 0]
 [0 2 3 ..., 0 0 0]
 ..., 
 [0 0 0 ..., 2 0 0]
 [0 0 0 ..., 0 9 0]
 [0 0 0 ..., 0 1 0]]
######################################################
(444, 120) (295, 120)

******************************************************
Decision Tree:

0.494915254237
[[5 0 1 ..., 0 0 0]
 [0 3 0 ..., 0 0 0]
 [0 0 5 ..., 0 0 0]
 ..., 
 [0 0 0 ..., 2 0 0]
 [0 0 0 ..., 0 5 0]
 [0 0 0 ..., 0 0 1]]

******************************************************
Gaussian Naive Bayes:

0.562711864407
[[6 0 0 ..., 0 0 1]
 [0 2 0 ..., 0 0 0]
 [0 0 5 ..., 0 0 0]
 ..., 
 [0 0 0 ..., 3 0 0]
 [0 0 0 ..., 0 5 0]
 [0 0 0 ..., 0 0 0]]

******************************************************
KNN:
---------------------
KNN ==  5 :

0.535593220339
[[5 0 0 ..., 0 0 0]
 [1 3 0 ..., 0 0 0]
 [0 0 4 ..., 0 0 0]
 ..., 
 [0 0 0 ..., 3 0 0]
 [0 0 0 ..., 0 5 0]
 [0 0 0 ..., 0 0 1]]
---------------------
KNN ==  9 :

0.505084745763
[[4 0 0 ..., 0 0 0]
 [1 2 0 ..., 0 0 0]
 [0 0 4 ..., 0 0 0]
 ..., 
 [0 0 0 ..., 3 0 0]
 [0 0 0 ..., 0 5 0]
 [0 0 0 ..., 0 0 0]]
---------------------
KNN ==  11 :

0.508474576271
[[4 0 0 ..., 0 0 0]
 [1 2 0 ..., 0 0 0]
 [0 0 4 ..., 0 0 0]
 ..., 
 [0 0 0 ..., 3 0 0]
 [0 0 0 ..., 0 5 0]
 [0 0 0 ..., 0 0 0]]
---------------------
KNN ==  13 :

0.484745762712
[[4 0 0 ..., 0 0 0]
 [1 1 0 ..., 0 0 0]
 [0 0 3 ..., 0 0 0]
 ..., 
 [0 0 0 ..., 3 0 0]
 [0 0 0 ..., 0 5 0]
 [0 0 0 ..., 0 0 0]]

******************************************************
SVM:

0.789830508475

******************************************************
Perceptron:

0.101694915254
[[0 0 0 ..., 0 0 0]
 [0 0 7 ..., 0 0 0]
 [0 0 7 ..., 0 0 0]
 ..., 
 [0 0 0 ..., 0 0 0]
 [0 0 0 ..., 0 0 0]
 [0 0 0 ..., 0 0 0]]

******************************************************
LDA:

0.938983050847
[[8 0 0 ..., 0 0 0]
 [0 7 0 ..., 0 0 0]
 [0 0 5 ..., 0 0 0]
 ..., 
 [0 0 0 ..., 4 0 0]
 [0 0 0 ..., 0 5 0]
 [0 0 0 ..., 0 0 6]]

******************************************************
Logistic Regression - ovr:

0.284745762712
[[0 0 0 ..., 0 1 0]
 [0 0 1 ..., 0 0 0]
 [0 0 5 ..., 0 0 0]
 ..., 
 [0 0 0 ..., 4 0 0]
 [0 0 0 ..., 0 5 0]
 [0 0 0 ..., 0 1 5]]

******************************************************
Logistic Regression - mul:

0.318644067797
[[0 0 0 ..., 0 0 0]
 [0 0 1 ..., 0 0 0]
 [0 0 5 ..., 0 0 0]
 ..., 
 [0 0 0 ..., 4 0 0]
 [0 0 0 ..., 0 5 0]
 [0 0 0 ..., 0 0 5]]
######################################################
(444, 120) (295, 120)

******************************************************
Decision Tree:

0.410169491525
[[1 0 0 ..., 0 0 0]
 [1 4 0 ..., 0 0 0]
 [0 0 3 ..., 0 0 0]
 ..., 
 [0 0 0 ..., 3 0 0]
 [0 0 0 ..., 0 6 0]
 [0 0 0 ..., 0 0 2]]

******************************************************
Gaussian Naive Bayes:

0.518644067797
[[4 1 0 ..., 0 0 0]
 [0 7 0 ..., 0 0 0]
 [0 0 0 ..., 0 0 0]
 ..., 
 [0 0 0 ..., 3 0 0]
 [0 0 0 ..., 0 6 0]
 [0 0 0 ..., 0 1 3]]

******************************************************
KNN:
---------------------
KNN ==  5 :

0.501694915254
[[7 0 0 ..., 0 0 0]
 [2 3 0 ..., 0 0 0]
 [0 0 1 ..., 0 0 0]
 ..., 
 [0 0 0 ..., 4 0 0]
 [0 0 0 ..., 0 6 0]
 [1 0 0 ..., 0 1 1]]
---------------------
KNN ==  9 :

0.447457627119
[[5 0 0 ..., 0 0 0]
 [2 1 0 ..., 0 0 0]
 [0 0 1 ..., 0 0 0]
 ..., 
 [0 0 0 ..., 4 0 0]
 [0 0 0 ..., 0 6 0]
 [0 0 0 ..., 0 0 1]]
---------------------
KNN ==  11 :

0.447457627119
[[5 0 0 ..., 0 0 0]
 [1 3 0 ..., 0 0 0]
 [0 0 1 ..., 0 0 0]
 ..., 
 [0 0 0 ..., 4 0 0]
 [0 0 0 ..., 0 6 0]
 [0 0 0 ..., 0 1 2]]
---------------------
KNN ==  13 :

0.427118644068
[[4 0 0 ..., 0 0 0]
 [1 1 0 ..., 0 0 0]
 [0 0 1 ..., 0 0 0]
 ..., 
 [0 0 0 ..., 3 0 0]
 [0 0 0 ..., 0 6 0]
 [0 0 0 ..., 0 1 1]]

******************************************************
SVM:

0.732203389831

******************************************************
Perceptron:

0.145762711864
[[0 0 0 ..., 0 0 0]
 [0 0 9 ..., 0 0 0]
 [0 0 3 ..., 0 0 0]
 ..., 
 [0 0 0 ..., 0 0 0]
 [0 0 0 ..., 0 6 0]
 [0 0 1 ..., 0 0 2]]

******************************************************
LDA:

0.874576271186
[[ 8  0  0 ...,  0  0  0]
 [ 0 10  0 ...,  0  0  0]
 [ 0  0  3 ...,  0  0  0]
 ..., 
 [ 0  0  0 ...,  5  0  0]
 [ 0  0  0 ...,  0  6  0]
 [ 0  0  0 ...,  0  0  6]]

******************************************************
Logistic Regression - ovr:

0.237288135593
[[0 0 2 ..., 0 0 1]
 [0 0 6 ..., 0 0 0]
 [0 0 3 ..., 0 0 0]
 ..., 
 [0 0 0 ..., 4 0 0]
 [0 0 0 ..., 0 6 0]
 [0 0 0 ..., 0 1 4]]

******************************************************
Logistic Regression - mul:

0.254237288136
[[0 0 2 ..., 0 0 1]
 [0 0 4 ..., 0 0 0]
 [0 0 3 ..., 0 0 0]
 ..., 
 [0 0 0 ..., 4 0 0]
 [0 0 0 ..., 0 6 0]
 [0 0 0 ..., 0 1 4]]
######################################################
(444, 120) (295, 120)

******************************************************
Decision Tree:

0.505084745763
[[1 0 0 ..., 0 0 0]
 [0 3 0 ..., 0 0 0]
 [0 0 7 ..., 0 0 0]
 ..., 
 [1 0 0 ..., 5 0 0]
 [0 0 0 ..., 0 6 0]
 [0 0 0 ..., 0 0 5]]

******************************************************
Gaussian Naive Bayes:

0.606779661017
[[1 0 0 ..., 0 0 1]
 [0 7 0 ..., 0 0 0]
 [0 0 3 ..., 0 0 0]
 ..., 
 [0 0 0 ..., 5 0 0]
 [0 0 0 ..., 0 6 0]
 [0 0 0 ..., 0 0 2]]

******************************************************
KNN:
---------------------
KNN ==  5 :

0.545762711864
[[3 0 0 ..., 0 0 0]
 [1 6 0 ..., 0 0 0]
 [0 2 1 ..., 0 0 0]
 ..., 
 [0 0 0 ..., 5 0 0]
 [0 0 0 ..., 0 6 0]
 [0 0 0 ..., 0 0 2]]
---------------------
KNN ==  9 :

0.471186440678
[[3 0 0 ..., 0 0 0]
 [1 3 0 ..., 0 0 0]
 [0 2 1 ..., 0 0 0]
 ..., 
 [0 0 0 ..., 2 0 0]
 [0 0 0 ..., 0 6 0]
 [0 0 0 ..., 0 0 1]]
---------------------
KNN ==  11 :

0.48813559322
[[3 0 0 ..., 0 0 0]
 [0 2 1 ..., 0 0 0]
 [0 2 1 ..., 0 0 0]
 ..., 
 [0 0 0 ..., 4 0 0]
 [0 0 0 ..., 0 6 0]
 [0 0 0 ..., 0 0 2]]
---------------------
KNN ==  13 :

0.461016949153
[[3 0 0 ..., 0 0 0]
 [1 0 1 ..., 0 0 0]
 [0 2 0 ..., 0 0 0]
 ..., 
 [0 0 0 ..., 2 0 0]
 [0 0 0 ..., 0 6 0]
 [0 0 0 ..., 0 0 2]]

******************************************************
SVM:

0.783050847458

******************************************************
Perceptron:

0.220338983051
[[0 0 0 ..., 0 0 0]
 [0 0 0 ..., 0 0 0]
 [0 0 3 ..., 0 0 0]
 ..., 
 [0 0 0 ..., 0 0 0]
 [0 0 0 ..., 0 0 6]
 [0 0 0 ..., 0 0 5]]

******************************************************
LDA:

0.91186440678
[[7 0 0 ..., 0 0 0]
 [0 8 0 ..., 0 0 0]
 [0 0 6 ..., 0 0 0]
 ..., 
 [0 0 0 ..., 8 0 0]
 [0 0 0 ..., 0 6 0]
 [0 0 0 ..., 0 0 7]]

******************************************************
Logistic Regression - ovr:

0.257627118644
[[1 0 0 ..., 0 1 0]
 [0 0 0 ..., 0 0 0]
 [0 0 1 ..., 0 0 0]
 ..., 
 [0 0 0 ..., 3 0 0]
 [0 0 0 ..., 0 6 0]
 [0 0 0 ..., 0 2 5]]

******************************************************
Logistic Regression - mul:

0.274576271186
[[1 0 0 ..., 0 0 0]
 [0 0 0 ..., 0 0 0]
 [0 0 2 ..., 0 0 0]
 ..., 
 [0 0 0 ..., 4 0 0]
 [0 0 0 ..., 0 6 0]
 [0 0 0 ..., 0 1 5]]
######################################################
(444, 120) (295, 120)

******************************************************
Decision Tree:

0.494915254237
[[3 0 0 ..., 0 0 0]
 [0 6 0 ..., 0 0 0]
 [0 0 2 ..., 0 0 0]
 ..., 
 [0 0 0 ..., 5 0 0]
 [0 0 0 ..., 0 7 0]
 [0 0 0 ..., 0 0 5]]

******************************************************
Gaussian Naive Bayes:

0.613559322034
[[4 0 0 ..., 0 0 1]
 [0 6 0 ..., 0 0 0]
 [0 0 3 ..., 0 0 0]
 ..., 
 [0 0 0 ..., 5 0 0]
 [0 0 0 ..., 0 7 0]
 [0 0 0 ..., 0 1 3]]

******************************************************
KNN:
---------------------
KNN ==  5 :

0.535593220339
[[3 0 0 ..., 0 0 0]
 [0 4 0 ..., 0 0 0]
 [0 0 2 ..., 0 0 0]
 ..., 
 [0 0 0 ..., 6 0 0]
 [0 0 0 ..., 0 7 0]
 [0 1 0 ..., 0 0 2]]
---------------------
KNN ==  9 :

0.491525423729
[[3 0 0 ..., 0 0 0]
 [0 3 0 ..., 0 0 0]
 [0 0 2 ..., 0 0 0]
 ..., 
 [0 0 0 ..., 5 0 0]
 [0 0 0 ..., 0 7 0]
 [0 0 0 ..., 0 0 3]]
---------------------
KNN ==  11 :

0.48813559322
[[3 0 0 ..., 0 0 0]
 [0 4 0 ..., 0 0 0]
 [0 0 3 ..., 0 0 0]
 ..., 
 [0 0 0 ..., 3 0 0]
 [0 0 0 ..., 0 7 0]
 [0 0 0 ..., 0 1 3]]
---------------------
KNN ==  13 :

0.457627118644
[[3 0 0 ..., 0 0 0]
 [0 4 0 ..., 0 0 0]
 [0 0 2 ..., 0 0 0]
 ..., 
 [0 0 0 ..., 3 0 0]
 [0 0 0 ..., 0 7 0]
 [0 0 0 ..., 0 1 2]]

******************************************************
SVM:

0.789830508475

******************************************************
Perceptron:

0.145762711864
[[0 0 0 ..., 0 0 0]
 [0 0 8 ..., 0 0 0]
 [0 0 4 ..., 0 0 0]
 ..., 
 [0 0 0 ..., 0 0 0]
 [0 0 0 ..., 0 6 0]
 [0 0 1 ..., 0 0 0]]

******************************************************
LDA:

0.891525423729
[[7 0 0 ..., 0 0 0]
 [0 8 0 ..., 0 0 0]
 [0 0 3 ..., 0 0 0]
 ..., 
 [0 0 0 ..., 9 0 0]
 [0 0 0 ..., 0 7 0]
 [0 0 0 ..., 0 0 5]]

******************************************************
Logistic Regression - ovr:

0.277966101695
[[0 0 0 ..., 0 1 2]
 [0 0 2 ..., 0 0 0]
 [0 0 4 ..., 0 0 0]
 ..., 
 [0 0 0 ..., 4 0 0]
 [0 0 0 ..., 0 7 0]
 [0 0 0 ..., 0 0 4]]

******************************************************
Logistic Regression - mul:

0.308474576271
[[0 0 0 ..., 0 1 1]
 [0 0 3 ..., 0 0 0]
 [0 0 3 ..., 0 0 0]
 ..., 
 [0 0 0 ..., 6 0 0]
 [0 0 0 ..., 0 7 0]
 [0 0 0 ..., 0 0 4]]
######################################################
(444, 120) (295, 120)

******************************************************
Decision Tree:

0.427118644068
[[0 0 0 ..., 0 0 0]
 [0 3 0 ..., 0 0 0]
 [0 0 4 ..., 0 0 0]
 ..., 
 [0 0 0 ..., 2 0 0]
 [0 0 0 ..., 0 8 1]
 [0 0 0 ..., 0 0 3]]

******************************************************
Gaussian Naive Bayes:

0.542372881356
[[0 0 0 ..., 0 0 1]
 [0 4 0 ..., 0 0 0]
 [0 0 1 ..., 0 0 0]
 ..., 
 [0 0 0 ..., 2 0 0]
 [0 0 0 ..., 0 9 0]
 [0 0 0 ..., 0 1 1]]

******************************************************
KNN:
---------------------
KNN ==  5 :

0.528813559322
[[0 0 0 ..., 0 0 0]
 [0 3 0 ..., 0 0 0]
 [0 1 1 ..., 0 0 0]
 ..., 
 [0 0 0 ..., 5 0 0]
 [0 0 0 ..., 0 9 0]
 [1 0 0 ..., 0 1 2]]
---------------------
KNN ==  9 :

0.454237288136
[[0 0 0 ..., 0 0 0]
 [2 2 0 ..., 0 0 0]
 [0 2 1 ..., 0 0 0]
 ..., 
 [0 0 0 ..., 5 0 0]
 [0 0 0 ..., 0 9 0]
 [0 0 0 ..., 0 1 0]]
---------------------
KNN ==  11 :

0.440677966102
[[0 0 0 ..., 0 0 0]
 [1 1 1 ..., 0 0 0]
 [0 2 1 ..., 0 0 0]
 ..., 
 [0 0 0 ..., 4 0 0]
 [0 0 0 ..., 0 9 0]
 [0 0 0 ..., 0 1 0]]
---------------------
KNN ==  13 :

0.420338983051
[[1 0 0 ..., 0 0 0]
 [0 2 1 ..., 0 0 0]
 [0 1 1 ..., 0 0 0]
 ..., 
 [0 0 0 ..., 3 0 0]
 [0 0 0 ..., 0 9 0]
 [0 0 0 ..., 0 1 1]]

******************************************************
SVM:

0.725423728814

******************************************************
Perceptron:

0.0237288135593
[[ 0  2  0 ...,  0  0  0]
 [ 0  7  0 ...,  0  0  0]
 [ 0  6  0 ...,  0  0  0]
 ..., 
 [ 0 14  0 ...,  0  0  0]
 [ 0  9  0 ...,  0  0  0]
 [ 0  9  0 ...,  0  0  0]]

******************************************************
LDA:

0.891525423729
[[ 2  0  0 ...,  0  0  0]
 [ 0  6  0 ...,  0  0  0]
 [ 0  0  3 ...,  0  0  0]
 ..., 
 [ 0  0  0 ..., 14  0  0]
 [ 0  0  0 ...,  0  9  0]
 [ 0  0  0 ...,  0  1  6]]

******************************************************
Logistic Regression - ovr:

0.294915254237
[[0 0 0 ..., 0 0 0]
 [1 0 1 ..., 0 0 0]
 [0 0 5 ..., 0 0 0]
 ..., 
 [1 0 0 ..., 0 0 0]
 [0 0 0 ..., 0 9 0]
 [0 0 0 ..., 0 1 0]]

******************************************************
Logistic Regression - mul:

0.305084745763
[[0 0 0 ..., 0 0 0]
 [1 0 1 ..., 0 0 0]
 [0 1 5 ..., 0 0 0]
 ..., 
 [0 0 0 ..., 0 0 0]
 [0 0 0 ..., 0 9 0]
 [0 0 0 ..., 0 1 1]]
######################################################
(444, 120) (295, 120)

******************************************************
Decision Tree:

0.471186440678
[[3 0 0 ..., 0 0 0]
 [0 2 0 ..., 0 0 0]
 [0 0 4 ..., 0 0 0]
 ..., 
 [0 0 0 ..., 5 0 0]
 [0 0 0 ..., 0 3 1]
 [0 0 0 ..., 0 0 4]]

******************************************************
Gaussian Naive Bayes:

0.589830508475
[[2 0 0 ..., 0 0 0]
 [1 3 0 ..., 0 0 0]
 [0 0 1 ..., 0 0 0]
 ..., 
 [0 0 0 ..., 3 0 0]
 [0 0 0 ..., 0 3 0]
 [0 0 0 ..., 0 1 3]]

******************************************************
KNN:
---------------------
KNN ==  5 :

0.508474576271
[[4 0 0 ..., 0 0 0]
 [1 3 0 ..., 0 0 0]
 [0 1 3 ..., 0 0 0]
 ..., 
 [0 0 0 ..., 4 0 0]
 [0 0 0 ..., 0 3 0]
 [0 0 0 ..., 0 0 0]]
---------------------
KNN ==  9 :

0.471186440678
[[4 0 0 ..., 0 0 0]
 [2 4 0 ..., 0 0 0]
 [0 1 3 ..., 0 0 0]
 ..., 
 [0 0 0 ..., 4 0 0]
 [0 0 0 ..., 0 3 0]
 [0 0 0 ..., 0 0 0]]
---------------------
KNN ==  11 :

0.447457627119
[[5 0 0 ..., 0 0 0]
 [2 3 0 ..., 0 0 0]
 [0 1 3 ..., 0 0 0]
 ..., 
 [0 0 0 ..., 4 0 0]
 [0 0 0 ..., 0 3 0]
 [0 0 0 ..., 0 0 0]]
---------------------
KNN ==  13 :

0.454237288136
[[4 0 0 ..., 0 0 0]
 [2 3 0 ..., 0 0 0]
 [0 1 3 ..., 0 0 0]
 ..., 
 [0 0 0 ..., 4 0 0]
 [0 0 0 ..., 0 3 0]
 [0 0 0 ..., 0 0 0]]

******************************************************
SVM:

0.8

******************************************************
Perceptron:

0.115254237288
[[0 1 2 ..., 0 0 0]
 [0 0 7 ..., 0 0 0]
 [0 0 6 ..., 0 0 0]
 ..., 
 [0 0 0 ..., 0 0 0]
 [0 0 1 ..., 0 0 0]
 [0 0 2 ..., 0 0 0]]

******************************************************
LDA:

0.925423728814
[[6 0 0 ..., 0 0 0]
 [0 6 0 ..., 0 0 0]
 [0 0 6 ..., 0 0 0]
 ..., 
 [0 0 0 ..., 6 0 0]
 [0 0 0 ..., 0 3 0]
 [0 0 0 ..., 0 0 6]]

******************************************************
Logistic Regression - ovr:

0.271186440678
[[1 0 0 ..., 0 0 0]
 [0 0 0 ..., 0 0 0]
 [0 0 1 ..., 0 0 0]
 ..., 
 [0 0 0 ..., 6 0 0]
 [0 0 0 ..., 0 3 0]
 [0 0 0 ..., 0 1 4]]

******************************************************
Logistic Regression - mul:

0.305084745763
[[0 1 0 ..., 0 0 0]
 [0 3 0 ..., 0 0 0]
 [0 0 3 ..., 0 0 0]
 ..., 
 [0 0 0 ..., 6 0 0]
 [0 0 0 ..., 0 3 0]
 [0 0 0 ..., 0 1 3]]
######################################################
(444, 120) (295, 120)

******************************************************
Decision Tree:

0.501694915254
[[3 0 0 ..., 0 0 0]
 [0 4 0 ..., 0 0 0]
 [0 0 8 ..., 0 0 0]
 ..., 
 [0 0 0 ..., 4 0 0]
 [0 0 0 ..., 0 9 0]
 [0 0 0 ..., 0 0 4]]

******************************************************
Gaussian Naive Bayes:

0.583050847458
[[3 0 0 ..., 0 0 0]
 [0 6 0 ..., 0 0 0]
 [0 0 1 ..., 0 0 0]
 ..., 
 [0 0 0 ..., 5 0 0]
 [0 0 0 ..., 0 9 0]
 [0 0 0 ..., 0 1 3]]

******************************************************
KNN:
---------------------
KNN ==  5 :

0.579661016949
[[3 0 0 ..., 0 0 0]
 [0 4 0 ..., 0 0 0]
 [0 0 3 ..., 0 0 0]
 ..., 
 [0 0 0 ..., 5 0 0]
 [0 0 0 ..., 0 9 0]
 [1 0 0 ..., 0 0 2]]
---------------------
KNN ==  9 :

0.515254237288
[[3 0 0 ..., 0 0 0]
 [0 4 0 ..., 0 0 0]
 [0 0 3 ..., 0 0 0]
 ..., 
 [0 0 0 ..., 4 0 0]
 [0 0 0 ..., 0 9 0]
 [1 0 0 ..., 0 1 0]]
---------------------
KNN ==  11 :

0.505084745763
[[3 0 0 ..., 0 0 0]
 [0 1 0 ..., 0 0 0]
 [0 0 3 ..., 0 0 0]
 ..., 
 [0 0 0 ..., 4 0 0]
 [0 0 0 ..., 0 9 0]
 [0 0 0 ..., 0 0 0]]
---------------------
KNN ==  13 :

0.508474576271
[[3 0 0 ..., 0 0 0]
 [1 1 0 ..., 0 0 0]
 [0 0 4 ..., 0 0 0]
 ..., 
 [0 0 0 ..., 2 0 0]
 [0 0 0 ..., 0 9 0]
 [0 0 0 ..., 0 0 1]]

******************************************************
SVM:

0.806779661017

******************************************************
Perceptron:

0.0372881355932
[[0 4 0 ..., 0 0 0]
 [0 9 0 ..., 0 0 0]
 [0 9 0 ..., 0 0 0]
 ..., 
 [0 1 0 ..., 0 0 0]
 [0 9 0 ..., 0 0 0]
 [0 6 0 ..., 0 0 0]]

******************************************************
LDA:

0.942372881356
[[4 0 0 ..., 0 0 0]
 [0 9 0 ..., 0 0 0]
 [0 0 9 ..., 0 0 0]
 ..., 
 [0 0 0 ..., 7 0 0]
 [0 0 0 ..., 0 9 0]
 [0 0 0 ..., 0 0 6]]

******************************************************
Logistic Regression - ovr:

0.281355932203
[[2 0 0 ..., 0 0 0]
 [0 0 0 ..., 0 0 0]
 [0 0 0 ..., 0 0 0]
 ..., 
 [0 0 0 ..., 6 0 0]
 [0 0 0 ..., 0 9 0]
 [0 0 0 ..., 0 0 4]]

******************************************************
Logistic Regression - mul:

0.31186440678
[[2 0 0 ..., 0 0 0]
 [0 0 0 ..., 0 0 0]
 [0 0 0 ..., 0 0 0]
 ..., 
 [0 0 0 ..., 6 0 0]
 [0 0 0 ..., 0 9 0]
 [0 0 0 ..., 0 0 4]]
######################################################
(444, 120) (295, 120)

******************************************************
Decision Tree:

0.491525423729
[[ 2  0  0 ...,  0  0  0]
 [ 2  7  0 ...,  0  0  0]
 [ 0  0  5 ...,  0  0  0]
 ..., 
 [ 0  0  0 ...,  5  0  0]
 [ 0  0  0 ...,  0 10  1]
 [ 0  0  0 ...,  0  0  3]]

******************************************************
Gaussian Naive Bayes:

0.579661016949
[[ 2  0  0 ...,  0  0  1]
 [ 0  6  0 ...,  0  0  0]
 [ 0  0  1 ...,  0  0  0]
 ..., 
 [ 0  0  0 ...,  6  0  0]
 [ 0  0  0 ...,  0 10  0]
 [ 0  0  0 ...,  0  1  2]]

******************************************************
KNN:
---------------------
KNN ==  5 :

0.572881355932
[[ 6  0  0 ...,  0  0  0]
 [ 0  5  0 ...,  0  0  0]
 [ 0  2  3 ...,  0  0  0]
 ..., 
 [ 0  0  0 ...,  4  0  0]
 [ 0  0  0 ...,  0 10  0]
 [ 0  0  0 ...,  0  1  1]]
---------------------
KNN ==  9 :

0.508474576271
[[ 5  0  0 ...,  0  0  0]
 [ 0  5  0 ...,  0  0  0]
 [ 0  2  2 ...,  0  0  0]
 ..., 
 [ 0  0  0 ...,  3  0  0]
 [ 0  0  0 ...,  0 10  0]
 [ 0  0  0 ...,  0  1  1]]
---------------------
KNN ==  11 :

0.481355932203
[[ 4  0  0 ...,  0  0  0]
 [ 0  3  0 ...,  0  0  0]
 [ 0  2  2 ...,  0  0  0]
 ..., 
 [ 0  0  0 ...,  4  0  0]
 [ 0  0  0 ...,  0 10  0]
 [ 0  0  0 ...,  0  1  1]]
---------------------
KNN ==  13 :

0.477966101695
[[ 2  0  0 ...,  0  0  0]
 [ 0  4  0 ...,  0  0  0]
 [ 0  1  2 ...,  0  0  0]
 ..., 
 [ 0  0  0 ...,  3  0  0]
 [ 0  0  0 ...,  0 10  0]
 [ 0  0  0 ...,  0  1  0]]

******************************************************
SVM:

0.813559322034

******************************************************
Perceptron:

0.064406779661
[[ 0  0  9 ...,  0  0  0]
 [ 0  0  8 ...,  0  0  0]
 [ 0  0  9 ...,  0  0  0]
 ..., 
 [ 0  0  0 ...,  0  0  0]
 [ 0  0 10 ...,  0  0  0]
 [ 0  0  6 ...,  0  0  0]]

******************************************************
LDA:

0.932203389831
[[ 9  0  0 ...,  0  0  0]
 [ 0  8  0 ...,  0  0  0]
 [ 0  0  9 ...,  0  0  0]
 ..., 
 [ 0  0  0 ...,  7  0  0]
 [ 0  0  0 ...,  0 10  0]
 [ 0  0  0 ...,  0  1  5]]

******************************************************
Logistic Regression - ovr:

0.349152542373
[[ 0  0  0 ...,  0  0  1]
 [ 0  0  0 ...,  0  0  0]
 [ 0  0  0 ...,  0  0  0]
 ..., 
 [ 0  0  0 ...,  5  0  0]
 [ 0  0  0 ...,  0 10  0]
 [ 0  0  0 ...,  0  1  2]]

******************************************************
Logistic Regression - mul:

0.372881355932
[[ 0  0  0 ...,  0  0  0]
 [ 0  1  0 ...,  0  0  0]
 [ 0  1  0 ...,  0  0  0]
 ..., 
 [ 0  0  0 ...,  5  0  0]
 [ 0  0  0 ...,  0 10  0]
 [ 0  0  0 ...,  0  1  2]]
######################################################
(444, 120) (295, 120)

******************************************************
Decision Tree:

0.484745762712
[[1 0 0 ..., 0 0 0]
 [2 6 0 ..., 0 0 0]
 [0 0 6 ..., 0 0 0]
 ..., 
 [0 0 0 ..., 5 0 0]
 [0 0 0 ..., 0 8 1]
 [0 0 0 ..., 0 0 5]]

******************************************************
Gaussian Naive Bayes:

0.620338983051
[[4 1 0 ..., 0 0 0]
 [0 9 0 ..., 0 0 0]
 [0 0 6 ..., 0 0 1]
 ..., 
 [0 0 0 ..., 6 0 0]
 [0 0 0 ..., 0 8 0]
 [0 0 0 ..., 0 1 3]]

******************************************************
KNN:
---------------------
KNN ==  5 :

0.538983050847
[[6 0 0 ..., 0 0 0]
 [0 3 0 ..., 0 0 0]
 [0 0 4 ..., 0 0 0]
 ..., 
 [0 0 0 ..., 5 0 0]
 [0 0 0 ..., 0 8 0]
 [0 0 0 ..., 0 1 3]]
---------------------
KNN ==  9 :

0.508474576271
[[4 0 0 ..., 0 0 0]
 [0 1 0 ..., 0 0 0]
 [0 0 3 ..., 0 0 0]
 ..., 
 [0 0 0 ..., 4 0 0]
 [0 0 0 ..., 0 8 0]
 [0 0 0 ..., 0 1 0]]
---------------------
KNN ==  11 :

0.477966101695
[[4 0 0 ..., 0 0 0]
 [0 1 1 ..., 0 0 0]
 [0 0 3 ..., 0 0 0]
 ..., 
 [0 0 0 ..., 4 0 0]
 [0 0 0 ..., 0 8 0]
 [0 0 0 ..., 0 1 0]]
---------------------
KNN ==  13 :

0.471186440678
[[4 0 0 ..., 0 0 0]
 [0 0 0 ..., 0 0 0]
 [0 0 3 ..., 0 0 0]
 ..., 
 [0 0 0 ..., 6 0 0]
 [0 0 0 ..., 0 8 0]
 [0 0 0 ..., 0 1 0]]

******************************************************
SVM:

0.816949152542

******************************************************
Perceptron:

0.132203389831
[[0 0 0 ..., 0 0 0]
 [0 0 0 ..., 0 0 0]
 [0 0 4 ..., 0 0 0]
 ..., 
 [0 0 0 ..., 0 0 0]
 [0 0 0 ..., 0 8 0]
 [0 0 0 ..., 0 1 5]]

******************************************************
LDA:

0.932203389831
[[ 8  0  0 ...,  0  0  0]
 [ 0 12  0 ...,  0  0  0]
 [ 0  0  7 ...,  0  0  0]
 ..., 
 [ 0  0  0 ...,  7  0  0]
 [ 0  0  0 ...,  0  8  0]
 [ 0  0  0 ...,  0  1  9]]

******************************************************
Logistic Regression - ovr:

0.328813559322
[[0 0 0 ..., 0 0 0]
 [0 0 0 ..., 0 0 0]
 [0 0 4 ..., 0 0 0]
 ..., 
 [0 0 0 ..., 5 0 0]
 [0 0 0 ..., 0 8 0]
 [0 0 0 ..., 0 5 0]]

******************************************************
Logistic Regression - mul:

0.349152542373
[[0 0 0 ..., 0 0 0]
 [0 0 0 ..., 0 0 0]
 [0 0 3 ..., 0 0 0]
 ..., 
 [0 0 0 ..., 5 0 0]
 [0 0 0 ..., 0 8 0]
 [0 0 0 ..., 0 2 0]]
######################################################
######################################################
DT: 
[ 0.48135593  0.49491525  0.41016949  0.50508475  0.49491525  0.42711864
  0.47118644  0.50169492  0.49152542  0.48474576]
0.476271186441
gnb: 
[ 0.60677966  0.56271186  0.51864407  0.60677966  0.61355932  0.54237288
  0.58983051  0.58305085  0.57966102  0.62033898]
0.582372881356
knn: 
[ 0.53559322  0.49830508  0.47118644  0.45423729  0.53559322  0.50508475
  0.50847458  0.48474576  0.50169492  0.44745763  0.44745763  0.42711864
  0.54576271  0.47118644  0.48813559  0.46101695  0.53559322  0.49152542
  0.48813559  0.45762712  0.52881356  0.45423729  0.44067797  0.42033898
  0.50847458  0.47118644  0.44745763  0.45423729  0.57966102  0.51525424
  0.50508475  0.50847458  0.57288136  0.50847458  0.48135593  0.4779661
  0.53898305  0.50847458  0.4779661   0.47118644]
0.490677966102
9  =  0.487118644068
11  =  0.475593220339
5  =  0.538305084746
13  =  0.461694915254
svm: 
[ 0.78644068  0.78983051  0.73220339  0.78305085  0.78983051  0.72542373
  0.8         0.80677966  0.81355932  0.81694915]
0.784406779661
per: 
[ 0.0779661   0.10169492  0.14576271  0.22033898  0.14576271  0.02372881
  0.11525424  0.03728814  0.06440678  0.13220339]
0.106440677966
lda: 
[ 0.90508475  0.93898305  0.87457627  0.91186441  0.89152542  0.89152542
  0.92542373  0.94237288  0.93220339  0.93220339]
0.914576271186
lr_ovr: 
[ 0.26101695  0.28474576  0.23728814  0.25762712  0.2779661   0.29491525
  0.27118644  0.28135593  0.34915254  0.32881356]
0.284406779661
lr_mul: 
[ 0.28135593  0.31864407  0.25423729  0.27457627  0.30847458  0.30508475
  0.30508475  0.31186441  0.37288136  0.34915254]
0.30813559322
