Starting read from Train file...
(9100, 121)
train.shape = (9100, 120)
train_labels.shape = (9100, 1)
(5460, 120) (3640, 120)

******************************************************
Combinacoes:

******************************************************
KNN:

******************************************************
LDA:

******************************************************
SVM:
combe: 
[ 7.  5.  4. ...,  7.  5.  8.]

0.911813186813
[[301   6   4   2   5  19   2   1   2]
 [  1 402   8   0   1   0  24   0   0]
 [  1   7 214   9   0   0  49   3   9]
 [  0   0   2 610   0   0  19   1   8]
 [ 25   1   1   0 388  17   0   0   4]
 [  2   0   0   0   5 245   0   0   0]
 [  0   0   4   3   0   0 239   3   0]
 [  0   6   3   0   0   0   9 476   1]
 [  1   6  31  13   0   0   0   3 444]]
######################################################
(5460, 120) (3640, 120)

******************************************************
Combinacoes:

******************************************************
KNN:

******************************************************
LDA:

******************************************************
SVM:
combe: 
[ 1.  1.  4. ...,  9.  9.  5.]

0.901923076923
[[292   7   3   1  15  25   2   3   3]
 [  4 381  16   0   0   0  19   1   0]
 [  1  11 212   7   0   0  45   4   8]
 [  0   0   2 604   0   0  17   1   6]
 [ 20   0   0   0 375  32   0   1   4]
 [  1   0   0   0   3 237   0   0   0]
 [  0   0   2   1   0   0 256   7   0]
 [  0   8   1   2   0   0   7 466   5]
 [  2   6  37  12   0   0   5   0 460]]
######################################################
(5460, 120) (3640, 120)

******************************************************
Combinacoes:

******************************************************
KNN:

******************************************************
LDA:

******************************************************
SVM:
combe: 
[ 4.  4.  9. ...,  3.  5.  3.]

0.914285714286
[[294   3   2   1  13   9   2   1   5]
 [  2 376  15   0   1   0  22   0   1]
 [  0   3 226   6   0   0  33   3   3]
 [  0   0   1 612   0   0  14   0   3]
 [ 27   2   0   0 388  25   2   0   2]
 [  1   0   0   0   3 226   0   0   0]
 [  0   0   2   2   0   0 284   3   0]
 [  0   2   4   3   0   0   7 454   3]
 [  0   4  54  16   0   0   6   1 468]]
######################################################
(5460, 120) (3640, 120)

******************************************************
Combinacoes:

******************************************************
KNN:

******************************************************
LDA:

******************************************************
SVM:
combe: 
[ 9.  1.  4. ...,  8.  5.  3.]

0.917857142857
[[316   3   2   0   8  13   2   0   5]
 [  1 397  21   1   0   0  21   0   1]
 [  1   6 245   9   0   0  32   2   2]
 [  0   0   0 626   0   0  16   0   3]
 [ 25   0   0   0 366  14   1   1   2]
 [  3   0   0   0   4 223   0   0   0]
 [  0   0   4   0   0   0 253   3   0]
 [  0   7   0   0   0   0  15 464   2]
 [  3   3  32  21   1   0   5   4 451]]
######################################################
(5460, 120) (3640, 120)

******************************************************
Combinacoes:

******************************************************
KNN:

******************************************************
LDA:

******************************************************
SVM:
combe: 
[ 3.  4.  7. ...,  2.  6.  6.]

0.910164835165
[[290   4   1   1   6  25   3   1   2]
 [  1 384  15   0   0   0  19   0   1]
 [  1   4 220   5   0   0  50   2  12]
 [  0   0   2 621   0   0  16   1   7]
 [ 24   2   1   0 375  18   0   0   2]
 [  0   0   0   0   2 253   0   0   0]
 [  0   0   1   2   0   0 251   2   0]
 [  0   4   3   0   0   0   8 461   8]
 [  3   2  45  14   2   0   4   1 458]]
######################################################
(5460, 120) (3640, 120)

******************************************************
Combinacoes:

******************************************************
KNN:

******************************************************
LDA:

******************************************************
SVM:
combe: 
[ 8.  3.  5. ...,  9.  9.  4.]

0.923351648352
[[314   4   2   2   9  13   0   0   4]
 [  0 401  13   0   2   0  20   0   0]
 [  1   7 218   5   0   0  39   2   6]
 [  0   0   2 608   0   0  14   1   2]
 [ 22   0   0   0 369  24   1   1   3]
 [  2   0   0   0   2 256   0   0   0]
 [  0   0   2   2   0   0 231   7   0]
 [  0   2   2   2   0   0   6 473   3]
 [  3   4  26  11   1   0   3   2 491]]
######################################################
(5460, 120) (3640, 120)

******************************************************
Combinacoes:

******************************************************
KNN:

******************************************************
LDA:

******************************************************
SVM:
combe: 
[ 2.  5.  3. ...,  6.  9.  9.]

0.917857142857
[[298   3   6   2  12  15   1   1   3]
 [  3 394  15   0   0   0  20   1   1]
 [  2   9 266   5   0   0  34   4   6]
 [  0   0   1 585   1   0  19   1   8]
 [ 23   0   0   1 385  16   0   1   5]
 [  3   0   0   0   1 241   0   0   0]
 [  0   0   1   3   0   0 250   5   0]
 [  0   6   0   0   0   0   5 471   2]
 [  0   5  34   9   1   0   3   2 451]]
######################################################
(5460, 120) (3640, 120)

******************************************************
Combinacoes:

******************************************************
KNN:

******************************************************
LDA:

******************************************************
SVM:
combe: 
[ 4.  8.  1. ...,  9.  5.  9.]

0.906868131868
[[302   3   2   2   9  18   1   0   6]
 [  2 361  11   0   1   0  21   0   2]
 [  0  11 234   7   0   0  42   3   6]
 [  0   0   2 585   1   0  17   0   1]
 [ 29   0   0   0 383  14   2   0   4]
 [  4   0   0   0   4 239   0   0   0]
 [  0   0   3   3   0   0 250   9   0]
 [  0   8   1   0   0   0   5 473   1]
 [  2   7  42  17   2   0  11   3 474]]
######################################################
(5460, 120) (3640, 120)

******************************************************
Combinacoes:

******************************************************
KNN:

******************************************************
LDA:

******************************************************
SVM:
combe: 
[ 3.  8.  9. ...,  1.  4.  1.]

0.915384615385
[[312   6   3   0  13  16   1   1   2]
 [  0 381  13   0   0   0  19   0   1]
 [  3  11 223   9   0   0  51   4   8]
 [  0   0   2 599   0   0  15   2   1]
 [ 13   0   1   0 381  23   1   0   3]
 [  1   0   0   0   3 237   0   0   0]
 [  0   0   0   3   0   0 260   6   0]
 [  0   4   3   0   0   0   9 472   2]
 [  1   6  32  10   1   0   5   0 467]]
######################################################
(5460, 120) (3640, 120)

******************************************************
Combinacoes:

******************************************************
KNN:

******************************************************
LDA:

******************************************************
SVM:
combe: 
[ 9.  9.  4. ...,  5.  4.  2.]

0.912362637363
[[302   4   5   3  14  16   2   2   9]
 [  1 397  12   0   1   0  15   0   0]
 [  0   7 233   4   0   0  49   4   7]
 [  0   0   2 612   0   0  10   0   2]
 [ 20   1   0   0 393  14   2   0   4]
 [  1   0   0   0   4 242   0   0   0]
 [  0   0   1   5   0   0 254   4   0]
 [  0   9   1   0   0   0   9 457   3]
 [  1   4  42  18   0   0   3   4 431]]
######################################################
######################################################
----------------------
comb: 
[ 0.91181319  0.90192308  0.91428571  0.91785714  0.91016484  0.92335165
  0.91785714  0.90686813  0.91538462  0.91236264]
0.913186813187
