Starting read from Train file...
(739, 121)
train.shape = (739, 120)
train_labels.shape = (739, 1)
(444, 120) (295, 120)

******************************************************
Decision Tree:

0.450847457627
[[2 0 0 ..., 0 0 0]
 [1 8 0 ..., 0 0 0]
 [0 0 3 ..., 0 0 0]
 ..., 
 [0 0 0 ..., 5 0 0]
 [0 0 0 ..., 0 3 0]
 [0 0 0 ..., 0 4 3]]

******************************************************
Gaussian Naive Bayes:

0.572881355932
[[3 2 0 ..., 0 0 1]
 [0 8 0 ..., 0 0 0]
 [0 0 1 ..., 0 0 0]
 ..., 
 [0 0 0 ..., 5 0 0]
 [0 0 0 ..., 0 7 0]
 [0 0 0 ..., 0 0 0]]

******************************************************
KNN:
---------------------
KNN ==  5 :

0.522033898305
[[4 1 0 ..., 0 0 0]
 [0 4 0 ..., 0 0 0]
 [0 1 2 ..., 0 0 0]
 ..., 
 [0 0 0 ..., 6 0 0]
 [0 0 0 ..., 0 7 0]
 [0 0 0 ..., 0 0 0]]
---------------------
KNN ==  9 :

0.484745762712
[[5 0 0 ..., 0 0 0]
 [0 1 0 ..., 0 0 0]
 [0 1 2 ..., 0 0 0]
 ..., 
 [0 0 0 ..., 5 0 0]
 [0 0 0 ..., 0 7 0]
 [0 0 0 ..., 0 0 0]]
---------------------
KNN ==  11 :

0.464406779661
[[5 0 0 ..., 0 0 0]
 [0 0 0 ..., 0 0 0]
 [0 0 1 ..., 0 0 0]
 ..., 
 [0 0 0 ..., 4 0 0]
 [0 0 0 ..., 0 7 0]
 [0 0 0 ..., 0 0 0]]
---------------------
KNN ==  13 :

0.464406779661
[[6 0 0 ..., 0 0 0]
 [1 0 0 ..., 0 0 0]
 [0 1 1 ..., 0 0 0]
 ..., 
 [0 0 0 ..., 4 0 0]
 [0 0 0 ..., 0 7 0]
 [0 0 0 ..., 0 0 0]]

******************************************************
SVM:

0.806779661017

******************************************************
Perceptron:

0.196610169492
[[0 0 0 ..., 0 0 0]
 [0 0 5 ..., 0 0 0]
 [0 0 1 ..., 0 0 0]
 ..., 
 [0 0 0 ..., 0 0 0]
 [0 0 0 ..., 0 7 0]
 [0 0 0 ..., 0 0 0]]

******************************************************
LDA:

0.932203389831
[[ 8  0  0 ...,  0  0  0]
 [ 0 12  0 ...,  0  0  0]
 [ 0  0  3 ...,  0  0  0]
 ..., 
 [ 0  0  0 ...,  8  0  0]
 [ 0  0  0 ...,  0  7  0]
 [ 0  0  0 ...,  0  0  8]]

******************************************************
Logistic Regression - ovr:

0.335593220339
[[0 0 0 ..., 0 1 0]
 [0 0 5 ..., 0 0 0]
 [0 0 3 ..., 0 0 0]
 ..., 
 [0 0 0 ..., 7 0 0]
 [0 0 0 ..., 0 7 0]
 [0 0 0 ..., 0 1 1]]

******************************************************
Logistic Regression - mul:

0.335593220339
[[0 0 0 ..., 0 1 0]
 [0 0 4 ..., 0 0 0]
 [0 0 3 ..., 0 0 0]
 ..., 
 [0 0 0 ..., 7 0 0]
 [0 0 0 ..., 0 7 0]
 [0 0 0 ..., 0 0 1]]
######################################################
(444, 120) (295, 120)

******************************************************
Decision Tree:

0.44406779661
[[3 0 0 ..., 0 0 0]
 [0 5 0 ..., 0 0 0]
 [0 0 6 ..., 0 0 0]
 ..., 
 [0 0 0 ..., 4 0 0]
 [0 0 0 ..., 0 6 0]
 [0 0 0 ..., 0 0 4]]

******************************************************
Gaussian Naive Bayes:

0.633898305085
[[4 0 0 ..., 0 0 0]
 [0 8 0 ..., 0 0 0]
 [0 0 4 ..., 0 0 0]
 ..., 
 [0 0 0 ..., 5 0 0]
 [0 0 0 ..., 0 6 0]
 [0 0 0 ..., 0 1 4]]

******************************************************
KNN:
---------------------
KNN ==  5 :

0.552542372881
[[4 0 0 ..., 0 0 0]
 [0 3 0 ..., 0 0 0]
 [1 1 3 ..., 0 0 0]
 ..., 
 [0 0 0 ..., 4 0 0]
 [0 0 0 ..., 0 6 0]
 [0 0 0 ..., 0 1 0]]
---------------------
KNN ==  9 :

0.528813559322
[[4 0 0 ..., 0 0 0]
 [0 1 2 ..., 0 0 0]
 [0 0 3 ..., 0 0 0]
 ..., 
 [0 0 0 ..., 4 0 0]
 [0 0 0 ..., 0 6 0]
 [0 0 0 ..., 0 0 0]]
---------------------
KNN ==  11 :

0.518644067797
[[4 0 0 ..., 0 0 0]
 [0 1 2 ..., 0 0 0]
 [0 0 1 ..., 0 0 0]
 ..., 
 [0 0 0 ..., 5 0 0]
 [0 0 0 ..., 0 6 0]
 [0 0 0 ..., 0 1 0]]
---------------------
KNN ==  13 :

0.498305084746
[[3 0 0 ..., 0 0 0]
 [0 1 1 ..., 0 0 0]
 [0 0 1 ..., 0 0 0]
 ..., 
 [0 0 0 ..., 5 0 0]
 [0 0 0 ..., 0 6 0]
 [0 0 0 ..., 0 1 0]]

******************************************************
SVM:

0.806779661017

******************************************************
Perceptron:

0.101694915254
[[0 0 7 ..., 0 0 0]
 [0 0 9 ..., 0 0 0]
 [0 0 8 ..., 0 0 0]
 ..., 
 [0 0 0 ..., 0 0 0]
 [0 0 5 ..., 0 1 0]
 [0 0 7 ..., 0 0 0]]

******************************************************
LDA:

0.949152542373
[[7 0 0 ..., 0 0 0]
 [0 9 0 ..., 0 0 0]
 [0 0 7 ..., 0 0 0]
 ..., 
 [0 0 0 ..., 7 0 0]
 [0 0 0 ..., 0 6 0]
 [0 0 0 ..., 0 0 6]]

******************************************************
Logistic Regression - ovr:

0.383050847458
[[0 0 0 ..., 0 0 0]
 [0 0 0 ..., 0 0 0]
 [0 0 1 ..., 0 0 0]
 ..., 
 [0 0 0 ..., 6 0 0]
 [0 0 0 ..., 0 6 0]
 [0 0 0 ..., 0 4 2]]

******************************************************
Logistic Regression - mul:

0.369491525424
[[0 0 0 ..., 0 0 0]
 [0 0 0 ..., 0 0 0]
 [0 0 1 ..., 0 0 0]
 ..., 
 [0 0 0 ..., 6 0 0]
 [0 0 0 ..., 0 6 0]
 [0 0 0 ..., 0 4 2]]
######################################################
(444, 120) (295, 120)

******************************************************
Decision Tree:

0.491525423729
[[3 0 0 ..., 0 0 0]
 [0 5 0 ..., 0 0 0]
 [0 0 3 ..., 0 0 0]
 ..., 
 [0 0 0 ..., 3 0 0]
 [0 0 0 ..., 0 9 1]
 [0 0 0 ..., 0 0 5]]

******************************************************
Gaussian Naive Bayes:

0.572881355932
[[3 1 0 ..., 0 0 0]
 [0 6 0 ..., 0 0 0]
 [0 0 0 ..., 0 0 0]
 ..., 
 [0 0 0 ..., 3 0 0]
 [0 0 0 ..., 0 9 0]
 [0 0 0 ..., 0 1 3]]

******************************************************
KNN:
---------------------
KNN ==  5 :

0.545762711864
[[5 0 0 ..., 0 0 0]
 [2 3 0 ..., 0 0 0]
 [0 0 4 ..., 0 0 0]
 ..., 
 [0 0 0 ..., 3 0 0]
 [0 0 0 ..., 0 9 0]
 [1 0 0 ..., 0 1 2]]
---------------------
KNN ==  9 :

0.515254237288
[[5 0 0 ..., 0 0 0]
 [0 3 2 ..., 0 0 0]
 [0 0 4 ..., 0 0 0]
 ..., 
 [0 0 0 ..., 3 0 0]
 [0 0 0 ..., 0 9 0]
 [1 0 0 ..., 0 1 1]]
---------------------
KNN ==  11 :

0.498305084746
[[5 0 0 ..., 0 0 0]
 [0 2 2 ..., 0 0 0]
 [0 0 4 ..., 0 0 0]
 ..., 
 [0 0 0 ..., 3 0 0]
 [0 0 0 ..., 0 9 0]
 [1 0 0 ..., 0 1 0]]
---------------------
KNN ==  13 :

0.471186440678
[[4 0 0 ..., 0 0 0]
 [0 2 1 ..., 0 0 0]
 [0 0 3 ..., 0 0 0]
 ..., 
 [0 0 0 ..., 3 0 0]
 [0 0 0 ..., 0 9 0]
 [1 0 0 ..., 0 1 0]]

******************************************************
SVM:

0.779661016949

******************************************************
Perceptron:

0.0440677966102
[[0 0 7 ..., 0 0 0]
 [0 0 8 ..., 0 0 0]
 [0 0 5 ..., 0 0 0]
 ..., 
 [0 0 1 ..., 1 0 0]
 [0 0 9 ..., 0 0 0]
 [0 0 7 ..., 0 0 0]]

******************************************************
LDA:

0.945762711864
[[7 0 0 ..., 0 0 0]
 [0 8 0 ..., 0 0 0]
 [0 0 5 ..., 0 0 0]
 ..., 
 [0 0 0 ..., 6 0 0]
 [0 0 0 ..., 0 9 0]
 [0 0 0 ..., 0 1 7]]

******************************************************
Logistic Regression - ovr:

0.267796610169
[[0 0 0 ..., 0 0 0]
 [0 0 1 ..., 0 0 0]
 [0 0 4 ..., 0 0 0]
 ..., 
 [0 0 0 ..., 4 0 0]
 [0 0 0 ..., 0 9 0]
 [0 0 0 ..., 0 1 0]]

******************************************************
Logistic Regression - mul:

0.264406779661
[[0 0 0 ..., 0 0 0]
 [0 0 3 ..., 0 0 0]
 [0 0 4 ..., 0 0 0]
 ..., 
 [0 0 0 ..., 4 0 0]
 [0 0 0 ..., 0 9 0]
 [0 0 0 ..., 0 1 2]]
######################################################
(444, 120) (295, 120)

******************************************************
Decision Tree:

0.484745762712
[[ 1  0  0 ...,  0  0  0]
 [ 2  6  0 ...,  0  0  0]
 [ 0  0  2 ...,  0  0  0]
 ..., 
 [ 0  0  0 ...,  3  0  0]
 [ 0  0  0 ...,  0 10  1]
 [ 0  0  0 ...,  0  0  3]]

******************************************************
Gaussian Naive Bayes:

0.542372881356
[[ 3  2  0 ...,  0  0  0]
 [ 0  8  0 ...,  0  0  0]
 [ 0  0  1 ...,  0  0  0]
 ..., 
 [ 0  0  0 ...,  6  0  0]
 [ 0  0  0 ...,  0 10  0]
 [ 0  0  0 ...,  0  2  3]]

******************************************************
KNN:
---------------------
KNN ==  5 :

0.566101694915
[[ 5  1  0 ...,  0  0  0]
 [ 0  6  0 ...,  0  0  0]
 [ 0  1  3 ...,  0  0  0]
 ..., 
 [ 0  0  0 ...,  4  0  0]
 [ 0  0  0 ...,  0 10  0]
 [ 0  0  0 ...,  0  1  0]]
---------------------
KNN ==  9 :

0.491525423729
[[ 6  0  0 ...,  0  0  0]
 [ 1  3  0 ...,  0  0  0]
 [ 0  0  2 ...,  0  0  0]
 ..., 
 [ 0  0  0 ...,  4  0  0]
 [ 0  0  0 ...,  0 10  0]
 [ 0  0  0 ...,  0  1  0]]
---------------------
KNN ==  11 :

0.481355932203
[[ 6  0  0 ...,  0  0  0]
 [ 1  4  0 ...,  0  0  0]
 [ 0  0  2 ...,  0  0  0]
 ..., 
 [ 0  0  0 ...,  4  0  0]
 [ 0  0  0 ...,  0 10  0]
 [ 0  0  0 ...,  0  1  0]]
---------------------
KNN ==  13 :

0.454237288136
[[ 5  0  0 ...,  0  0  0]
 [ 1  3  0 ...,  0  0  0]
 [ 0  0  2 ...,  0  0  0]
 ..., 
 [ 0  0  0 ...,  4  0  0]
 [ 0  0  0 ...,  0 10  0]
 [ 0  0  0 ...,  0  1  0]]

******************************************************
SVM:

0.779661016949

******************************************************
Perceptron:

0.0677966101695
[[ 0  0  5 ...,  0  0  0]
 [ 0  0 10 ...,  0  0  0]
 [ 0  0  8 ...,  0  0  0]
 ..., 
 [ 0  0  0 ...,  0  0  0]
 [ 0  0  9 ...,  0  1  0]
 [ 0  0 15 ...,  0  0  0]]

******************************************************
LDA:

0.877966101695
[[ 4  0  0 ...,  0  0  0]
 [ 0 10  0 ...,  0  0  0]
 [ 0  0  2 ...,  0  0  0]
 ..., 
 [ 0  0  0 ..., 11  0  0]
 [ 0  0  0 ...,  0 10  0]
 [ 0  0  0 ...,  0  2  9]]

******************************************************
Logistic Regression - ovr:

0.257627118644
[[ 0  0  0 ...,  0  0  0]
 [ 0  0  0 ...,  0  0  0]
 [ 0  0  1 ...,  0  0  0]
 ..., 
 [ 0  0  0 ...,  1  0  0]
 [ 0  0  0 ...,  0 10  0]
 [ 0  0  0 ...,  0  1  0]]

******************************************************
Logistic Regression - mul:

0.254237288136
[[ 0  0  0 ...,  0  0  0]
 [ 0  0  0 ...,  0  0  0]
 [ 0  0  1 ...,  0  0  0]
 ..., 
 [ 0  0  0 ...,  2  0  0]
 [ 0  0  0 ...,  0 10  0]
 [ 0  0  0 ...,  0  1  0]]
######################################################
(444, 120) (295, 120)

******************************************************
Decision Tree:

0.454237288136
[[3 0 0 ..., 0 0 0]
 [0 5 0 ..., 0 0 0]
 [0 0 5 ..., 0 0 0]
 ..., 
 [0 0 0 ..., 4 0 0]
 [0 0 0 ..., 0 8 0]
 [0 0 0 ..., 0 0 4]]

******************************************************
Gaussian Naive Bayes:

0.633898305085
[[4 0 0 ..., 0 0 0]
 [0 8 0 ..., 0 0 0]
 [0 0 0 ..., 0 0 0]
 ..., 
 [0 0 0 ..., 7 0 0]
 [0 0 0 ..., 0 8 0]
 [0 0 0 ..., 0 1 2]]

******************************************************
KNN:
---------------------
KNN ==  5 :

0.552542372881
[[5 0 0 ..., 0 0 0]
 [1 4 0 ..., 0 0 0]
 [0 0 5 ..., 0 0 0]
 ..., 
 [0 0 0 ..., 5 0 0]
 [0 0 0 ..., 0 8 0]
 [1 0 0 ..., 0 0 1]]
---------------------
KNN ==  9 :

0.552542372881
[[3 0 0 ..., 0 0 0]
 [0 4 1 ..., 0 0 0]
 [0 0 4 ..., 0 0 0]
 ..., 
 [0 0 0 ..., 6 0 0]
 [0 0 0 ..., 0 8 0]
 [0 0 0 ..., 0 0 1]]
---------------------
KNN ==  11 :

0.51186440678
[[3 0 0 ..., 0 0 0]
 [0 2 1 ..., 0 0 0]
 [0 0 4 ..., 0 0 0]
 ..., 
 [0 0 0 ..., 4 0 0]
 [0 0 0 ..., 0 8 0]
 [0 0 0 ..., 0 0 0]]
---------------------
KNN ==  13 :

0.484745762712
[[3 0 0 ..., 0 0 0]
 [0 1 1 ..., 0 0 0]
 [0 0 3 ..., 0 0 0]
 ..., 
 [0 0 0 ..., 5 0 0]
 [0 0 0 ..., 0 8 0]
 [0 0 0 ..., 0 0 0]]

******************************************************
SVM:

0.779661016949

******************************************************
Perceptron:

0.162711864407
[[0 0 4 ..., 0 0 0]
 [0 0 6 ..., 0 0 0]
 [0 0 8 ..., 0 0 0]
 ..., 
 [0 0 0 ..., 0 0 0]
 [0 0 0 ..., 0 0 0]
 [0 0 1 ..., 0 0 0]]

******************************************************
LDA:

0.908474576271
[[ 7  0  0 ...,  0  0  0]
 [ 0  8  0 ...,  0  0  0]
 [ 0  0  6 ...,  0  0  0]
 ..., 
 [ 0  0  0 ...,  8  0  0]
 [ 0  0  0 ...,  0  8  0]
 [ 0  0  0 ...,  0  0 10]]

******************************************************
Logistic Regression - ovr:

0.332203389831
[[0 0 0 ..., 0 0 0]
 [0 0 0 ..., 0 0 0]
 [0 0 2 ..., 0 0 0]
 ..., 
 [0 0 0 ..., 1 0 0]
 [0 0 0 ..., 0 8 0]
 [0 0 0 ..., 0 1 0]]

******************************************************
Logistic Regression - mul:

0.35593220339
[[1 0 0 ..., 0 0 0]
 [0 1 1 ..., 0 0 0]
 [0 0 3 ..., 0 0 0]
 ..., 
 [0 0 0 ..., 2 0 0]
 [0 0 0 ..., 0 8 0]
 [0 0 0 ..., 0 1 0]]
######################################################
(444, 120) (295, 120)

******************************************************
Decision Tree:

0.525423728814
[[4 0 0 ..., 0 0 0]
 [0 2 0 ..., 0 0 0]
 [0 0 6 ..., 0 0 0]
 ..., 
 [0 0 0 ..., 2 0 0]
 [0 0 0 ..., 0 8 0]
 [1 0 0 ..., 0 1 2]]

******************************************************
Gaussian Naive Bayes:

0.572881355932
[[4 1 0 ..., 0 0 1]
 [0 2 0 ..., 0 0 0]
 [0 0 2 ..., 0 0 0]
 ..., 
 [0 0 0 ..., 3 0 0]
 [0 0 0 ..., 0 9 0]
 [0 0 0 ..., 0 0 1]]

******************************************************
KNN:
---------------------
KNN ==  5 :

0.542372881356
[[6 0 0 ..., 0 0 0]
 [0 0 1 ..., 0 0 0]
 [0 2 5 ..., 0 0 0]
 ..., 
 [0 0 0 ..., 4 0 0]
 [0 0 0 ..., 0 9 0]
 [0 0 0 ..., 0 0 1]]
---------------------
KNN ==  9 :

0.467796610169
[[3 0 0 ..., 0 0 0]
 [0 1 3 ..., 0 0 0]
 [0 2 3 ..., 0 0 0]
 ..., 
 [0 0 0 ..., 4 0 0]
 [0 0 0 ..., 0 9 0]
 [0 0 0 ..., 0 0 1]]
---------------------
KNN ==  11 :

0.454237288136
[[4 0 0 ..., 0 0 0]
 [0 1 1 ..., 0 0 0]
 [0 1 2 ..., 0 0 0]
 ..., 
 [0 0 0 ..., 3 0 0]
 [0 0 0 ..., 0 9 0]
 [0 0 0 ..., 0 0 1]]
---------------------
KNN ==  13 :

0.44406779661
[[4 0 0 ..., 0 0 0]
 [0 1 1 ..., 0 0 0]
 [0 1 2 ..., 0 0 0]
 ..., 
 [0 0 0 ..., 3 0 0]
 [0 0 0 ..., 0 9 0]
 [0 0 0 ..., 0 0 1]]

******************************************************
SVM:

0.776271186441

******************************************************
Perceptron:

0.0677966101695
[[ 0  0  0 ...,  0  0  0]
 [ 0  0  5 ...,  0  0  0]
 [ 0  0 10 ...,  0  0  0]
 ..., 
 [ 0  0  0 ...,  0  0  0]
 [ 0  0  0 ...,  0  0  8]
 [ 0  0  0 ...,  0  0  1]]

******************************************************
LDA:

0.898305084746
[[10  0  0 ...,  0  0  0]
 [ 0  3  0 ...,  0  0  0]
 [ 0  0 10 ...,  0  0  0]
 ..., 
 [ 0  0  0 ...,  9  0  0]
 [ 0  0  0 ...,  0  9  0]
 [ 0  0  0 ...,  0  0  2]]

******************************************************
Logistic Regression - ovr:

0.264406779661
[[0 0 0 ..., 0 0 2]
 [0 0 0 ..., 0 0 0]
 [0 0 0 ..., 0 0 0]
 ..., 
 [0 0 0 ..., 4 0 0]
 [0 0 0 ..., 0 8 1]
 [0 0 0 ..., 0 0 3]]

******************************************************
Logistic Regression - mul:

0.274576271186
[[0 0 0 ..., 0 0 0]
 [0 1 0 ..., 0 0 0]
 [0 2 0 ..., 0 0 0]
 ..., 
 [0 0 0 ..., 4 0 0]
 [0 0 0 ..., 0 9 0]
 [0 0 0 ..., 0 0 3]]
######################################################
(444, 120) (295, 120)

******************************************************
Decision Tree:

0.457627118644
[[1 0 0 ..., 0 0 0]
 [1 3 0 ..., 0 0 0]
 [0 0 4 ..., 0 0 0]
 ..., 
 [0 0 0 ..., 3 0 1]
 [0 0 0 ..., 0 9 2]
 [1 0 0 ..., 0 0 2]]

******************************************************
Gaussian Naive Bayes:

0.596610169492
[[3 1 0 ..., 0 0 0]
 [0 5 0 ..., 0 0 0]
 [0 0 2 ..., 0 0 0]
 ..., 
 [0 0 0 ..., 4 0 0]
 [0 0 0 ..., 0 9 0]
 [0 0 0 ..., 0 2 5]]

******************************************************
KNN:
---------------------
KNN ==  5 :

0.549152542373
[[3 1 0 ..., 0 0 0]
 [0 5 0 ..., 0 0 0]
 [0 1 4 ..., 0 0 0]
 ..., 
 [0 0 0 ..., 4 0 0]
 [0 0 0 ..., 0 9 0]
 [0 0 0 ..., 0 1 1]]
---------------------
KNN ==  9 :

0.51186440678
[[4 0 0 ..., 0 0 0]
 [0 3 1 ..., 0 0 0]
 [0 0 3 ..., 0 0 0]
 ..., 
 [0 0 0 ..., 5 0 0]
 [0 0 0 ..., 0 9 0]
 [0 0 0 ..., 0 1 1]]
---------------------
KNN ==  11 :

0.477966101695
[[4 0 0 ..., 0 0 0]
 [0 1 0 ..., 0 0 0]
 [0 0 4 ..., 0 0 0]
 ..., 
 [0 0 0 ..., 4 0 0]
 [0 0 0 ..., 0 9 0]
 [0 0 0 ..., 0 1 1]]
---------------------
KNN ==  13 :

0.464406779661
[[3 0 0 ..., 0 0 1]
 [0 1 0 ..., 0 0 0]
 [0 0 4 ..., 0 0 0]
 ..., 
 [0 0 0 ..., 4 0 0]
 [0 0 0 ..., 0 9 0]
 [0 0 0 ..., 0 1 1]]

******************************************************
SVM:

0.803389830508

******************************************************
Perceptron:

0.0847457627119
[[0 6 0 ..., 0 0 0]
 [0 6 0 ..., 0 0 0]
 [0 6 0 ..., 0 0 0]
 ..., 
 [0 9 0 ..., 0 0 0]
 [0 6 0 ..., 0 0 0]
 [0 4 0 ..., 0 0 0]]

******************************************************
LDA:

0.915254237288
[[6 0 0 ..., 0 0 0]
 [0 6 0 ..., 0 0 0]
 [0 0 6 ..., 0 0 0]
 ..., 
 [0 0 0 ..., 9 0 0]
 [0 0 0 ..., 0 9 0]
 [0 0 0 ..., 0 2 6]]

******************************************************
Logistic Regression - ovr:

0.315254237288
[[0 0 0 ..., 0 0 0]
 [0 0 0 ..., 0 0 0]
 [0 0 4 ..., 0 0 0]
 ..., 
 [0 0 0 ..., 5 0 0]
 [0 0 0 ..., 0 9 0]
 [0 0 0 ..., 0 1 0]]

******************************************************
Logistic Regression - mul:

0.328813559322
[[0 1 0 ..., 0 0 0]
 [0 1 0 ..., 0 0 0]
 [0 0 5 ..., 0 0 0]
 ..., 
 [0 0 0 ..., 6 0 0]
 [0 0 0 ..., 0 9 0]
 [0 0 0 ..., 0 2 0]]
######################################################
(444, 120) (295, 120)

******************************************************
Decision Tree:

0.44406779661
[[ 3  0  0 ...,  0  0  0]
 [ 0  3  0 ...,  0  0  0]
 [ 0  0 10 ...,  0  0  0]
 ..., 
 [ 0  0  0 ...,  3  0  0]
 [ 0  0  0 ...,  0  6  0]
 [ 0  0  0 ...,  0  0  3]]

******************************************************
Gaussian Naive Bayes:

0.542372881356
[[3 1 0 ..., 0 0 1]
 [0 5 0 ..., 0 0 0]
 [0 0 0 ..., 0 0 0]
 ..., 
 [0 0 0 ..., 9 0 0]
 [0 0 0 ..., 0 7 0]
 [0 0 0 ..., 0 0 2]]

******************************************************
KNN:
---------------------
KNN ==  5 :

0.535593220339
[[5 0 0 ..., 0 0 0]
 [0 6 0 ..., 0 0 0]
 [0 1 3 ..., 0 0 0]
 ..., 
 [0 0 0 ..., 7 0 0]
 [0 0 0 ..., 0 7 0]
 [0 0 0 ..., 0 0 2]]
---------------------
KNN ==  9 :

0.491525423729
[[3 0 0 ..., 0 0 0]
 [0 6 0 ..., 0 0 0]
 [0 0 4 ..., 0 0 0]
 ..., 
 [0 0 0 ..., 3 0 0]
 [0 0 0 ..., 0 7 0]
 [0 0 0 ..., 0 0 1]]
---------------------
KNN ==  11 :

0.461016949153
[[4 0 0 ..., 0 0 0]
 [0 5 0 ..., 0 0 0]
 [0 1 3 ..., 0 0 0]
 ..., 
 [0 0 0 ..., 3 0 0]
 [0 0 0 ..., 0 7 0]
 [0 0 0 ..., 0 0 1]]
---------------------
KNN ==  13 :

0.437288135593
[[2 0 0 ..., 0 0 0]
 [0 4 0 ..., 0 0 0]
 [0 1 3 ..., 0 0 0]
 ..., 
 [0 0 0 ..., 4 0 0]
 [0 0 0 ..., 0 7 0]
 [0 0 0 ..., 0 0 1]]

******************************************************
SVM:

0.766101694915

******************************************************
Perceptron:

0.0372881355932
[[ 0  7  0 ...,  0  0  0]
 [ 0  7  0 ...,  0  0  0]
 [ 0 10  0 ...,  0  0  0]
 ..., 
 [ 0  0  0 ...,  0  0  0]
 [ 0  7  0 ...,  0  0  0]
 [ 0  7  0 ...,  0  0  0]]

******************************************************
LDA:

0.918644067797
[[ 7  0  0 ...,  0  0  0]
 [ 0  7  0 ...,  0  0  0]
 [ 0  0  6 ...,  0  0  0]
 ..., 
 [ 0  0  0 ..., 10  0  0]
 [ 0  0  0 ...,  0  7  0]
 [ 0  0  0 ...,  0  0  7]]

******************************************************
Logistic Regression - ovr:

0.254237288136
[[0 0 0 ..., 0 1 0]
 [0 1 0 ..., 0 0 0]
 [0 1 0 ..., 0 0 0]
 ..., 
 [0 0 0 ..., 4 0 0]
 [0 0 0 ..., 0 7 0]
 [0 0 0 ..., 0 0 0]]

******************************************************
Logistic Regression - mul:

0.267796610169
[[0 0 0 ..., 0 0 0]
 [0 1 0 ..., 0 0 0]
 [0 1 0 ..., 0 0 0]
 ..., 
 [0 0 0 ..., 4 0 0]
 [0 0 0 ..., 0 7 0]
 [0 0 0 ..., 0 0 0]]
######################################################
(444, 120) (295, 120)

******************************************************
Decision Tree:

0.491525423729
[[2 0 0 ..., 0 0 0]
 [0 2 0 ..., 0 0 0]
 [0 0 7 ..., 0 0 0]
 ..., 
 [0 0 0 ..., 5 0 0]
 [0 0 0 ..., 0 9 0]
 [0 0 0 ..., 0 0 3]]

******************************************************
Gaussian Naive Bayes:

0.562711864407
[[1 2 0 ..., 0 0 0]
 [0 4 0 ..., 0 0 0]
 [0 0 1 ..., 0 0 0]
 ..., 
 [0 0 0 ..., 4 0 0]
 [0 0 0 ..., 0 9 0]
 [0 0 0 ..., 0 0 2]]

******************************************************
KNN:
---------------------
KNN ==  5 :

0.552542372881
[[4 1 0 ..., 0 0 0]
 [0 1 0 ..., 0 0 0]
 [0 1 4 ..., 0 0 0]
 ..., 
 [0 0 0 ..., 5 0 0]
 [0 0 0 ..., 0 9 0]
 [0 0 0 ..., 0 0 2]]
---------------------
KNN ==  9 :

0.518644067797
[[3 1 0 ..., 0 0 0]
 [0 0 1 ..., 0 0 0]
 [0 1 2 ..., 0 0 0]
 ..., 
 [0 0 0 ..., 4 0 0]
 [0 0 0 ..., 0 9 0]
 [0 0 0 ..., 0 0 1]]
---------------------
KNN ==  11 :

0.474576271186
[[5 0 0 ..., 0 0 0]
 [0 0 1 ..., 0 0 0]
 [0 1 2 ..., 0 0 0]
 ..., 
 [0 0 0 ..., 4 0 0]
 [0 0 0 ..., 0 9 0]
 [0 0 0 ..., 0 0 2]]
---------------------
KNN ==  13 :

0.467796610169
[[5 0 0 ..., 0 0 0]
 [0 0 1 ..., 0 0 0]
 [0 1 2 ..., 0 0 0]
 ..., 
 [0 0 0 ..., 5 0 0]
 [0 0 0 ..., 0 9 0]
 [0 0 0 ..., 0 0 1]]

******************************************************
SVM:

0.793220338983

******************************************************
Perceptron:

0.118644067797
[[0 0 6 ..., 0 0 0]
 [0 0 6 ..., 0 0 0]
 [0 0 9 ..., 0 0 0]
 ..., 
 [0 0 0 ..., 0 0 0]
 [0 0 0 ..., 0 9 0]
 [0 0 2 ..., 0 0 0]]

******************************************************
LDA:

0.935593220339
[[8 0 0 ..., 0 0 0]
 [0 6 0 ..., 0 0 0]
 [0 0 7 ..., 0 0 0]
 ..., 
 [0 0 0 ..., 7 0 0]
 [0 0 0 ..., 0 9 0]
 [0 0 0 ..., 0 0 9]]

******************************************************
Logistic Regression - ovr:

0.383050847458
[[0 1 0 ..., 0 0 0]
 [0 0 0 ..., 0 0 0]
 [0 0 0 ..., 0 0 0]
 ..., 
 [0 0 0 ..., 7 0 0]
 [0 0 0 ..., 0 9 0]
 [0 0 0 ..., 0 0 0]]

******************************************************
Logistic Regression - mul:

0.396610169492
[[0 1 0 ..., 0 0 0]
 [0 1 0 ..., 0 0 0]
 [0 0 2 ..., 0 0 0]
 ..., 
 [0 0 0 ..., 7 0 0]
 [0 0 0 ..., 0 9 0]
 [0 0 0 ..., 0 0 0]]
######################################################
(444, 120) (295, 120)

******************************************************
Decision Tree:

0.48813559322
[[ 0  0  0 ...,  0  0  1]
 [ 1  4  0 ...,  0  0  0]
 [ 0  0  8 ...,  0  0  0]
 ..., 
 [ 0  0  0 ...,  5  0  0]
 [ 0  0  0 ...,  0 11  1]
 [ 0  0  0 ...,  0  0  3]]

******************************************************
Gaussian Naive Bayes:

0.610169491525
[[ 2  1  0 ...,  0  0  0]
 [ 1  5  0 ...,  0  0  0]
 [ 0  0  2 ...,  0  0  0]
 ..., 
 [ 0  0  0 ...,  8  0  0]
 [ 0  0  0 ...,  0 11  0]
 [ 0  0  0 ...,  0  2  5]]

******************************************************
KNN:
---------------------
KNN ==  5 :

0.552542372881
[[ 6  0  0 ...,  0  0  0]
 [ 0  5  0 ...,  0  0  0]
 [ 0  2  3 ...,  0  0  0]
 ..., 
 [ 0  0  0 ...,  6  0  0]
 [ 0  0  0 ...,  0 11  0]
 [ 0  0  0 ...,  0  1  3]]
---------------------
KNN ==  9 :

0.484745762712
[[ 4  0  0 ...,  0  0  0]
 [ 0  3  0 ...,  0  0  0]
 [ 0  1  3 ...,  0  0  0]
 ..., 
 [ 0  0  0 ...,  5  0  0]
 [ 0  0  0 ...,  0 11  0]
 [ 0  0  0 ...,  0  1  0]]
---------------------
KNN ==  11 :

0.440677966102
[[ 3  0  0 ...,  0  0  0]
 [ 1  2  0 ...,  0  0  0]
 [ 0  1  2 ...,  0  0  0]
 ..., 
 [ 0  0  0 ...,  3  0  0]
 [ 0  0  0 ...,  0 11  0]
 [ 0  0  0 ...,  0  1  0]]
---------------------
KNN ==  13 :

0.430508474576
[[ 4  0  0 ...,  0  0  0]
 [ 1  2  1 ...,  0  0  0]
 [ 0  1  1 ...,  0  0  0]
 ..., 
 [ 0  0  0 ...,  3  0  0]
 [ 0  0  0 ...,  0 11  0]
 [ 0  0  0 ...,  0  1  0]]

******************************************************
SVM:

0.789830508475

******************************************************
Perceptron:

0.0406779661017
[[ 0  0  7 ...,  0  0  0]
 [ 0  0  8 ...,  0  0  0]
 [ 0  0  8 ...,  0  0  0]
 ..., 
 [ 0  0  7 ...,  0  0  0]
 [ 0  0 11 ...,  0  0  0]
 [ 0  0 10 ...,  0  0  0]]

******************************************************
LDA:

0.905084745763
[[ 5  0  0 ...,  0  0  0]
 [ 0  8  0 ...,  0  0  0]
 [ 0  0  7 ...,  0  0  0]
 ..., 
 [ 0  0  0 ...,  9  0  0]
 [ 0  0  0 ...,  0 11  0]
 [ 0  0  0 ...,  0  2  8]]

******************************************************
Logistic Regression - ovr:

0.376271186441
[[ 0  0  0 ...,  0  0  0]
 [ 0  0  0 ...,  0  0  0]
 [ 0  0  5 ...,  0  0  0]
 ..., 
 [ 0  0  0 ...,  5  0  0]
 [ 0  0  0 ...,  0 11  0]
 [ 0  0  0 ...,  0  1  1]]

******************************************************
Logistic Regression - mul:

0.386440677966
[[ 0  0  0 ...,  0  0  0]
 [ 0  0  0 ...,  0  0  0]
 [ 0  1  4 ...,  0  0  0]
 ..., 
 [ 0  0  0 ...,  6  0  0]
 [ 0  0  0 ...,  0 11  0]
 [ 0  0  0 ...,  0  1  1]]
######################################################
######################################################
DT: 
[ 0.45084746  0.4440678   0.49152542  0.48474576  0.45423729  0.52542373
  0.45762712  0.4440678   0.49152542  0.48813559]
0.473220338983
gnb: 
[ 0.57288136  0.63389831  0.57288136  0.54237288  0.63389831  0.57288136
  0.59661017  0.54237288  0.56271186  0.61016949]
0.58406779661
knn: 
[ 0.5220339   0.48474576  0.46440678  0.46440678  0.55254237  0.52881356
  0.51864407  0.49830508  0.54576271  0.51525424  0.49830508  0.47118644
  0.56610169  0.49152542  0.48135593  0.45423729  0.55254237  0.55254237
  0.51186441  0.48474576  0.54237288  0.46779661  0.45423729  0.4440678
  0.54915254  0.51186441  0.4779661   0.46440678  0.53559322  0.49152542
  0.46101695  0.43728814  0.55254237  0.51864407  0.47457627  0.46779661
  0.55254237  0.48474576  0.44067797  0.43050847]
0.497966101695
9  =  0.504745762712
11  =  0.478305084746
5  =  0.547118644068
13  =  0.461694915254
svm: 
[ 0.80677966  0.80677966  0.77966102  0.77966102  0.77966102  0.77627119
  0.80338983  0.76610169  0.79322034  0.78983051]
0.78813559322
per: 
[ 0.19661017  0.10169492  0.0440678   0.06779661  0.16271186  0.06779661
  0.08474576  0.03728814  0.11864407  0.04067797]
0.0922033898305
lda: 
[ 0.93220339  0.94915254  0.94576271  0.8779661   0.90847458  0.89830508
  0.91525424  0.91864407  0.93559322  0.90508475]
0.918644067797
lr_ovr: 
[ 0.33559322  0.38305085  0.26779661  0.25762712  0.33220339  0.26440678
  0.31525424  0.25423729  0.38305085  0.37627119]
0.316949152542
lr_mul: 
[ 0.33559322  0.36949153  0.26440678  0.25423729  0.3559322   0.27457627
  0.32881356  0.26779661  0.39661017  0.38644068]
0.323389830508
