Starting read from Train file...
train.shape = (9100, 26)
train_labels.shape = (9100, 1)
(5460, 26) (3640, 26)

******************************************************
Decision Tree:

0.542582417582
[[196   7   5   7  69  51   5   4   4]
 [  8 186   7 102   7   1  27   5  65]
 [ 10   8 130  20   9   1  62  30  20]
 [ 10 113  14 319  14   2  25   1 131]
 [ 45   5   8  11 210  50   6   7   9]
 [ 43   2   0   2  56 198   0   0   1]
 [  3  23  81  29  17   0 137  43  13]
 [  1   4  23   3   5   0  38 383   1]
 [  8  74  25 148   8   0  28   1 216]]

******************************************************
Gaussian Naive Bayes:

0.393406593407
[[ 91  47  12   9  34 131   0   0   0]
 [  8 190  18  60  22  38   0   0  86]
 [  0  23 153  25  27   0   9   7  49]
 [ 13 147  53 138  49   4   0   0 237]
 [ 80  47   8  13 138 104   2   3   0]
 [ 43   3   1   0  24 231   1   0   0]
 [  7  68  86  25  27   5  43   9  58]
 [  3  15 105   5  63   1  54 201  27]
 [  2 108  43  26  29   5   0   0 247]]

******************************************************
Multinomial Naive Bayes:

0.176098901099
[[  0   0   0 324   0   0   0   0   0]
 [  0   0   0 422   0   0   0   0   0]
 [  0   0   0 293   0   0   0   0   0]
 [  0   0   0 641   0   0   0   0   0]
 [  0   0   0 395   0   0   0   0   0]
 [  0   0   0 303   0   0   0   0   0]
 [  0   0   0 328   0   0   0   0   0]
 [  0   0   0 474   0   0   0   0   0]
 [  0   0   0 460   0   0   0   0   0]]

******************************************************
Bernoulli Naive Bayes:

0.176098901099
[[  0   0   0 324   0   0   0   0   0]
 [  0   0   0 422   0   0   0   0   0]
 [  0   0   0 293   0   0   0   0   0]
 [  0   0   0 641   0   0   0   0   0]
 [  0   0   0 395   0   0   0   0   0]
 [  0   0   0 303   0   0   0   0   0]
 [  0   0   0 328   0   0   0   0   0]
 [  0   0   0 474   0   0   0   0   0]
 [  0   0   0 460   0   0   0   0   0]]

******************************************************
KNN:

0.566208791209
[[180  11   9   7  39  77   1   0   0]
 [ 13 248   5 104  10   0   5   0  37]
 [  6  12 160  13   7   0  73  14   8]
 [  8 140  10 372  11   1   5   0  94]
 [113  12   8  12 168  77   5   0   0]
 [ 61   1   2   0  17 222   0   0   0]
 [  9  35  86  27   6   0 120  39   6]
 [  0   0  27   1   1   0  31 414   0]
 [  8  90  11 156   7   0  10   1 177]]

******************************************************
SVM:

0.758241758242

******************************************************
Perceptron:

0.225
[[  0   0   0 244  56  24   0   0   0]
 [  0   0   0 418   4   0   0   0   0]
 [  0   0   0 288   5   0   0   0   0]
 [  0   0   0 635   6   0   0   0   0]
 [  0   0   0 263 118  14   0   0   0]
 [  0   0   0 151  97  55   0   0   0]
 [  0   0   0 327   1   0   0   0   0]
 [  0   0   0 459   4   0   0  11   0]
 [  0   0   0 459   1   0   0   0   0]]

******************************************************
LDA:

0.645879120879
[[234   6  18   9  16  40   1   0   0]
 [  2 213   9  83   6   1  11   0  97]
 [  7   8 172   1   3   0  73  22   7]
 [ 15  76  12 426   2   5  11   1  93]
 [ 82   1   4   9 230  68   1   0   0]
 [ 40   0   2   0  14 247   0   0   0]
 [  4  19  66  13   8   0 167  43   8]
 [  0   1  25   0   0   0  32 416   0]
 [  8  69  10 115   5   0   7   0 246]]

******************************************************
Logistic Regression - ovr:

0.347527472527
[[ 56   0   0  59 209   0   0   0   0]
 [  0   0   0 365  57   0   0   0   0]
 [  0   0   0 249  11   0   0  33   0]
 [  9   0   0 586  42   0   0   0   4]
 [ 39   0   0  81 275   0   0   0   0]
 [ 94   0   0   4 202   3   0   0   0]
 [  0   0   0 266  19   0   0  43   0]
 [  0   0   0  99  31   0   0 344   0]
 [  0   0   0 438  21   0   0   0   1]]

******************************************************
Logistic Regression - mul:

0.359065934066
[[ 68   0   0  49 199   8   0   0   0]
 [  0   0   0 363  59   0   0   0   0]
 [  0   0   0 210  12   0   0  68   3]
 [  9   0   0 580  44   0   0   0   8]
 [ 57   0   0  77 256   5   0   0   0]
 [108   0   0   4 171  20   0   0   0]
 [  0   0   0 231  24   0   0  70   3]
 [  0   0   0  71  32   0   0 371   0]
 [  0   0   0 425  23   0   0   0  12]]
######################################################
(5460, 26) (3640, 26)

******************************************************
Decision Tree:

0.561538461538
[[193   6  14   6  71  36   2   1   2]
 [ 11 200  15  78   6   2  32   6  55]
 [  4   8 134  22  11   2  83  33  14]
 [  4 107  23 325  15   4  25   1 129]
 [ 69  11   7   8 241  38   4   2   5]
 [ 55   1   1   2  48 174   2   5   2]
 [  9  26  50  19  17   3 141  51  17]
 [  0   4  25   5   5   0  34 397   3]
 [  5  61  12 132  10   1  18   1 239]]

******************************************************
Gaussian Naive Bayes:

0.385164835165
[[ 97  43   5   4  33 168   0   0   0]
 [ 15 178  15  63  30  28   0   0  95]
 [  1  29 155  18  28   0   2   2  46]
 [  9 141  38 123  33   5   0   0 248]
 [ 91  41  13  17 160 100   1   0   1]
 [ 35   4   3   0  23 195   0   0   0]
 [  7  59 119  30  30   3  33   4  56]
 [  2  19 147   2  80   0  33 193  21]
 [  4  99  44  23  26   1   0   1 268]]

******************************************************
Multinomial Naive Bayes:

0.164010989011
[[  0   0   0 350   0   0   0   0   0]
 [  0   0   0 424   0   0   0   0   0]
 [  0   0   0 281   0   0   0   0   0]
 [  0   0   0 597   0   0   0   0   0]
 [  0   0   0 424   0   0   0   0   0]
 [  0   0   0 260   0   0   0   0   0]
 [  0   0   0 341   0   0   0   0   0]
 [  0   0   0 497   0   0   0   0   0]
 [  0   0   0 466   0   0   0   0   0]]

******************************************************
Bernoulli Naive Bayes:

0.164010989011
[[  0   0   0 350   0   0   0   0   0]
 [  0   0   0 424   0   0   0   0   0]
 [  0   0   0 281   0   0   0   0   0]
 [  0   0   0 597   0   0   0   0   0]
 [  0   0   0 424   0   0   0   0   0]
 [  0   0   0 260   0   0   0   0   0]
 [  0   0   0 341   0   0   0   0   0]
 [  0   0   0 497   0   0   0   0   0]
 [  0   0   0 466   0   0   0   0   0]]

******************************************************
KNN:

0.576373626374
[[184   6   3   2  37 115   3   0   0]
 [  9 263   2 106   5   3   4   0  32]
 [ 12  11 164  11  10   0  55  12   6]
 [ 13  92   7 363   4   2   6   0 110]
 [115  11   7  14 193  79   5   0   0]
 [ 41   2   1   1  15 200   0   0   0]
 [  8  36 102  21   8   0 137  22   7]
 [  0   2  33   1   1   0  37 423   0]
 [  8  83  12 185   5   0   2   0 171]]

******************************************************
SVM:

0.762362637363

******************************************************
Perceptron:

0.173076923077
[[  4   0   0 346   0   0   0   0   0]
 [  0   0   0 424   0   0   0   0   0]
 [  0   0   0 281   0   0   0   0   0]
 [  0   0   0 597   0   0   0   0   0]
 [  7   0   0 417   0   0   0   0   0]
 [ 10   0   0 250   0   0   0   0   0]
 [  0   0   0 341   0   0   0   0   0]
 [  0   0   0 468   0   0   0  29   0]
 [  0   0   0 466   0   0   0   0   0]]

******************************************************
LDA:

0.652197802198
[[265   3  12   6  16  48   0   0   0]
 [  2 212   7  85   3   0  12   0 103]
 [  9   4 173   2   3   0  65  20   5]
 [ 16  55   6 410   0   6   9   0  95]
 [ 79   1   5   5 248  84   1   1   0]
 [ 16   2   4   0  20 218   0   0   0]
 [  4  22  75  12   2   0 184  28  14]
 [  0   1  37   0   0   0  41 418   0]
 [  9  60  11 123   2   2  13   0 246]]

******************************************************
Logistic Regression - ovr:

0.330769230769
[[  0   0   0  61 186 103   0   0   0]
 [  0   0   0 368  56   0   0   0   0]
 [  0   0   0 255  12   0   0  14   0]
 [  1   0   0 564  30   2   0   0   0]
 [  0   0   0 106 261  57   0   0   0]
 [  0   0   0  10 135 115   0   0   0]
 [  0   0   0 308  16   0   0  17   0]
 [  0   0   0 201  32   0   0 264   0]
 [  1   0   0 449  16   0   0   0   0]]

******************************************************
Logistic Regression - mul:

0.349175824176
[[  1   0   0  54 179 116   0   0   0]
 [  0   0   0 368  55   1   0   0   0]
 [  0   0   0 224  13   0   0  44   0]
 [  5   0   0 555  31   2   0   0   4]
 [  0   0   0  89 265  70   0   0   0]
 [  0   0   0   9 126 125   0   0   0]
 [  0   0   0 273  19   0   0  49   0]
 [  0   0   0 138  34   0   0 325   0]
 [  1   0   0 448  17   0   0   0   0]]
######################################################
(5460, 26) (3640, 26)

******************************************************
Decision Tree:

0.543406593407
[[185  10   4   7  62  51   5   0   5]
 [  5 182   9 100  14   1  27   2  54]
 [  7   7 128  30  11   2  66  18  19]
 [ 13 110  22 307  16   1  36   4 121]
 [ 74  11  12  10 223  53  11   6   8]
 [ 44   2   0   2  54 176   2   0   0]
 [  6  25  49  42  13   1 130  24  21]
 [  1   9  39   2  12   0  33 398   2]
 [  4  56  20 147   9   0  17   2 249]]

******************************************************
Gaussian Naive Bayes:

0.393131868132
[[ 96  58   9   5  28 143   0   0   0]
 [ 23 185  15  77  29  21   0   0  62]
 [  0  18 159  32  28   0   5   8  33]
 [ 13 149  60 171  52   8   0   1 193]
 [ 74  44  14  12 160 102   5   3   0]
 [ 50   4   1   0  23 205   1   1   0]
 [ 12  60 105  24  25   4  37  12  48]
 [  1  12 121   2  64   0  74 161  19]
 [  4 109  61  22  22   3   1   0 257]]

******************************************************
Multinomial Naive Bayes:

0.177747252747
[[  0   0   0 339   0   0   0   0   0]
 [  0   0   0 412   0   0   0   0   0]
 [  0   0   0 283   0   0   0   0   0]
 [  0   0   0 647   0   0   0   0   0]
 [  0   0   0 414   0   0   0   0   0]
 [  0   0   0 285   0   0   0   0   0]
 [  0   0   0 327   0   0   0   0   0]
 [  0   0   0 454   0   0   0   0   0]
 [  0   0   0 479   0   0   0   0   0]]

******************************************************
Bernoulli Naive Bayes:

0.177747252747
[[  0   0   0 339   0   0   0   0   0]
 [  0   0   0 412   0   0   0   0   0]
 [  0   0   0 283   0   0   0   0   0]
 [  0   0   0 647   0   0   0   0   0]
 [  0   0   0 414   0   0   0   0   0]
 [  0   0   0 285   0   0   0   0   0]
 [  0   0   0 327   0   0   0   0   0]
 [  0   0   0 454   0   0   0   0   0]
 [  0   0   0 479   0   0   0   0   0]]

******************************************************
KNN:

0.590659340659
[[204   9   6   5  37  73   3   0   2]
 [ 14 277   1  82   5   0   5   0  28]
 [  7  11 152  11   7   0  68  20   7]
 [ 11 137  11 373  10   0   8   0  97]
 [ 96  16  10   9 195  77  11   0   0]
 [ 44   0   2   0  21 218   0   0   0]
 [  8  29  92  18   8   0 135  31   6]
 [  0   0  19   0   0   0  26 409   0]
 [  6  93   7 173   7   1   5   0 187]]

******************************************************
SVM:

0.763461538462

******************************************************
Perceptron:

0.350549450549
[[  0   0   0   2 336   0   0   1   0]
 [  0   0   0 215 188   0   0   9   0]
 [  0   0   0  10  90   0   0 182   1]
 [  0   0   0 459 162   0   0  23   3]
 [  0   0   0   5 403   0   0   6   0]
 [  0   0   0   0 285   0   0   0   0]
 [  0   0   0  13  90   0   0 223   1]
 [  0   0   0   0  42   0   0 412   0]
 [  0   0   0 355 103   0   0  19   2]]

******************************************************
LDA:

0.660989010989
[[255   3  14   9  22  35   0   0   1]
 [  2 220   7  76   3   1  18   0  85]
 [  5   6 163   3   1   0  74  22   9]
 [ 17 100   5 405   3   6   7   1 103]
 [ 66   1   7   9 263  66   2   0   0]
 [ 30   0   3   0  27 224   1   0   0]
 [  2  20  63  12   4   0 187  33   6]
 [  0   0  18   0   0   0  25 411   0]
 [ 10  66  11 104   6   0   4   0 278]]

******************************************************
Logistic Regression - ovr:

0.358241758242
[[ 10   0   0  61 223  45   0   0   0]
 [  0   0   0 353  59   0   0   0   0]
 [  0   0   0 216  12   0   0  55   0]
 [  4   0   0 590  53   0   0   0   0]
 [  7   0   0  89 295  22   0   1   0]
 [ 10   0   0   6 215  54   0   0   0]
 [  0   0   0 259  23   0   0  45   0]
 [  0   0   0  69  30   0   0 355   0]
 [  0   0   0 459  20   0   0   0   0]]

******************************************************
Logistic Regression - mul:

0.369505494505
[[ 20   0   0  49 211  58   0   1   0]
 [  0   0   0 350  62   0   0   0   0]
 [  0   0   0 181  13   0   0  89   0]
 [  9   0   0 583  54   0   0   1   0]
 [ 17   0   0  79 280  34   0   4   0]
 [ 13   0   0   6 186  80   0   0   0]
 [  0   0   0 223  27   0   0  77   0]
 [  0   0   0  39  33   0   0 382   0]
 [  0   0   0 458  21   0   0   0   0]]
######################################################
(5460, 26) (3640, 26)

******************************************************
Decision Tree:

0.549175824176
[[179   8  10   8  47  48   6   1   8]
 [ 13 202  10 129   6   1  26   4  64]
 [  4   8 118  26   4   1  62  37  16]
 [  6  98  16 298  12   0  29   5 161]
 [ 67   3  15  11 221  51  10   4  11]
 [ 48   1   3   2  52 192   1   0   1]
 [  2  18  64  35  19   2 143  36  16]
 [  1   1  28   1   3   0  36 426   1]
 [  5  57  19 102  10   1  24   6 220]]

******************************************************
Gaussian Naive Bayes:

0.413186813187
[[ 88  43   5   9  31 148   0   0   1]
 [ 15 170   6  94  22  20   0   0  69]
 [  1  23 143  30  19   0  10   4  53]
 [ 21 145  38 171  43   6   1   0 187]
 [ 70  50  11  14 149  75   4   0   1]
 [ 55   5   0   0  25 210   1   0   0]
 [  5  68  78  30  31   1  51   2  71]
 [  3  27 113   6  78   0  44 231  17]
 [  4 102  34  36  28   3   0   0 291]]

******************************************************
Multinomial Naive Bayes:

0.168131868132
[[  0   0   0 325   0   0   0   0   0]
 [  0   0   0 396   0   0   0   0   0]
 [  0   0   0 283   0   0   0   0   0]
 [  0   0   0 612   0   0   0   0   0]
 [  0   0   0 374   0   0   0   0   0]
 [  0   0   0 296   0   0   0   0   0]
 [  0   0   0 337   0   0   0   0   0]
 [  0   0   0 519   0   0   0   0   0]
 [  0   0   0 498   0   0   0   0   0]]

******************************************************
Bernoulli Naive Bayes:

0.168131868132
[[  0   0   0 325   0   0   0   0   0]
 [  0   0   0 396   0   0   0   0   0]
 [  0   0   0 283   0   0   0   0   0]
 [  0   0   0 612   0   0   0   0   0]
 [  0   0   0 374   0   0   0   0   0]
 [  0   0   0 296   0   0   0   0   0]
 [  0   0   0 337   0   0   0   0   0]
 [  0   0   0 519   0   0   0   0   0]
 [  0   0   0 498   0   0   0   0   0]]

******************************************************
KNN:

0.584065934066
[[185  12   4   4  48  71   1   0   0]
 [  8 257   5  93   2   0   3   0  28]
 [  4  17 165  10   5   1  61  16   4]
 [ 15 122  11 351  14   2   5   0  92]
 [ 85  13   6  14 185  64   6   0   1]
 [ 51   3   1   1  30 210   0   0   0]
 [  5  41  83  17   4   0 135  39  13]
 [  0   0  28   1   1   0  37 452   0]
 [ 10  88  10 194   6   0   4   0 186]]

******************************************************
SVM:

0.768131868132

******************************************************
Perceptron:

0.220879120879
[[117   0   0 205   3   0   0   0   0]
 [  0   0   0 395   1   0   0   0   0]
 [  1   0   0 282   0   0   0   0   0]
 [  3   0   0 608   1   0   0   0   0]
 [ 57   0   0 254  63   0   0   0   0]
 [151   0   0 133  12   0   0   0   0]
 [  0   0   0 337   0   0   0   0   0]
 [  0   0   0 503   0   0   0  16   0]
 [  1   0   0 496   1   0   0   0   0]]

******************************************************
LDA:

0.659615384615
[[256   3  11   5  19  28   2   0   1]
 [  2 218   1  72   5   1  10   0  87]
 [  4  11 175   2   3   0  67  17   4]
 [ 19  95   7 385   2  11   7   1  85]
 [ 65   1   4   7 236  59   1   1   0]
 [ 27   2   3   0  26 237   1   0   0]
 [  2  20  66  12   4   0 185  34  14]
 [  0   0  46   0   0   0  35 438   0]
 [ 10  66  10 126   4   1  10   0 271]]

******************************************************
Logistic Regression - ovr:

0.293681318681
[[  6   0   0  43 266  10   0   0   0]
 [  0   0   0 348  48   0   0   0   0]
 [  0   0   0 269  11   0   0   3   0]
 [  1   0   0 546  65   0   0   0   0]
 [  0   0   0  76 296   2   0   0   0]
 [  1   0   0   7 274  14   0   0   0]
 [  0   0   0 309  21   0   0   7   0]
 [  0   0   0 277  35   0   0 207   0]
 [  0   0   0 468  30   0   0   0   0]]

******************************************************
Logistic Regression - mul:

0.325
[[  8   0   0  37 248  32   0   0   0]
 [  0   0   0 345  51   0   0   0   0]
 [  0   0   0 254  11   0   0  18   0]
 [  6   0   0 541  63   2   0   0   0]
 [  5   0   0  71 287  11   0   0   0]
 [ 10   0   0   6 231  49   0   0   0]
 [  0   0   0 299  21   0   0  17   0]
 [  0   0   0 185  36   0   0 298   0]
 [  1   0   0 467  30   0   0   0   0]]
######################################################
(5460, 26) (3640, 26)

******************************************************
Decision Tree:

0.542857142857
[[172   6  10  11  60  32  14   0   9]
 [  8 190   7 100   7   2  15   2  72]
 [ 13   9 126  16  11   1  65  24  13]
 [ 12 114  25 326   9   1  39   5 143]
 [ 88   9  12  19 240  49  12  10   5]
 [ 48   1   2   3  48 167   1   1   2]
 [  9  20  64  29  10   1 142  42  20]
 [  3   4  32   1   4   0  35 396   2]
 [  2  53  19 122   7   1  18   1 217]]

******************************************************
Gaussian Naive Bayes:

0.390659340659
[[104  50  16   7  20 158   0   0   0]
 [ 17 178  14  57  27  21   0   0  92]
 [  1  15 159  27  30   0   7   3  55]
 [ 18 154  42 138  42   9   0   0 224]
 [ 74  52   8  14 144 100   2   1   1]
 [ 38   6   1   0  23 185   1   0   0]
 [  9  61 104  32  30   2  32   9  62]
 [  1  14 105   9  79   0  45 210  18]
 [  4  99  39  34  29   3   3   0 272]]

******************************************************
Multinomial Naive Bayes:

0.172252747253
[[  0   0   0 355   0   0   0   0   0]
 [  0   0   0 406   0   0   0   0   0]
 [  0   0   0 297   0   0   0   0   0]
 [  0   0   0 627   0   0   0   0   0]
 [  0   0   0 396   0   0   0   0   0]
 [  0   0   0 254   0   0   0   0   0]
 [  0   0   0 341   0   0   0   0   0]
 [  0   0   0 481   0   0   0   0   0]
 [  0   0   0 483   0   0   0   0   0]]

******************************************************
Bernoulli Naive Bayes:

0.172252747253
[[  0   0   0 355   0   0   0   0   0]
 [  0   0   0 406   0   0   0   0   0]
 [  0   0   0 297   0   0   0   0   0]
 [  0   0   0 627   0   0   0   0   0]
 [  0   0   0 396   0   0   0   0   0]
 [  0   0   0 254   0   0   0   0   0]
 [  0   0   0 341   0   0   0   0   0]
 [  0   0   0 481   0   0   0   0   0]
 [  0   0   0 483   0   0   0   0   0]]

******************************************************
KNN:

0.574450549451
[[173  10  14  10  53  93   2   0   0]
 [  9 273   2  77   3   0   9   0  33]
 [ 10   9 168  13   3   0  77  12   5]
 [ 15 135   4 345  12   3   9   0 104]
 [103   9   6   7 198  63   8   0   2]
 [ 42   2   2   0  20 188   0   0   0]
 [  3  33  82  22   8   0 148  37   8]
 [  0   3  22   2   3   0  31 420   0]
 [ 16  95  18 167   6   0   3   0 178]]

******************************************************
SVM:

0.754120879121

******************************************************
Perceptron:

0.232967032967
[[  0   0   0   0 340   0   0   0  15]
 [  0   0   0   0 111   0   0   0 295]
 [  0   0   0   0  71   0   0   0 226]
 [  0   0   0   0 109   0   0   0 518]
 [  0   0   0   0 386   0   0   0  10]
 [  0   0   0   0 254   0   0   0   0]
 [  0   0   0   0  82   0   0   0 259]
 [  0   0   0   0 187   0   0  45 249]
 [  0   0   0   0  66   0   0   0 417]]

******************************************************
LDA:

0.641208791209
[[254   4  20  11  20  45   0   0   1]
 [  2 212   6  77   2   0  17   0  90]
 [  7   7 182   2   5   0  72  13   9]
 [ 18  95   7 390   0   9   8   0 100]
 [ 66   2   4   7 239  77   1   0   0]
 [ 22   0   3   0  20 209   0   0   0]
 [  2  18  67  10   5   0 192  34  13]
 [  0   1  27   0   0   0  39 414   0]
 [ 10  73  15 123   7   0  13   0 242]]

******************************************************
Logistic Regression - ovr:

0.341758241758
[[  0   0   0  62 228  65   0   0   0]
 [  0   0   0 355  51   0   0   0   0]
 [  0   0   0 266  12   0   0  19   0]
 [  0   0   0 578  45   4   0   0   0]
 [  0   0   0  85 271  40   0   0   0]
 [  0   0   0   9 158  87   0   0   0]
 [  0   0   0 297  20   1   0  23   0]
 [  0   0   0 143  30   0   0 308   0]
 [  0   0   0 461  22   0   0   0   0]]

******************************************************
Logistic Regression - mul:

0.359615384615
[[  0   0   0  55 218  82   0   0   0]
 [  0   0   0 353  53   0   0   0   0]
 [  0   0   0 226  13   0   0  58   0]
 [  1   0   0 575  47   4   0   0   0]
 [  0   0   0  76 272  48   0   0   0]
 [  0   0   0   9 133 112   0   0   0]
 [  0   0   0 266  23   1   0  51   0]
 [  0   0   0  93  38   0   0 350   0]
 [  0   0   0 459  24   0   0   0   0]]
######################################################
(5460, 26) (3640, 26)

******************************************************
Decision Tree:

0.541758241758
[[191   3   4   9  73  40   4   0   7]
 [  2 186   9 121   3   3  32   1  47]
 [ 14  14 123  18   7   2  71  20  21]
 [ 10 113  19 315  10   4  35   2 139]
 [ 68  11  11  14 227  38  16   1  10]
 [ 42   1   0   2  60 192   0   1   1]
 [  7  19  61  24  15   0 128  44  19]
 [  2   3  32   6   4   0  42 375   0]
 [  2  68  25 124   8   1  28   1 235]]

******************************************************
Gaussian Naive Bayes:

0.390384615385
[[100  51  11   9  33 134   0   0   0]
 [ 14 177  15  79  36  19   0   0  78]
 [  1  13 152  29  27   0  10   4  48]
 [ 20 129  36 162  58   4   0   0 224]
 [ 86  41  13  15 157  90   3   0   2]
 [ 57   6   1   0  24 191   0   1   0]
 [ 10  59 100  19  31   6  47   5  79]
 [  1  12 108   5  66   0  56 170  27]
 [  4  90  45  36  30   6   2   1 265]]

******************************************************
Multinomial Naive Bayes:

0.173901098901
[[  0   0   0 338   0   0   0   0   0]
 [  0   0   0 418   0   0   0   0   0]
 [  0   0   0 284   0   0   0   0   0]
 [  0   0   0 633   0   0   0   0   0]
 [  0   0   0 407   0   0   0   0   0]
 [  0   0   0 280   0   0   0   0   0]
 [  0   0   0 356   0   0   0   0   0]
 [  0   0   0 445   0   0   0   0   0]
 [  0   0   0 479   0   0   0   0   0]]

******************************************************
Bernoulli Naive Bayes:

0.173901098901
[[  0   0   0 338   0   0   0   0   0]
 [  0   0   0 418   0   0   0   0   0]
 [  0   0   0 284   0   0   0   0   0]
 [  0   0   0 633   0   0   0   0   0]
 [  0   0   0 407   0   0   0   0   0]
 [  0   0   0 280   0   0   0   0   0]
 [  0   0   0 356   0   0   0   0   0]
 [  0   0   0 445   0   0   0   0   0]
 [  0   0   0 479   0   0   0   0   0]]

******************************************************
KNN:

0.569505494505
[[189   8   6  13  37  80   5   0   0]
 [ 10 261   4  93   6   0   2   0  42]
 [  5   6 172  16   6   1  57  14   7]
 [ 12 131  12 352  12   2   4   0 108]
 [111  12   7  11 191  71   3   0   1]
 [ 48   1   1   1  23 206   0   0   0]
 [  6  40  99  26  10   0 129  37   9]
 [  0   2  22   0   2   0  19 400   0]
 [  6  92  15 181   5   1   6   0 173]]

******************************************************
SVM:

0.756043956044

******************************************************
Perceptron:

0.314835164835
[[319   0   0   2   0  17   0   0   0]
 [126   0   0 292   0   0   0   0   0]
 [126   0   0  88   0   0   0   3  67]
 [123   0   0 493   0   0   0   0  17]
 [349   0   0   8  44   6   0   0   0]
 [257   0   0   0   0  23   0   0   0]
 [127   0   0 169   1   0   0   5  54]
 [146   0   0  29   0   0   0 255  15]
 [ 72   0   0 395   0   0   0   0  12]]

******************************************************
LDA:

0.644230769231
[[246   5  15  15  22  35   0   0   0]
 [  0 223   7  84   3   0  19   0  82]
 [  6   6 180   3   3   0  63  19   4]
 [ 18  95   7 396   3   6   9   1  98]
 [ 64   1   7   8 244  82   1   0   0]
 [ 33   1   3   1  26 215   1   0   0]
 [  2  20  66  22   7   1 190  34  14]
 [  0   0  29   0   0   0  28 388   0]
 [  7  62  15 117   7   0   8   0 263]]

******************************************************
Logistic Regression - ovr:

0.350824175824
[[ 17   0   0  60 217  44   0   0   0]
 [  0   0   0 365  53   0   0   0   0]
 [  0   0   0 225  12   0   0  47   0]
 [  8   0   0 576  48   1   0   0   0]
 [ 19   0   0  82 281  25   0   0   0]
 [ 31   0   0   8 183  58   0   0   0]
 [  1   0   0 278  28   0   0  49   0]
 [  0   0   0  77  23   0   0 345   0]
 [  0   0   0 451  28   0   0   0   0]]

******************************************************
Logistic Regression - mul:

0.359065934066
[[ 23   0   0  55 208  52   0   0   0]
 [  0   0   0 361  57   0   0   0   0]
 [  0   0   0 190  14   0   0  80   0]
 [  9   0   0 567  52   1   0   1   3]
 [ 28   0   0  68 271  38   0   2   0]
 [ 40   0   0   8 149  83   0   0   0]
 [  1   0   0 234  32   0   0  89   0]
 [  0   0   0  53  29   0   0 363   0]
 [  0   0   0 451  28   0   0   0   0]]
######################################################
(5460, 26) (3640, 26)

******************************************************
Decision Tree:

0.538736263736
[[164   9   6   8  55  53  10   1   8]
 [  9 196   8 122   6   2  22   3  62]
 [  8   7 120  20   7   3  80  24  13]
 [  7 102  14 309   7   1  29   3 118]
 [ 77   8  15  19 217  56  10   5   3]
 [ 52   2   0   1  55 162   0   0   1]
 [ 12  23  64  29  17   0 142  43  26]
 [  2   1  31   0   2   1  39 407   1]
 [  2  66  23 136  10   1  18   1 244]]

******************************************************
Gaussian Naive Bayes:

0.393956043956
[[101  43   8   9  28 143   0   1   0]
 [ 13 177  17  83  35  21   0   1  67]
 [  0  25 163  28  23   0   7   9  26]
 [ 17 141  52 161  50   5   0   0 218]
 [ 65  49  11  12 142  93   3   1   0]
 [ 48   3   2   0  19 205   1   1   0]
 [  8  73 112  25  31   5  45   6  45]
 [  0  16 140   4  68   0  79 173   7]
 [  4 109  49  27  19   0   0   1 267]]

******************************************************
Multinomial Naive Bayes:

0.176923076923
[[  0   0   0 333   0   0   0   0   0]
 [  0   0   0 414   0   0   0   0   0]
 [  0   0   0 281   0   0   0   0   0]
 [  0   0   0 644   0   0   0   0   0]
 [  0   0   0 376   0   0   0   0   0]
 [  0   0   0 279   0   0   0   0   0]
 [  0   0   0 350   0   0   0   0   0]
 [  0   0   0 487   0   0   0   0   0]
 [  0   0   0 476   0   0   0   0   0]]

******************************************************
Bernoulli Naive Bayes:

0.176923076923
[[  0   0   0 333   0   0   0   0   0]
 [  0   0   0 414   0   0   0   0   0]
 [  0   0   0 281   0   0   0   0   0]
 [  0   0   0 644   0   0   0   0   0]
 [  0   0   0 376   0   0   0   0   0]
 [  0   0   0 279   0   0   0   0   0]
 [  0   0   0 350   0   0   0   0   0]
 [  0   0   0 487   0   0   0   0   0]
 [  0   0   0 476   0   0   0   0   0]]

******************************************************
KNN:

0.583791208791
[[184   9  10   1  55  72   2   0   0]
 [ 11 273   8  88   1   0   5   0  28]
 [ 16  10 167   7   5   0  46  24   6]
 [ 17 122   8 368   5   1   8   0 115]
 [ 86  11   8   9 190  66   6   0   0]
 [ 54   0   1   0  24 200   0   0   0]
 [ 10  35 117  18   8   0 116  33  13]
 [  0   1  19   2   2   0  39 424   0]
 [  5  81  13 162   4   0   8   0 203]]

******************************************************
SVM:

0.76456043956

******************************************************
Perceptron:

0.362637362637
[[311   0   0   3   1   0   0  18   0]
 [ 60   0   0 265   1   0   0  87   1]
 [ 16   0   0   2   0   0   0 262   1]
 [ 67   0   0 445   1   0   0 108  23]
 [253   0   0   9  43   0   0  71   0]
 [269   0   0   0   3   0   0   7   0]
 [ 14   0   0   9   1   0   0 325   1]
 [  0   0   0   0   1   0   0 486   0]
 [ 21   0   0 330   1   0   0  89  35]]

******************************************************
LDA:

0.667307692308
[[251   5  11   7  26  32   1   0   0]
 [  2 207   7  84   2   0  13   0  99]
 [  8   7 175   2   5   0  60  22   2]
 [ 16  77   7 414   1  10   7   1 111]
 [ 60   1   4   7 242  61   0   1   0]
 [ 33   0   3   1  20 222   0   0   0]
 [  4  16  76  12   6   0 195  29  12]
 [  0   1  23   0   0   0  23 440   0]
 [  7  61  12 103   1   1   8   0 283]]

******************************************************
Logistic Regression - ovr:

0.339285714286
[[  0   0   0  47 261  25   0   0   0]
 [  0   0   0 356  58   0   0   0   0]
 [  0   0   0 244  11   0   0  26   0]
 [  0   0   0 587  56   1   0   0   0]
 [  0   0   0  89 277  10   0   0   0]
 [  0   0   0   9 234  36   0   0   0]
 [  0   0   0 304  29   0   0  17   0]
 [  0   0   0 122  30   0   0 335   0]
 [  0   0   0 458  18   0   0   0   0]]

******************************************************
Logistic Regression - mul:

0.355769230769
[[  0   0   0  44 239  50   0   0   0]
 [  0   0   0 355  59   0   0   0   0]
 [  0   0   0 212  14   0   0  55   0]
 [  6   0   0 583  53   2   0   0   0]
 [  0   0   0  84 271  21   0   0   0]
 [  0   0   0   8 204  67   0   0   0]
 [  1   0   0 276  28   0   0  45   0]
 [  0   0   0  83  30   0   0 374   0]
 [  1   0   0 458  17   0   0   0   0]]
######################################################
(5460, 26) (3640, 26)

******************************************************
Decision Tree:

0.546978021978
[[188   7   8  10  67  56   4   0   4]
 [ 10 193   8  89  12   3  23   6  63]
 [  3  12 140  29   8   1  82  27  25]
 [  9  99  19 317  16   1  20   3 154]
 [ 50  16  10   8 218  67   8   4   9]
 [ 49   3   2   3  37 160   0   1   0]
 [  7  13  66  34  11   0 148  41  18]
 [  1   1  22   2   8   1  33 399   2]
 [  6  52  12 143   9   0  22   0 228]]

******************************************************
Gaussian Naive Bayes:

0.394505494505
[[102  51  11   4  24 131   0   0   0]
 [ 11 176  14  73  28  28   0   0  66]
 [  1  18 162  34  24   0   3   4  41]
 [ 14 159  44 158  51   6   0   0 203]
 [ 74  43  15  13 146  92   1   1   1]
 [ 48   6   2   0  26 207   0   0   0]
 [  8  73 109  36  21   0  26   5  62]
 [  1  18 136   7  78   0  49 181  11]
 [  4 110  39  41  28   3   0   0 278]]

******************************************************
Multinomial Naive Bayes:

0.174450549451
[[  0   0   0 323   0   0   0   0   0]
 [  0   0   0 396   0   0   0   0   0]
 [  0   0   0 287   0   0   0   0   0]
 [  0   0   0 635   0   0   0   0   0]
 [  0   0   0 386   0   0   0   0   0]
 [  0   0   0 289   0   0   0   0   0]
 [  0   0   0 340   0   0   0   0   0]
 [  0   0   0 481   0   0   0   0   0]
 [  0   0   0 503   0   0   0   0   0]]

******************************************************
Bernoulli Naive Bayes:

0.174450549451
[[  0   0   0 323   0   0   0   0   0]
 [  0   0   0 396   0   0   0   0   0]
 [  0   0   0 287   0   0   0   0   0]
 [  0   0   0 635   0   0   0   0   0]
 [  0   0   0 386   0   0   0   0   0]
 [  0   0   0 289   0   0   0   0   0]
 [  0   0   0 340   0   0   0   0   0]
 [  0   0   0 481   0   0   0   0   0]
 [  0   0   0 503   0   0   0   0   0]]

******************************************************
KNN:

0.587912087912
[[210   8   4   3  31  65   2   0   0]
 [ 13 258   6  76   3   1   4   0  35]
 [ 10  10 176   7   5   0  58  14   7]
 [ 15 117  11 363   8   0   6   1 114]
 [110   6  16  14 179  58   2   0   1]
 [ 54   1   2   0  24 208   0   0   0]
 [  6  37 105  22   7   0 141  13   9]
 [  0   2  30   0   2   0  27 420   0]
 [ 11  99  10 187   6   0   5   0 185]]

******************************************************
SVM:

0.766483516484

******************************************************
Perceptron:

0.327472527473
[[303   0   0   2   0   0   0  18   0]
 [ 85   0   0 201   0   0   0 110   0]
 [ 17   0   0   0   0   0   0 270   0]
 [ 72   0   0 399   0   0   0 164   0]
 [298   0   0   3  10   0   0  75   0]
 [283   0   0   0   0   0   0   6   0]
 [ 16   0   0   8   0   0   0 316   0]
 [  1   0   0   0   0   0   0 480   0]
 [ 42   0   0 333   0   0   0 128   0]]

******************************************************
LDA:

0.655769230769
[[240   2  13   9  18  41   0   0   0]
 [  2 223   6  61   5   0  19   0  80]
 [  4  10 179   2   6   0  65  15   6]
 [ 20  91   7 408   1   3   4   0 101]
 [ 65   0   6   6 250  56   3   0   0]
 [ 32   1   3   0  29 224   0   0   0]
 [  2  24  75  16   5   0 179  22  17]
 [  0   0  33   0   0   0  30 418   0]
 [  8  73  13 129   5   1   8   0 266]]

******************************************************
Logistic Regression - ovr:

0.342307692308
[[ 21   0   0  53 232  17   0   0   0]
 [  0   0   0 340  56   0   0   0   0]
 [  0   0   0 253  12   0   0  22   0]
 [  4   0   0 588  43   0   0   0   0]
 [ 14   0   0  82 284   6   0   0   0]
 [ 19   0   0   7 238  25   0   0   0]
 [  0   0   0 293  17   0   0  30   0]
 [  0   0   0 118  35   0   0 328   0]
 [  0   0   0 482  21   0   0   0   0]]

******************************************************
Logistic Regression - mul:

0.356318681319
[[ 27   0   0  46 216  34   0   0   0]
 [  0   0   0 338  58   0   0   0   0]
 [  0   0   0 217  12   0   0  58   0]
 [  4   0   0 584  46   1   0   0   0]
 [ 16   0   0  77 276  17   0   0   0]
 [ 33   0   0   6 202  48   0   0   0]
 [  0   0   0 265  17   0   0  58   0]
 [  0   0   0  83  36   0   0 362   0]
 [  1   0   0 480  22   0   0   0   0]]
######################################################
(5460, 26) (3640, 26)

******************************************************
Decision Tree:

0.554120879121
[[187   5   6  16  72  48   9   1   9]
 [  6 200  14  86  11   1  13   5  61]
 [  7   7 128  19   8   1  79  26  15]
 [  9  98  24 325  16   0  34   0 134]
 [ 59  10  10  14 219  52  12   2   9]
 [ 56   2   4   0  49 173   0   0   0]
 [  3  20  81  26  13   0 158  40  21]
 [  2   2  21   4   4   2  39 404   0]
 [  3  65  20 116   6   0  15   1 223]]

******************************************************
Gaussian Naive Bayes:

0.400549450549
[[112  37   8   4  30 141   0   0   0]
 [ 18 178  13  57  30  23   0   0  90]
 [  0  16 179  32  23   0   5   4  49]
 [ 19 120  36 126  42   5   0   0 258]
 [ 69  47  17  16 154  92   3   0   0]
 [ 49   3   1   0  20 203   1   0   0]
 [  7  50 107  42  34   4  36  13  66]
 [  2  11 153   9  67   0  26 196  15]
 [  4  93  40  28  26   4   3   0 274]]

******************************************************
Multinomial Naive Bayes:

0.166483516484
[[  0   0   0 332   0   0   0   0   0]
 [  0   0   0 409   0   0   0   0   0]
 [  0   0   0 308   0   0   0   0   0]
 [  0   0   0 606   0   0   0   0   0]
 [  0   0   0 398   0   0   0   0   0]
 [  0   0   0 277   0   0   0   0   0]
 [  0   0   0 359   0   0   0   0   0]
 [  0   0   0 479   0   0   0   0   0]
 [  0   0   0 472   0   0   0   0   0]]

******************************************************
Bernoulli Naive Bayes:

0.166483516484
[[  0   0   0 332   0   0   0   0   0]
 [  0   0   0 409   0   0   0   0   0]
 [  0   0   0 308   0   0   0   0   0]
 [  0   0   0 606   0   0   0   0   0]
 [  0   0   0 398   0   0   0   0   0]
 [  0   0   0 277   0   0   0   0   0]
 [  0   0   0 359   0   0   0   0   0]
 [  0   0   0 479   0   0   0   0   0]
 [  0   0   0 472   0   0   0   0   0]]

******************************************************
KNN:

0.589285714286
[[199  10   7   2  34  79   1   0   0]
 [  7 271   4  86   5   0   6   0  30]
 [  6  12 187   7   6   0  64  15  11]
 [ 13 110   7 343  10   3   3   0 117]
 [108   8  14  15 176  69   7   0   1]
 [ 40   1   2   0  22 212   0   0   0]
 [  7  27  96  29  11   0 140  43   6]
 [  0   0  25   1   1   0  32 420   0]
 [ 11  82  11 161   6   0   4   0 197]]

******************************************************
SVM:

0.766208791209

******************************************************
Perceptron:

0.186263736264
[[  5   0   0 323   0   4   0   0   0]
 [  0   0   0 409   0   0   0   0   0]
 [  0   0   0 308   0   0   0   0   0]
 [  0   0   0 606   0   0   0   0   0]
 [  4   0   0 359  35   0   0   0   0]
 [ 14   0   0 250   3  10   0   0   0]
 [  0   0   0 359   0   0   0   0   0]
 [  0   0   0 457   0   0   0  22   0]
 [  0   0   0 472   0   0   0   0   0]]

******************************************************
LDA:

0.654945054945
[[258   6   9   6  16  36   1   0   0]
 [  2 214   6  82   5   0   9   0  91]
 [  5   8 180   4   2   0  80  23   6]
 [ 23  73   4 400   1   4   5   1  95]
 [ 78   0   7   5 240  67   0   1   0]
 [ 29   2   2   1  21 222   0   0   0]
 [  5  16  70  13   5   1 194  45  10]
 [  0   0  29   0   0   0  30 420   0]
 [ 11  72   8 112   3   1   9   0 256]]

******************************************************
Logistic Regression - ovr:

0.33021978022
[[  0   0   0  53 249  30   0   0   0]
 [  0   0   0 359  50   0   0   0   0]
 [  0   0   0 278  12   0   0  18   0]
 [  3   0   0 556  46   1   0   0   0]
 [  0   0   0  93 290  15   0   0   0]
 [  1   0   0   9 216  51   0   0   0]
 [  2   0   0 320  17   0   0  20   0]
 [  0   0   0 146  28   0   0 305   0]
 [  0   0   0 450  22   0   0   0   0]]

******************************************************
Logistic Regression - mul:

0.349175824176
[[  7   0   0  48 226  51   0   0   0]
 [  0   0   0 355  54   0   0   0   0]
 [  0   0   0 239  13   0   0  54   2]
 [  6   0   0 551  47   1   0   0   1]
 [  5   0   0  83 290  20   0   0   0]
 [  2   0   0   7 195  73   0   0   0]
 [  2   0   0 283  20   0   0  53   1]
 [  0   0   0 103  28   0   0 348   0]
 [  1   0   0 445  24   0   0   0   2]]
######################################################
(5460, 26) (3640, 26)

******************************************************
Decision Tree:

0.535989010989
[[185   5  13  12  73  48   7   1   8]
 [  7 190  15 101   9   6  31   3  67]
 [  4   7 119  17   5   0  71  24  21]
 [  7 125  16 321  10   0  23   2 141]
 [ 62   8  14  17 229  45  13  11   6]
 [ 46   2   1   2  57 172   1   0   0]
 [  2  26  74  27  11   0 131  43  13]
 [  0   4  29   1   0   1  36 375   1]
 [ 11  69  19 117  18   1  22   0 229]]

******************************************************
Gaussian Naive Bayes:

0.394230769231
[[ 96  49   8   7  25 139   0   0   0]
 [ 16 168  12 112  29  21   0   0  78]
 [  0  19 156  29  34   0  11   7  44]
 [ 16 114  38 161  54  10   0   0 222]
 [ 85  52  11  15 148  96   4   1   0]
 [ 49   6   3   0  22 192   1   0   0]
 [ 11  62  96  26  32   3  52   1  52]
 [  2  22 111   1  70   0  62 176  15]
 [  3 100  26  33  34   3   0   1 286]]

******************************************************
Multinomial Naive Bayes:

0.168956043956
[[  0   0   0 324   0   0   0   0   0]
 [  0   0   0 436   0   0   0   0   0]
 [  0   0   0 300   0   0   0   0   0]
 [  0   0   0 615   0   0   0   0   0]
 [  0   0   0 412   0   0   0   0   0]
 [  0   0   0 273   0   0   0   0   0]
 [  0   0   0 335   0   0   0   0   0]
 [  0   0   0 459   0   0   0   0   0]
 [  0   0   0 486   0   0   0   0   0]]

******************************************************
Bernoulli Naive Bayes:

0.168956043956
[[  0   0   0 324   0   0   0   0   0]
 [  0   0   0 436   0   0   0   0   0]
 [  0   0   0 300   0   0   0   0   0]
 [  0   0   0 615   0   0   0   0   0]
 [  0   0   0 412   0   0   0   0   0]
 [  0   0   0 273   0   0   0   0   0]
 [  0   0   0 335   0   0   0   0   0]
 [  0   0   0 459   0   0   0   0   0]
 [  0   0   0 486   0   0   0   0   0]]

******************************************************
KNN:

0.586263736264
[[186   9   6   7  30  85   0   0   1]
 [  7 278   1 100   1   1  10   0  38]
 [ 10  10 179   8  10   0  61  17   5]
 [ 18 105   8 376  13   1   5   0  89]
 [106  14   5   8 189  84   6   0   0]
 [ 44   2   2   1  21 203   0   0   0]
 [  9  28  87  26  10   0 135  25  15]
 [  0   1  25   1   2   0  25 405   0]
 [  7  81   9 195   6   0   5   0 183]]

******************************************************
SVM:

0.753571428571

******************************************************
Perceptron:

0.31978021978
[[255   0   0   4  65   0   0   0   0]
 [ 10   0   0 318  87   0   0   0  21]
 [ 29   0   0  36  97   0  37   1 100]
 [ 44   0   0 392  77   0   0   0 102]
 [182   0   0  12 216   0   0   0   2]
 [218   0   0   0  55   0   0   0   0]
 [ 37   0   0  77  80   0  54   0  87]
 [  3   0   0  10 174   0 153 109  10]
 [ 15   0   0 280  53   0   0   0 138]]

******************************************************
LDA:

0.640934065934
[[235   7   7   7  19  48   1   0   0]
 [  2 222   5  86   1   0  17   0 103]
 [  8  14 169   4   2   0  79  17   7]
 [ 22  87   6 387   2   8   9   1  93]
 [ 66   1   6   6 255  78   0   0   0]
 [ 23   1   3   0  27 219   0   0   0]
 [  4  22  61  20   9   0 177  30  12]
 [  0   2  23   0   0   0  23 411   0]
 [  6  72   7 129   4   0  10   0 258]]

******************************************************
Logistic Regression - ovr:

0.336813186813
[[ 25   0   0  56 180  63   0   0   0]
 [  0   0   0 389  47   0   0   0   0]
 [  0   0   0 260  13   0   0  27   0]
 [ 13   0   0 559  41   2   0   0   0]
 [ 30   0   0  90 250  42   0   0   0]
 [ 32   0   0  12 150  79   0   0   0]
 [  0   0   0 284  24   0   0  27   0]
 [  0   0   0 115  31   0   0 313   0]
 [  0   0   0 463  23   0   0   0   0]]

******************************************************
Logistic Regression - mul:

0.350274725275
[[ 38   0   0  44 168  74   0   0   0]
 [  0   0   0 385  50   1   0   0   0]
 [  0   0   0 232  14   0   0  54   0]
 [ 15   0   0 553  44   3   0   0   0]
 [ 37   0   0  81 241  53   0   0   0]
 [ 43   0   0  12 121  97   0   0   0]
 [  0   0   0 258  28   0   0  49   0]
 [  0   0   0  75  38   0   0 346   0]
 [  0   0   0 462  24   0   0   0   0]]
######################################################
######################################################
DT: 
[ 0.54258242  0.56153846  0.54340659  0.54917582  0.54285714  0.54175824
  0.53873626  0.54697802  0.55412088  0.53598901]
0.545714285714
gnb: 
[ 0.39340659  0.38516484  0.39313187  0.41318681  0.39065934  0.39038462
  0.39395604  0.39450549  0.40054945  0.39423077]
0.394917582418
mnb: 
[ 0.1760989   0.16401099  0.17774725  0.16813187  0.17225275  0.1739011
  0.17692308  0.17445055  0.16648352  0.16895604]
0.171895604396
bnb: 
[ 0.1760989   0.16401099  0.17774725  0.16813187  0.17225275  0.1739011
  0.17692308  0.17445055  0.16648352  0.16895604]
0.171895604396
knn: 
[ 0.56620879  0.57637363  0.59065934  0.58406593  0.57445055  0.56950549
  0.58379121  0.58791209  0.58928571  0.58626374]
0.580851648352
svm: 
[ 0.75824176  0.76236264  0.76346154  0.76813187  0.75412088  0.75604396
  0.76456044  0.76648352  0.76620879  0.75357143]
0.761318681319
per: 
[ 0.225       0.17307692  0.35054945  0.22087912  0.23296703  0.31483516
  0.36263736  0.32747253  0.18626374  0.31978022]
0.271346153846
lda: 
[ 0.64587912  0.6521978   0.66098901  0.65961538  0.64120879  0.64423077
  0.66730769  0.65576923  0.65494505  0.64093407]
0.652307692308
lr_ovr: 
[ 0.34752747  0.33076923  0.35824176  0.29368132  0.34175824  0.35082418
  0.33928571  0.34230769  0.33021978  0.33681319]
0.337142857143
lr_mul: 
[ 0.35906593  0.34917582  0.36950549  0.325       0.35961538  0.35906593
  0.35576923  0.35631868  0.34917582  0.35027473]
0.353296703297
