Starting read from Train file...
(9100, 65)
train.shape = (9100, 64)
train_labels.shape = (9100, 1)
(5460, 64) (3640, 64)

******************************************************
Decision Tree:

0.470879120879
[[ 76  59  32  24  48  37  39  14  53]
 [ 46 147  51  10  12  22  46  46  43]
 [ 25  39  73  26   2  11  39   5  60]
 [ 28  12  21 403  26   3  22   2 106]
 [ 27  11   5  28 236  67   6   0   9]
 [ 37  16   6   3  61 135   5  13   8]
 [ 26  25  41  31   8   3 111  34  69]
 [ 17  33   9   0   2   8  15 373   6]
 [ 26  42  58  97  21   5  37   2 160]]

******************************************************
Gaussian Naive Bayes:

0.392032967033
[[ 10  57   5  74   2  57  54  22  27]
 [  1  85   4  30   0  51 134  62  17]
 [  0  59   8  47   0  35 117   7  23]
 [  5   3   2 524   4   2  18   0  64]
 [ 20   9   1 156  71  91  13   3  52]
 [ 35  45   2   8   4 156  16   9  16]
 [  3  45   5  82   0  14 140  12  19]
 [  0  14   0   5   0  23  78 366   3]
 [  2  44  17 253   0  17 111   3  67]]

******************************************************
KNN:
---------------------
KNN ==  5 :

0.486538461538
[[ 79  65  28  29  26  24  13  16  28]
 [ 79 159  38  12   4  14  16  26  36]
 [ 53  95  41  22   2   3  34   5  41]
 [ 26   6  15 472  23   0  13   0  67]
 [ 44  11   3  47 245  55   6   3   2]
 [ 40  31   6   4  57 145   2   4   2]
 [ 34  67  48  16   4   6  94  15  36]
 [ 11  32   6   0   5   4  22 408   1]
 [ 55  60  54 152   9   7  48   1 128]]
---------------------
KNN ==  9 :

0.512362637363
[[ 73  71  18  28  29  31  10  21  27]
 [ 65 183  22  16   3  15  16  33  31]
 [ 44  96  51  22   1   5  34   4  39]
 [ 20   7   8 500  19   0  14   0  54]
 [ 37  15   0  51 239  68   3   2   1]
 [ 34  30   3   6  46 160   1   9   2]
 [ 19  61  40  18   5   4 107  18  48]
 [  6  31   4   0   5   5  25 413   0]
 [ 40  63  55 157  11   4  42   3 139]]
---------------------
KNN ==  11 :

0.51510989011
[[ 60  75  21  30  31  36   9  19  27]
 [ 52 189  28  16   2  15  18  35  29]
 [ 38  95  51  25   1   5  35   8  38]
 [ 14   6  13 497  21   0  14   0  57]
 [ 35  15   1  51 241  68   3   2   0]
 [ 34  30   2   7  45 165   1   7   0]
 [ 15  67  40  18   5   6 106  22  41]
 [  6  31   2   0   4   7  28 411   0]
 [ 31  67  57 148  12   4  37   3 155]]
---------------------
KNN ==  13 :

0.517032967033
[[ 55  80  22  32  27  35  12  20  25]
 [ 57 189  28  15   1  11  16  37  30]
 [ 35  98  47  19   3   4  39  10  41]
 [ 18  11  10 495  20   1  11   0  56]
 [ 32  15   1  50 244  68   3   2   1]
 [ 28  30   2   7  47 166   1   9   1]
 [ 12  60  43  16   7   7 108  23  44]
 [  4  28   4   0   5   7  28 413   0]
 [ 27  63  57 155   8   2  34   3 165]]

******************************************************
SVM:

0.673351648352

******************************************************
Perceptron:

0.341758241758
[[  0 202   0  70  21  15   0   0   0]
 [  0 342   0  39   0   2   0   0   1]
 [  0 244   0  49   0   2   0   0   1]
 [  0  33   0 588   0   1   0   0   0]
 [  0  61   0 118 189  48   0   0   0]
 [  0 134   0  10  29 118   0   0   0]
 [  0 254   0  50   2   6   0   0   8]
 [  0 476   0   0   5   6   0   2   0]
 [  0 209   0 298   1   1   0   0   5]]

******************************************************
LDA:

0.637637362637
[[126  56   2   8  44  26  13   1  32]
 [ 30 231  17   7   3   6  20  31  39]
 [  5  71  86  11   2   0  49   3  69]
 [  1   1   2 480  16   0  38   0  84]
 [ 60   6   3  33 284  21   3   1   5]
 [ 32   4   0   0   9 246   0   0   0]
 [  2  28  29   8   8   0 179   9  57]
 [  0  19   0   0   4   0  28 438   0]
 [  3  40  39 125   8   0  45   3 251]]

******************************************************
Logistic Regression - ovr:

0.399450549451
[[  6  29   0  76  58   0   0 107  32]
 [  4  66   0  64   3   0   0 189  58]
 [  1  37   0  62   4   0   0 119  73]
 [  0   3   0 580  18   0   0   5  16]
 [  0  13   0 126 229   6   0  38   4]
 [  6  22   0  28 140   3   0  89   3]
 [  0  27   0  61  13   0   0 133  86]
 [  2   2   0   0  15   0   0 467   3]
 [  0  35   0 311   9   0   0  56 103]]

******************************************************
Logistic Regression - mul:

0.426373626374
[[ 18  46   0  59  50   4   0  88  43]
 [  8  96   0  38   2   1   0 163  76]
 [  3  71   0  32   3   1   0  92  94]
 [  0   5   0 563  12   0   0   3  39]
 [  2  16   0 118 221  21   0  30   8]
 [ 27  31   0  19 106  36   0  65   7]
 [  3  54   0  40  13   0   0 112  98]
 [  7   6   0   0  11   8   0 455   2]
 [  2  65   0 238   9   0   0  37 163]]
######################################################
(5460, 64) (3640, 64)

******************************************************
Decision Tree:

0.476098901099
[[ 84  54  25  26  45  34  30  13  41]
 [ 62 151  51   6   6  23  30  38  28]
 [ 33  47  85  26   8  11  50   8  64]
 [ 36   6  15 393  35   2  25   0 114]
 [ 30  12  13  25 219  56   8   1   8]
 [ 28  21   7   5  64 135   8   6   9]
 [ 24  35  37  28   7   6 109  22  46]
 [ 15  43   5   1   3   4  18 377   8]
 [ 34  39  47 112  18   8  52   2 180]]

******************************************************
Gaussian Naive Bayes:

0.388186813187
[[  9  65   3  83   1  65  58  23  39]
 [  1  92   4  29   0  72 130  64  16]
 [  1  56   3  47   0  43 107   5  23]
 [  4   7   3 519   1   1  20   0  67]
 [ 32  16   2 137  70  90   9   1  48]
 [ 30  30   2   9   9 162  14   6  17]
 [  5  66   1  66   0  21 146   8  17]
 [  0   9   0   1   0  27  84 346   0]
 [  3  40  14 253   0  23  97   2  66]]

******************************************************
KNN:
---------------------
KNN ==  5 :

0.476923076923
[[ 73  69  34  40  24  39  17  17  33]
 [ 68 175  45  15  10   7  27  36  25]
 [ 47  81  62  17   2   3  33   3  37]
 [ 29  14  13 466  12   1  16   0  71]
 [ 41  22   4  37 213  75   2   2   9]
 [ 42  25   5   4  51 141   3   5   3]
 [ 42  55  51  25   7   8  90  16  36]
 [  8  24   3   0   0  14  21 397   0]
 [ 47  56  46 171   7   4  45   3 119]]
---------------------
KNN ==  9 :

0.499725274725
[[ 64  73  33  43  28  42  12  22  29]
 [ 51 183  30  11   6  10  24  52  41]
 [ 42  86  55  16   0   4  34   4  44]
 [ 26   6  11 480  11   1  18   0  69]
 [ 32  23   4  41 215  82   1   2   5]
 [ 30  27   4   6  35 169   1   4   3]
 [ 31  53  50  22   7   8 104  17  38]
 [  7  29   3   0   1  10  15 402   0]
 [ 33  48  49 162  10   3  42   4 147]]
---------------------
KNN ==  11 :

0.503571428571
[[ 64  74  34  39  30  38  13  22  32]
 [ 45 187  31  11   3  10  27  56  38]
 [ 31  94  51  16   1   5  33   5  49]
 [ 19   9  10 487  11   1  17   0  68]
 [ 33  20   5  47 212  80   1   2   5]
 [ 27  27   3   3  33 176   1   7   2]
 [ 27  64  50  23   6   8  98  18  36]
 [  7  25   4   0   1   9  15 406   0]
 [ 27  44  59 158   9   4  40   5 152]]
---------------------
KNN ==  13 :

0.507142857143
[[ 64  73  32  39  31  43  10  23  31]
 [ 44 191  32  12   3   8  29  56  33]
 [ 28  93  56  15   0   5  38   3  47]
 [ 16   8  10 488  12   2  16   0  70]
 [ 31  19   5  45 216  82   1   2   4]
 [ 26  25   3   4  34 176   1   8   2]
 [ 21  65  47  23   8   8 102  17  39]
 [  7  23   3   0   1   9  18 406   0]
 [ 33  49  53 162   9   2  40   3 147]]

******************************************************
SVM:

0.651648351648

******************************************************
Perceptron:

0.365659340659
[[ 81   0   0 135   4   9   0 115   2]
 [104   0   0 108   0  10   0 186   0]
 [ 61   0   0 118   0   0   0 101   5]
 [  8   0   0 602   0   0   0   9   3]
 [ 38   0   0 157  74 105   0  31   0]
 [ 67   0   0  25   2 105   0  80   0]
 [ 54   0   0 115   0   2   2 156   1]
 [  2   0   0   2   0   0   0 463   0]
 [ 64   0   0 382   0   1   0  47   4]]

******************************************************
LDA:

0.627747252747
[[146  55   3  17  41  31   6   0  47]
 [ 39 243  20   2   4   3  20  29  48]
 [  1  70  84   4   0   1  46   2  77]
 [  1   0   0 458   9   0  44   0 110]
 [ 60  10   4  28 269  25   0   2   7]
 [ 30   3   0   0  14 232   0   0   0]
 [  8  29  34  10  10   0 166   6  67]
 [  0  17   0   0   1   0  28 421   0]
 [  6  29  27 111   9   0  44   6 266]]

******************************************************
Logistic Regression - ovr:

0.386538461538
[[  1  12   0  90  64   0   0 133  46]
 [  0  18   0  61   4   0   0 237  88]
 [  0   4   0  49   4   0   0 124 104]
 [  0   1   0 572  13   0   0   7  29]
 [  0  10   0 116 226   1   0  44   8]
 [  3   8   0  24 132   4   0 103   5]
 [  0   6   0  54  16   0   0 157  97]
 [  0   1   0   0   8   0   0 456   2]
 [  0   9   0 286  10   0   0  63 130]]

******************************************************
Logistic Regression - mul:

0.414010989011
[[  9  40   0  74  56   8   0 106  53]
 [  5  61   0  30   4   1   0 198 109]
 [  3  36   0  29   3   1   0  96 117]
 [  1   3   0 546  10   0   0   6  56]
 [  2  13   0 106 218  19   0  32  15]
 [  5  19   0  17 104  44   0  80  10]
 [  4  29   0  30  14   1   0 141 111]
 [  4   3   0   0   4   5   0 448   3]
 [  3  27   0 228  10   0   0  49 181]]
######################################################
(5460, 64) (3640, 64)

******************************************************
Decision Tree:

0.460714285714
[[ 59  45  39  23  35  36  30  12  24]
 [ 66 157  45  10  11  32  38  50  38]
 [ 26  64  74  22   5   8  47  10  50]
 [ 29   7  17 396  26   3  23   1  95]
 [ 42  14   6  34 211  52   6   5   9]
 [ 27  27   7   5  73 136   4   6   6]
 [ 28  46  43  19   7  11 112  27  54]
 [  9  37   8   1   5  10  27 371  11]
 [ 43  37  58 117  16  10  46   3 161]]

******************************************************
Gaussian Naive Bayes:

0.391758241758
[[  7  50   0  74   1  64  72  19  42]
 [  0 117   0  29   0  57 150  68  13]
 [  0  65   2  50   0  45 106   9  20]
 [  5   5   2 530   3   1  17   0  64]
 [ 33  16   2 131  44 117   9   1  36]
 [ 39  46   0   7   2 154  17  13  20]
 [  3  53   1  85   0  18 140  15  18]
 [  0  13   0   4   0  35  68 363   2]
 [  4  35  10 212   0  16  95   7  69]]

******************************************************
KNN:
---------------------
KNN ==  5 :

0.482142857143
[[ 75  78  28  28  32  26   8  16  38]
 [ 78 196  49  13   5  17  22  29  25]
 [ 58  73  54  30   1   3  24   7  47]
 [ 22  12  10 457  17   1  14   0  94]
 [ 32  15   1  33 210  87   3   4   4]
 [ 51  30   2   5  53 142   0  14   1]
 [ 44  55  44  27   5   4  91  21  42]
 [ 19  23   3   0   5   8  17 409   1]
 [ 42  53  60 136   3   3  27   3 121]]
---------------------
KNN ==  9 :

0.511263736264
[[ 74  73  28  27  38  30  11  16  32]
 [ 66 209  41  11   4  16  20  32  35]
 [ 42  89  59  18   1   3  22   7  56]
 [ 14  12  11 487  15   1   6   0  81]
 [ 26  22   1  31 210  89   3   2   5]
 [ 44  29   2   3  39 165   0  12   4]
 [ 45  52  35  22   5   5 100  25  44]
 [  9  22   1   0   4  10  19 420   0]
 [ 30  46  55 142   4   1  27   6 137]]
---------------------
KNN ==  11 :

0.511813186813
[[ 65  79  26  28  36  32  11  18  34]
 [ 60 221  37  12   2  15  23  35  29]
 [ 37  95  53  18   2   1  24   9  58]
 [ 14  12  10 485  18   0   5   0  83]
 [ 22  20   2  38 206  91   2   3   5]
 [ 37  31   3   3  37 171   1  11   4]
 [ 33  55  43  22   4   7 107  22  40]
 [  7  23   2   0   5   9  20 418   1]
 [ 23  53  55 138   5   1  30   6 137]]
---------------------
KNN ==  13 :

0.511813186813
[[ 65  78  24  29  32  34  16  19  32]
 [ 58 207  49  13   3  13  21  37  33]
 [ 41  92  49  15   2   2  28   8  60]
 [ 13   9   6 492  17   1  11   0  78]
 [ 21  17   2  36 208  91   1   4   9]
 [ 36  40   2   5  31 171   1   8   4]
 [ 32  56  39  24   4   5 110  21  42]
 [  5  19   1   0   5  12  22 420   1]
 [ 25  54  45 136   6   1  36   4 141]]

******************************************************
SVM:

0.667307692308

******************************************************
Perceptron:

0.367307692308
[[  0   0   7 155  46   0   0 121   0]
 [  0   0  14 152  14   0   0 254   0]
 [  0   0  32 143   4   0   0 118   0]
 [  0   0   3 616   1   0   0   7   0]
 [  0   0   0 149 213   0   0  27   0]
 [  0   0   0  44 177   0   0  77   0]
 [  0   0  24 151   7   0   0 151   0]
 [  0   0   1   1   7   0   0 476   0]
 [  0   0  27 366   3   0   0  52   0]]

******************************************************
LDA:

0.631318681319
[[112  56   7  12  54  33  11   1  43]
 [ 38 260  18   4   3   4  28  42  37]
 [  4  52  89  11   2   0  51   3  85]
 [  1   1   1 483  10   0  39   0  92]
 [ 46   9   9  25 260  28   2   1   9]
 [ 37   1   0   0  12 248   0   0   0]
 [  7  23  27  11   7   0 182  12  64]
 [  0  26   1   0   4   0  26 428   0]
 [  3  33  30  97   4   0  39   6 236]]

******************************************************
Logistic Regression - ovr:

0.390934065934
[[  1   2   0  74  66   0   0 121  65]
 [  0   3   0  50   6   0   0 267 108]
 [  0   3   0  41   6   0   0 124 123]
 [  0   0   0 580   8   0   0   8  31]
 [  1   5   0 102 219   2   0  49  11]
 [  5   6   0  23 140   2   0 104  18]
 [  0   1   0  57  13   0   0 147 115]
 [  0   0   0   0  15   0   0 468   2]
 [  0   2   0 231   6   0   0  59 150]]

******************************************************
Logistic Regression - mul:

0.420604395604
[[ 13  15   0  56  57   3   0 103  82]
 [  1  39   0  27   5   1   0 242 119]
 [  2  17   0  27   6   0   0 112 133]
 [  0   1   0 558   7   0   0   7  54]
 [  6   9   0  93 207  18   0  38  18]
 [ 19   5   0  17 105  46   0  85  21]
 [  4   7   0  40  11   0   0 136 135]
 [  1   1   0   0  13   3   0 464   3]
 [  1  15   0 174   5   0   0  49 204]]
######################################################
(5460, 64) (3640, 64)

******************************************************
Decision Tree:

0.468406593407
[[ 53  64  30  29  33  43  41  19  31]
 [ 52 164  45   8  17  20  26  37  27]
 [ 23  53  72  16   4   3  54   5  55]
 [ 32  10  16 393  27   7  24   0  94]
 [ 43   8  10  27 229  48  10   5  11]
 [ 32  17   9   6  48 139   4  10  12]
 [ 36  38  47  33  13  13 111  22  59]
 [ 11  55   9   1   2   4  22 365   6]
 [ 41  30  58 127  17   4  38   4 179]]

******************************************************
Gaussian Naive Bayes:

0.381318681319
[[  8  56   4  82   1  45  52  18  57]
 [  1 106   9  30   0  67 115  77  34]
 [  3  52  10  45   0  38  96   9  43]
 [  8   5   0 517   1   3  24   0  82]
 [ 27  18   3 126  56  93  15   3  49]
 [ 36  32   3   7   5 142  16   6  34]
 [  4  34   3  83   0  16 146  14  30]
 [  0  14   0   4   0  29  82 334   4]
 [  6  35  18 235   0  18  87   6  69]]

******************************************************
KNN:
---------------------
KNN ==  5 :

0.464285714286
[[ 77  51  20  33  41  29  16  17  39]
 [ 90 173  51  10   2  11  27  38  37]
 [ 59  64  58  20   2   5  33   5  50]
 [ 25  11  26 447  19   2  25   0  85]
 [ 28  22   4  37 213  74   5   2   5]
 [ 57  11   4   9  53 133   4   5   5]
 [ 37  49  59  16   2   7 102  21  37]
 [  7  40   4   0   3  13  20 379   1]
 [ 52  47  63 138   6   5  52   3 108]]
---------------------
KNN ==  9 :

0.490384615385
[[ 66  52  23  36  44  31  15  19  37]
 [ 70 189  41   8   3  12  26  44  46]
 [ 64  67  58  22   0   5  30   6  44]
 [ 18   7  14 473  18   3  25   0  82]
 [ 22  27   2  35 218  77   4   2   3]
 [ 37  23   2   9  48 151   2   6   3]
 [ 34  45  55  13   4   4 105  20  50]
 [  3  34   4   1   3  14  26 381   1]
 [ 34  44  55 137  10   7  40   3 144]]
---------------------
KNN ==  11 :

0.495879120879
[[ 59  54  25  38  45  31  14  20  37]
 [ 68 186  45   9   2  12  26  49  42]
 [ 59  72  59  20   1   5  30   6  44]
 [ 17   9  13 472  19   3  21   0  86]
 [ 22  24   2  37 218  77   4   3   3]
 [ 31  19   4   8  48 158   2   7   4]
 [ 35  47  54  13   3   4 115  20  39]
 [  4  29   4   0   2  12  28 388   0]
 [ 34  49  50 133   9   6  40   3 150]]
---------------------
KNN ==  13 :

0.49478021978
[[ 60  57  22  36  45  33  12  20  38]
 [ 58 191  43   9   2  14  29  52  41]
 [ 53  81  50  19   2   5  32   7  47]
 [ 14  11  13 475  22   3  20   0  82]
 [ 17  25   4  39 212  80   6   3   4]
 [ 30  18   6   7  48 158   1   8   5]
 [ 27  52  50  11   6   6 114  20  44]
 [  6  27   2   0   2  13  29 388   0]
 [ 27  46  51 140   7   6  40   4 153]]

******************************************************
SVM:

0.661538461538

******************************************************
Perceptron:

0.352472527473
[[  0   0  34 187  78   0  14  10   0]
 [  0   0 109 217  52   0  40  21   0]
 [  0   0  57 194  21   0  23   1   0]
 [  0   0   2 633   2   0   3   0   0]
 [  0   0  10 136 242   0   2   0   0]
 [  0   0   6  56 213   0   3   3   0]
 [  0   0  37 192  12   0  85   4   0]
 [  0   0  29  16  50   0 106 266   0]
 [  0   0  28 416   8   0  22   0   0]]

******************************************************
LDA:

0.620604395604
[[124  42   8  10  62  32   9   0  36]
 [ 33 261  18   4   0   8  27  42  46]
 [  6  52  89  12   0   1  46   2  88]
 [  0   2   1 465  12   0  51   1 108]
 [ 67   8   1  30 255  20   3   0   6]
 [ 39   1   0   0  15 226   0   0   0]
 [  4  22  25   7   8   0 198  11  55]
 [  1  25   2   0   4   0  35 400   0]
 [  6  31  32 110   5   0  44   5 241]]

******************************************************
Logistic Regression - ovr:

0.390384615385
[[  0   2   0  80  70   0   0 118  53]
 [  1   3   0  51   3   1   0 263 117]
 [  1   3   0  45   8   0   0 117 122]
 [  0   0   0 572  17   0   0  11  40]
 [  2   4   0 100 229   8   0  41   6]
 [  5   6   0  28 142  12   0  78  10]
 [  0   0   0  40  17   0   0 147 126]
 [  0   0   0   1  15   0   0 445   6]
 [  0   1   0 240   8   0   0  65 160]]

******************************************************
Logistic Regression - mul:

0.410164835165
[[ 10  18   0  64  63   5   0  98  65]
 [  6  35   0  28   3   1   0 238 128]
 [  8  11   0  27   5   0   0 107 138]
 [  0   3   0 546  12   0   0   8  71]
 [  5   6   0  91 218  24   0  33  13]
 [ 18   7   0  20 107  46   0  68  15]
 [  4   8   0  25  15   0   0 136 142]
 [  3   1   0   1   9  12   0 435   6]
 [  3  16   0 190   6   0   0  56 203]]
######################################################
(5460, 64) (3640, 64)

******************************************************
Decision Tree:

0.467307692308
[[ 76  47  27  23  41  38  23  15  25]
 [ 56 144  40  12   9  19  41  39  31]
 [ 17  53  69  19   8  11  40   4  65]
 [ 33   7  17 409  31   8  27   0 118]
 [ 41  16   6  28 231  65   5   2   9]
 [ 43  22   8   3  71 131   7  12  10]
 [ 32  33  54  21   5   5 121  23  49]
 [ 15  43   5   0   1   5  18 351   5]
 [ 45  42  51 117   8   9  56   5 169]]

******************************************************
Gaussian Naive Bayes:

0.380769230769
[[ 13  60   2  86   1  66  56  21  53]
 [  2 103   1  26   0  56 108  76  35]
 [  1  49   0  43   0  37  92   9  46]
 [  6   4   2 536   2   2  13   0  67]
 [ 52  14   1 134  56  88   3   3  54]
 [ 48  46   0  10   3 136  10  14  24]
 [  2  46   0  76   0  14 148  16  36]
 [  0   8   0   1   0  32  85 322   3]
 [  5  35  11 244   0  20  90   4  72]]

******************************************************
KNN:
---------------------
KNN ==  5 :

0.475274725275
[[ 88  77  36  33  40  36   8  12  28]
 [ 70 173  47  10   5   9  25  40  28]
 [ 41  76  46  19   3   3  40   8  41]
 [ 29  14  11 474  18   2  10   0  74]
 [ 44  18   5  41 232  63   1   0   1]
 [ 47  19   3   2  61 136  10   9   4]
 [ 23  72  45  17  12   6  98  27  38]
 [ 17  28   5   0   3  12  25 361   0]
 [ 50  55  50 155   6   4  37   2 122]]
---------------------
KNN ==  9 :

0.48956043956
[[ 65  82  34  44  36  43  10  19  25]
 [ 57 176  42  11   3  13  20  50  35]
 [ 26  78  53  25   0   4  39   7  45]
 [ 15   6  16 484  19   0   9   0  83]
 [ 28  21   3  43 238  67   2   1   2]
 [ 38  24   6   5  46 162   2   7   1]
 [ 25  72  47  15  12   5  98  29  35]
 [  5  30   2   0   2  11  25 376   0]
 [ 37  54  50 155   8   3  41   3 130]]
---------------------
KNN ==  11 :

0.5
[[ 69  81  32  41  40  41  10  19  25]
 [ 48 192  37  15   1  15  20  49  30]
 [ 21  78  49  25   0   3  44   8  49]
 [ 11   5  13 493  16   2  10   0  82]
 [ 26  19   3  42 236  70   3   1   5]
 [ 38  25   3   6  41 168   1   9   0]
 [ 16  69  44  15  15   5 107  26  41]
 [  6  24   3   0   1  10  28 379   0]
 [ 31  60  43 158   8   4  46   4 127]]
---------------------
KNN ==  13 :

0.499725274725
[[ 64  77  32  46  36  46  15  20  22]
 [ 45 189  45  11   1  15  19  53  29]
 [ 21  85  48  20   0   2  41  10  50]
 [ 14   6  10 500  16   1  10   0  75]
 [ 27  21   3  39 235  74   2   1   3]
 [ 38  22   3   6  40 171   0  11   0]
 [ 16  69  41  15  13   5 113  29  37]
 [  5  22   2   0   0  12  33 377   0]
 [ 29  63  43 162   8   4  45   5 122]]

******************************************************
SVM:

0.662912087912

******************************************************
Perceptron:

0.351373626374
[[  0   0   0 177  19   0   0 146  16]
 [  0   1   0 136  11   0   0 239  20]
 [  0   0   0 126   0   0   0 120  31]
 [  0   0   0 621   1   0   0   5   5]
 [  0   0   0 204 173   0   0  28   0]
 [  0   0   0  60 117   0   0 114   0]
 [  0   0   0 134   3   0   0 162  39]
 [  0   0   0   1   2   0   0 447   1]
 [  0   0   0 382   3   0   0  59  37]]

******************************************************
LDA:

0.625
[[142  63   6  13  58  27  12   0  37]
 [ 32 242  22   6   1   6  18  39  41]
 [  6  57  75   9   2   0  52   1  75]
 [  0   2   2 493  13   0  29   0  93]
 [ 67   5   2  31 277  19   1   0   3]
 [ 36   7   0   0  19 229   0   0   0]
 [  5  31  36   6  12   0 186  13  49]
 [  0  21   0   0   2   0  26 402   0]
 [  4  29  36 114  10   1  54   4 229]]

******************************************************
Logistic Regression - ovr:

0.391483516484
[[  0   4   0  96  73   0   0 130  55]
 [  0  16   0  54   6   0   0 236  95]
 [  0   1   0  47   2   0   0 114 113]
 [  0   0   0 588  12   0   0   3  29]
 [  1   9   0 115 236   1   0  38   5]
 [  0  10   0  35 142   2   0  92  10]
 [  0   4   0  55  15   0   0 161 103]
 [  0   1   0   0   9   0   0 438   3]
 [  0   2   0 259  12   0   0  63 145]]

******************************************************
Logistic Regression - mul:

0.42032967033
[[  3  32   0  72  65   7   0 103  76]
 [  1  57   0  25   5   3   0 206 110]
 [  1  27   0  29   2   0   0  95 123]
 [  1   3   0 573  10   0   0   1  44]
 [  1  13   0 103 237  10   0  30  11]
 [  4  16   0  25 115  41   0  73  17]
 [  0  28   0  28  15   1   0 140 126]
 [  0   3   0   0   8   4   0 432   4]
 [  1  23   0 207  11   0   0  52 187]]
######################################################
(5460, 64) (3640, 64)

******************************************************
Decision Tree:

0.466208791209
[[ 57  44  29  28  33  39  25  22  39]
 [ 59 156  59   8  19  17  40  36  34]
 [ 29  52  74  25   7   6  40   5  65]
 [ 33   7  20 408  37   5  27   0 114]
 [ 44  17   6  27 240  56   5   3  14]
 [ 35  22   9   3  54 135   8  10  11]
 [ 22  30  41  24   7   5  99  32  47]
 [  8  46   6   1   0   7  21 377   3]
 [ 43  33  56 107  13   3  58   3 151]]

******************************************************
Gaussian Naive Bayes:

0.389835164835
[[  4  51   0  62   1  70  59  18  65]
 [  1  81   0  33   0  78 107  74  33]
 [  0  62   1  46   0  43  90   7  51]
 [  5   4   0 517   6   5  14   0  80]
 [ 22  11   0 140  78  96  15   0  48]
 [ 15  30   0   9   9 158  20   9  23]
 [  2  36   0  86   0  18 129  12  40]
 [  0  10   0   3   0  35  80 354   6]
 [  7  36  10 222   0  29  75   2  97]]

******************************************************
KNN:
---------------------
KNN ==  5 :

0.474725274725
[[ 82  74  24  23  35  29  21  11  31]
 [ 62 166  45  17   7  16  24  41  29]
 [ 66  78  49  18   4   4  42   3  36]
 [ 30   8  21 466  19   2  10   0  75]
 [ 38  18   3  45 231  66   4   1   4]
 [ 49  15   2   5  59 128   2  10   3]
 [ 35  55  39  29   6   5  95  17  42]
 [ 11  32   5   0   2  10  27 401   0]
 [ 51  68  54 136  10   3  43   3 110]]
---------------------
KNN ==  9 :

0.498626373626
[[ 71  82  15  37  27  34  17  15  32]
 [ 45 187  34  16   6  19  24  41  35]
 [ 41  92  53  19   1   5  41   5  43]
 [ 16  11  17 472  19   4   7   0  85]
 [ 29  20   2  47 229  74   3   1   5]
 [ 35  23   4   5  46 144   2  10   4]
 [ 34  49  36  20   5   6 107  23  43]
 [ 10  30   1   0   1   8  24 414   0]
 [ 36  61  50 136   8   4  43   2 138]]
---------------------
KNN ==  11 :

0.502747252747
[[ 65  81  21  33  29  38  18  16  29]
 [ 40 197  30  16   7  15  23  47  32]
 [ 40  85  52  19   1   6  43   7  47]
 [ 11  17  15 475  26   5   8   0  74]
 [ 25  19   1  52 228  77   2   1   5]
 [ 26  26   2   6  42 157   1  11   2]
 [ 26  50  35  24   7   7 106  22  46]
 [ 10  29   1   0   0   9  26 413   0]
 [ 29  65  58 132   9   4  41   3 137]]
---------------------
KNN ==  13 :

0.507417582418
[[ 64  83  20  32  32  39  17  16  27]
 [ 37 196  32  16   4  17  21  51  33]
 [ 28 101  47  19   1   5  46   7  46]
 [ 14  14  12 482  24   4   7   0  74]
 [ 23  19   0  54 224  84   2   1   3]
 [ 28  23   3   6  35 165   1  11   1]
 [ 27  42  35  21   9   7 113  24  45]
 [  5  26   1   1   1  11  25 418   0]
 [ 28  62  50 138  11   4  44   3 138]]

******************************************************
SVM:

0.654395604396

******************************************************
Perceptron:

0.357967032967
[[  0   0  45 198  69   0   7  11   0]
 [  0   0 122 197  43   0  21  24   0]
 [  0   0  65 192  13   0  27   3   0]
 [  0   0   3 626   2   0   0   0   0]
 [  0   0   5 173 230   0   2   0   0]
 [  0   0   7  53 204   0   1   8   0]
 [  0   0  42 200   9   0  65   7   0]
 [  0   0  49   9  22   0  91 317   0]
 [  0   0  41 419   8   0   9   1   0]]

******************************************************
LDA:

0.632417582418
[[132  51   6  15  47  31   9   1  38]
 [ 32 257  17   6   2   4  21  34  34]
 [  6  62  91   9   3   1  54   0  74]
 [  1   0   1 475  15   0  33   1 105]
 [ 52  13   4  30 276  30   1   1   3]
 [ 27   4   0   0  13 229   0   0   0]
 [  5  20  31   8   4   0 175  10  70]
 [  0  30   0   0   1   0  39 418   0]
 [  3  36  31 103   9   0  42   5 249]]

******************************************************
Logistic Regression - ovr:

0.401098901099
[[  1  12   0  79  58   3   0 117  60]
 [  1  23   0  55   5   1   0 226  96]
 [  0   8   0  49   6   1   0 119 117]
 [  0   1   0 575  12   0   0   5  38]
 [  2   9   0 116 228   8   0  39   8]
 [  7   6   0  22 124  10   0  97   7]
 [  1   4   0  59   8   0   0 123 128]
 [  0   1   0   2   8   0   0 474   3]
 [  0  11   0 250   9   0   0  59 149]]

******************************************************
Logistic Regression - mul:

0.429120879121
[[ 12  39   0  61  52   9   0  92  65]
 [  5  64   0  30   5   2   0 196 105]
 [  4  48   0  28   3   2   0  96 119]
 [  2   5   0 548  10   0   0   3  63]
 [  3   9   0 111 220  23   0  31  13]
 [ 13  11   0  19  87  61   0  73   9]
 [  4  31   0  35   7   1   0 103 142]
 [  2   4   0   1   7   6   0 465   3]
 [  3  37   0 193   9   0   0  44 192]]
######################################################
(5460, 64) (3640, 64)

******************************************************
Decision Tree:

0.463461538462
[[ 72  53  36  31  34  30  27  22  44]
 [ 60 158  66   5  14  22  30  37  32]
 [ 23  62  67  20   7   9  50  14  60]
 [ 26   6  18 392  24   7  24   1 115]
 [ 49  13   4  27 223  84   6   1  17]
 [ 30  22   7  10  61 112   9   6   9]
 [ 33  33  41  21   5   7 118  20  42]
 [ 16  37   7   0   0  10  19 374   7]
 [ 32  25  56 115  11   6  45   1 171]]

******************************************************
Gaussian Naive Bayes:

0.377197802198
[[ 10  41   2  81   1  77  77  25  27]
 [  1  82   2  21   0  72 146  75  10]
 [  1  56   5  49   0  43 123   6  19]
 [  4   2   2 519   1   2  32   0  59]
 [ 30   8   0 127  63  89  15   0  47]
 [ 34  32   1  11   8 150  23   7  21]
 [  4  40   1  78   0  26 149  18  12]
 [  0   9   0   4   0  35  85 342   1]
 [  4  29  14 244   0  20 125   8  53]]

******************************************************
KNN:
---------------------
KNN ==  5 :

0.476098901099
[[ 84  61  19  28  29  53  12  21  34]
 [ 85 161  42  10   5  12  28  39  27]
 [ 50  89  56  26   2   3  33   7  36]
 [ 22  12  22 453  11   0  11   0  90]
 [ 33  12   2  37 223  64   1   2   5]
 [ 39  16   3   8  62 147   1   8   3]
 [ 50  55  50  20   6   9  87  20  31]
 [  9  26   7   0   1   6  19 406   2]
 [ 51  58  62 146   6   1  51   6 116]]
---------------------
KNN ==  9 :

0.500824175824
[[ 70  70  18  33  32  54  10  23  31]
 [ 60 177  36  14   4  16  29  45  28]
 [ 39  94  59  23   1   4  33   6  43]
 [ 17  11  15 471  12   1  13   0  81]
 [ 17  16   1  38 235  64   2   3   3]
 [ 33  15   3   7  47 168   3   9   2]
 [ 48  46  36  19   6   7  92  26  48]
 [  3  25   3   0   2   4  22 417   0]
 [ 38  58  58 143   8   3  48   7 134]]
---------------------
KNN ==  11 :

0.499450549451
[[ 70  64  19  32  31  53   9  25  38]
 [ 53 179  41  11   2  16  29  47  31]
 [ 37  92  57  21   1   3  38   6  47]
 [ 11  14  14 467  15   1  13   0  86]
 [ 15  15   2  40 228  71   1   3   4]
 [ 29  20   4   7  43 171   2  10   1]
 [ 41  50  42  20   7   9  95  24  40]
 [  0  26   3   0   2   7  22 416   0]
 [ 40  60  51 144   9   1  50   7 135]]
---------------------
KNN ==  13 :

0.506043956044
[[ 61  60  14  28  41  54  18  26  39]
 [ 48 186  39  15   1  14  25  49  32]
 [ 32  91  59  18   1   4  41   6  50]
 [ 13  17  11 468  11   1  12   1  87]
 [ 15  15   3  42 220  76   2   3   3]
 [ 27  17   3   7  50 171   1  10   1]
 [ 36  58  37  18   8  10  97  24  40]
 [  1  24   2   0   2   6  24 417   0]
 [ 30  54  56 136   7   2  43   6 163]]

******************************************************
SVM:

0.655769230769

******************************************************
Perceptron:

0.360989010989
[[  0   0   9 157  75   0   3  16  81]
 [  0   0  52 137  27   0   9  21 163]
 [  0   0  33 160   6   0   6   1  96]
 [  0   0   4 606   1   0   1   0   9]
 [  0   0   2 142 223   0   0   1  11]
 [  0   0   0  51 207   0   0   8  21]
 [  0   0  40 146  11   0  55   3  73]
 [  0   0  30   5  12   0  58 341  30]
 [  0   0  22 410   5   0   2   2  56]]

******************************************************
LDA:

0.625549450549
[[131  60   7  14  55  34   7   1  32]
 [ 19 256  25   2   0   6  21  41  39]
 [  5  71  94  15   0   0  45   1  71]
 [  1   0   2 471   9   0  37   1 100]
 [ 48  10   9  21 270  17   0   0   4]
 [ 35   6   0   0  18 227   0   1   0]
 [  1  29  46   5   9   0 170  11  57]
 [  0  16   2   0   2   0  31 425   0]
 [  3  36  38 120   8   0  54   5 233]]

******************************************************
Logistic Regression - ovr:

0.393681318681
[[  0   7   0  80  75   0   0 128  51]
 [  0  26   0  53   2   0   0 248  80]
 [  1  11   0  57   3   0   0 117 113]
 [  0   0   0 578  10   0   0   7  26]
 [  0   6   0 105 231   2   0  33   2]
 [  0  12   0  34 151   1   0  86   3]
 [  0   4   0  61  15   0   0 150  98]
 [  0   1   0   1   6   0   0 464   4]
 [  0  11   0 280   9   0   0  64 133]]

******************************************************
Logistic Regression - mul:

0.421153846154
[[  9  30   0  61  69   6   0 103  63]
 [  2  64   0  25   2   2   0 217  97]
 [  3  38   0  34   3   0   0  97 127]
 [  1   1   0 551   8   0   0   6  54]
 [  2  11   0  96 223  17   0  24   6]
 [  5  19   0  27 125  39   0  65   7]
 [  1  27   0  35  14   1   0 129 121]
 [  0   4   0   0   4   8   0 455   5]
 [  2  31   0 213   8   0   0  51 192]]
######################################################
(5460, 64) (3640, 64)

******************************************************
Decision Tree:

0.460164835165
[[ 62  61  31  31  37  50  32  27  45]
 [ 66 131  44   7  12  19  46  57  28]
 [ 27  48  77  22   4   9  45   1  58]
 [ 24  10  17 396  31   2  21   0 127]
 [ 37  10   5  25 241  76   4   3   9]
 [ 30  26   6   6  55 132  12   7   9]
 [ 14  26  35  27  10   6  95  19  51]
 [ 18  41   9   0   0   5  23 383   6]
 [ 39  33  51 122  13   3  45  10 158]]

******************************************************
Gaussian Naive Bayes:

0.390934065934
[[  9  53   0  69   2  63  66  21  34]
 [  0  96   0  34   0  59 120  63  14]
 [  0  58   0  41   0  39 110   7  20]
 [  7   4   1 528   2   2  25   0  67]
 [ 22   8   0 143  56  94  22   2  56]
 [ 37  37   0   5   3 171  17   7  25]
 [  2  51   0  81   0  21 143  16   9]
 [  0   9   0   5   0  34  93 364   2]
 [  4  36   9 248   0  16 120   2  56]]

******************************************************
KNN:
---------------------
KNN ==  5 :

0.477197802198
[[ 96  80  21  25  31  21  13  12  18]
 [ 60 173  34  17   5   7  28  33  29]
 [ 48  73  45  23   3   2  48   5  28]
 [ 39  13  14 457  11   2  16   0  84]
 [ 44  20   1  44 223  62   5   2   2]
 [ 65  21   8   1  64 131   2   6   4]
 [ 30  59  60  18   4   8  92  19  33]
 [ 21  27   4   0   6   9  36 404   0]
 [ 62  54  58 143   7   5  43   3 116]]
---------------------
KNN ==  9 :

0.49010989011
[[ 70  82  19  30  32  26  19  17  22]
 [ 47 182  38  17   1  12  25  41  23]
 [ 39  84  43  19   2   0  41   6  41]
 [ 25  16  11 474  10   2  15   0  83]
 [ 37  20   1  45 226  66   3   1   4]
 [ 48  20   2   0  56 162   1   8   5]
 [ 29  60  50  17   4  10  96  19  38]
 [  8  36   1   0   4  10  37 410   1]
 [ 42  55  67 147   8   4  43   4 121]]
---------------------
KNN ==  11 :

0.499725274725
[[ 67  84  20  30  34  26  18  17  21]
 [ 42 183  32  18   2  13  24  42  30]
 [ 28  89  46  20   1   3  41   4  43]
 [ 19  15  11 476  14   1  15   0  85]
 [ 28  22   0  47 232  67   4   0   3]
 [ 40  24   0   1  54 170   2   7   4]
 [ 22  62  46  16   7   8 100  21  41]
 [  7  31   2   0   4  10  38 415   0]
 [ 36  49  60 150   8   2  53   3 130]]
---------------------
KNN ==  13 :

0.50989010989
[[ 58  83  20  32  35  32  17  16  24]
 [ 42 191  25  16   1  13  24  44  30]
 [ 25  98  39  21   1   3  48   4  36]
 [ 17  15  11 487  16   1  12   0  77]
 [ 25  20   0  47 236  67   3   2   3]
 [ 37  20   0   1  50 178   3  11   2]
 [ 25  66  38  14   6   9 104  22  39]
 [  7  26   1   0   4  12  36 421   0]
 [ 31  58  50 149   7   2  50   2 142]]

******************************************************
SVM:

0.666758241758

******************************************************
Perceptron:

0.347252747253
[[  0   7  18 166  79   0  10   6  31]
 [  0  16  46 185  41   0  35  13  50]
 [  0   2  29 162  12   0  22   2  46]
 [  0   0   1 629   1   0   2   0   3]
 [  0   1   4 159 237   0   0   0   2]
 [  0   0   0  45 245   0   1   5   6]
 [  0   2  26 191  12   0  72   2  18]
 [  0   2  19  11  52   0 149 267   7]
 [  0   0  16 444   5   0  12   0  14]]

******************************************************
LDA:

0.628571428571
[[136  53   9   7  48  27   9   1  27]
 [ 30 223  27   4   2   4  25  30  41]
 [  6  51  91  10   1   0  45   3  68]
 [  0   1   2 479  11   0  46   1  96]
 [ 65  13  11  30 258  21   0   0   5]
 [ 34   6   0   0  21 241   0   0   0]
 [  1  30  41   8   7   0 167   6  63]
 [  0  22   1   0   3   0  31 450   0]
 [  4  31  37 118   9   0  44   5 243]]

******************************************************
Logistic Regression - ovr:

0.417032967033
[[  3  25   0  75  64   0   0 106  44]
 [  2  59   0  57   3   0   0 203  62]
 [  1  31   0  46   4   0   0 104  89]
 [  0   3   0 587  10   0   0   7  29]
 [  1   8   0 102 245   0   0  45   2]
 [  6  16   0  23 154   1   0 100   2]
 [  3  27   0  55  13   0   0 121 104]
 [  1   2   0   1  15   0   0 483   5]
 [  0  28   0 271   9   0   0  43 140]]

******************************************************
Logistic Regression - mul:

0.432967032967
[[ 14  41   0  60  59   1   0  92  50]
 [  4  87   0  34   3   0   0 177  81]
 [  5  62   0  29   1   0   0  85  93]
 [  1   4   0 559   7   0   0   6  59]
 [ 10  11   0  92 238  14   0  31   7]
 [ 30  23   0  16 125  27   0  76   5]
 [  6  50   0  29  11   0   0 108 119]
 [ 10   7   0   0  11   5   0 469   5]
 [  1  50   0 216  10   0   0  32 182]]
######################################################
(5460, 64) (3640, 64)

******************************************************
Decision Tree:

0.465934065934
[[ 58  46  30  37  63  29  17  12  43]
 [ 70 159  56   7   7  22  41  53  44]
 [ 26  42  67  15   5   7  49   3  50]
 [ 27   7  20 424  24   5  23   1 115]
 [ 30  19   4  24 227  52  11   7   6]
 [ 37  22   7   2  61 136   6  11  12]
 [ 27  33  46  29  13   7 101  28  48]
 [ 13  36   6   1   2   7  23 371   4]
 [ 28  43  46 120  12   9  53   3 153]]

******************************************************
Gaussian Naive Bayes:

0.379945054945
[[  9  63   1  60   1  62  70  19  31]
 [  1  92   2  29   0  60 137  63  23]
 [  0  64   4  52   0  31  89   7  35]
 [ 12   4   1 538   2   2  23   0  77]
 [ 39  15   0 142  53  95  16   1  53]
 [ 27  36   0  10   7 141  18  10  25]
 [  2  57   1  91   0  16 133  12  12]
 [  0  16   0   3   0  38  87 341   4]
 [  4  29  12 235   0  17 101   5  72]]

******************************************************
KNN:
---------------------
KNN ==  5 :

0.476373626374
[[ 69  82  25  28  18  43  12  15  24]
 [ 72 165  49  13   3  16  25  32  32]
 [ 41  72  61  22   1   5  33   7  40]
 [ 46  10  16 472  19   6  14   0  76]
 [ 57  12   4  37 209  80   4   3   8]
 [ 45  24   0   3  51 140   0   7   4]
 [ 38  50  55  17   6   9  90  22  37]
 [ 15  26   6   0   1  12  26 399   4]
 [ 46  58  44 137   9   7  42   3 129]]
---------------------
KNN ==  9 :

0.493131868132
[[ 60  83  23  30  22  44  10  17  27]
 [ 50 177  44  14   0  18  23  41  40]
 [ 37  83  55  21   0   7  31   6  42]
 [ 25  10  17 483  16   4  12   0  92]
 [ 28  21   4  45 219  84   4   3   6]
 [ 41  26   3   4  43 145   0  10   2]
 [ 30  48  52  19   4   9 102  20  40]
 [ 10  21   5   0   3  13  25 411   1]
 [ 37  53  52 141   7   6  34   2 143]]
---------------------
KNN ==  11 :

0.50521978022
[[ 59  84  22  26  24  41  16  17  27]
 [ 41 200  38  13   0  15  23  40  37]
 [ 26  88  56  24   1   6  32   6  43]
 [ 22   8  15 486  18   4  12   0  94]
 [ 25  22   4  45 218  83   5   4   8]
 [ 40  26   3   4  40 148   0   9   4]
 [ 26  49  48  20   5   9 107  21  39]
 [  6  21   6   0   4  15  25 411   1]
 [ 24  54  55 137   6   8  33   4 154]]
---------------------
KNN ==  13 :

0.505494505495
[[ 54  82  23  28  25  45  16  20  23]
 [ 37 204  42  10   0  15  18  42  39]
 [ 21  90  56  22   0   7  34   5  47]
 [ 25   9  14 476  22   2  12   0  99]
 [ 32  18   4  48 219  82   3   3   5]
 [ 28  25   1   4  44 156   1  12   3]
 [ 23  53  43  20   5   7 108  20  45]
 [  3  22   6   0   4  19  24 408   3]
 [ 22  57  54 137   7   5  30   4 159]]

******************************************************
SVM:

0.656868131868

******************************************************
Perceptron:

0.340659340659
[[ 21  21  36 212   6   0   0  15   5]
 [  8  29  97 241   1   0   0  22   9]
 [  2   8  54 212   0   0   0   2   4]
 [  0   0   1 658   0   0   0   0   0]
 [ 20  11   4 259 117   0   0   2   1]
 [ 81  19   5 118  31   4   0  16   0]
 [  6   2  70 232   0   0   0   4  10]
 [ 13   2  71  41   2   0   0 357   3]
 [  0   2  21 450   1   0   0   1   0]]

******************************************************
LDA:

0.631868131868
[[138  57  10   9  37  33   9   0  23]
 [ 27 237  24   3   3   5  28  36  44]
 [ 10  55  73  16   2   0  37   3  86]
 [  0   2   2 479  18   0  44   1 113]
 [ 64  12   8  23 267  27   3   1   9]
 [ 28   4   0   0  17 225   0   0   0]
 [  5  20  31   7   9   0 196  12  44]
 [  0  18   1   0   3   0  40 427   0]
 [  6  31  25 104   5   1  42   3 258]]

******************************************************
Logistic Regression - ovr:

0.412912087912
[[  6  15   0  64  54   3   0 115  59]
 [  2  23   0  46   4   1   0 212 119]
 [  2   6   0  46   5   1   0  98 124]
 [  0   2   0 589  19   0   0   4  45]
 [  3   9   0 110 235   8   0  41   8]
 [  4  13   0  24 127  17   0  80   9]
 [  1   3   0  40  13   0   0 141 126]
 [  0   2   0   0  16   3   0 463   5]
 [  1   4   0 249   8   0   0  43 170]]

******************************************************
Logistic Regression - mul:

0.436263736264
[[ 19  28   0  50  47  13   0  99  60]
 [  7  64   0  30   1   5   0 185 115]
 [  5  37   0  27   4   2   0  78 129]
 [  2   5   0 556  15   0   0   3  78]
 [  5  12   0 100 227  20   0  34  16]
 [ 12  14   0  15  99  55   0  65  14]
 [  6  23   0  29  11   2   0 121 132]
 [  4   3   0   0  11  18   0 448   5]
 [  4  25   0 187   7   0   0  33 219]]
######################################################
(5460, 64) (3640, 64)

******************************************************
Decision Tree:

0.457967032967
[[ 71  65  44  29  32  49  34  15  34]
 [ 45 150  52  12  12  17  41  43  36]
 [ 37  42  75  22  10  11  39   5  67]
 [ 21  11  18 387  35   5  27   2 138]
 [ 45  14   4  21 236  61  10   4  12]
 [ 33  23   4   3  59 121   9  10   4]
 [ 25  21  36  24   7   5  97  20  46]
 [ 22  34   3   0   4   6  20 364   7]
 [ 44  42  54  93   9   9  64  12 166]]

******************************************************
Gaussian Naive Bayes:

0.382692307692
[[  9  53   1  77   1  62  70  25  45]
 [  0 105   1  29   0  62 107  60  38]
 [  0  69   3  45   0  31  94   5  43]
 [  6   4   0 494   3   2  16   0  66]
 [ 25  12   1 146  62 103   9   1  45]
 [ 40  31   0   8   6 151  14   5  29]
 [  3  49   1  75   0  17 145  15  36]
 [  0  17   0   3   0  34  80 340   1]
 [  5  42  12 253   0  24  86   4  84]]

******************************************************
KNN:
---------------------
KNN ==  5 :

0.471978021978
[[ 89  71  22  33  31  33  14  18  32]
 [ 76 164  40  14   5  11  19  43  30]
 [ 57  76  51  27   2   3  33   5  36]
 [ 19  11  24 428  18   1  16   0  74]
 [ 28  19   4  41 237  64   3   1   7]
 [ 45  22   2   3  47 152   2   3   8]
 [ 44  52  61  22   4   5  85  23  45]
 [ 10  31   3   0   2  16  21 391   1]
 [ 60  60  54 152   7   6  47   3 121]]
---------------------
KNN ==  9 :

0.505494505495
[[ 75  70  32  38  34  35  10  19  30]
 [ 57 183  35  14   3  12  16  42  40]
 [ 29  88  56  22   2   6  37   8  42]
 [ 13   6  21 455  13   1  14   0  68]
 [ 29  16   5  45 232  69   1   3   4]
 [ 32  26   3   5  39 170   1   4   4]
 [ 35  58  50  20   8   6 103  24  37]
 [ 10  23   1   0   4   9  19 408   1]
 [ 32  62  61 154   6   2  31   4 158]]
---------------------
KNN ==  11 :

0.502197802198
[[ 67  76  29  42  32  38  11  23  25]
 [ 48 188  30  17   3  13  17  48  38]
 [ 32  82  57  23   0   6  33   9  48]
 [ 13   9  14 457  13   1  16   0  68]
 [ 22  17   3  44 231  79   2   2   4]
 [ 30  27   0   5  40 172   1   6   3]
 [ 26  63  48  19   9   7 102  27  40]
 [  7  25   0   0   3  13  20 406   1]
 [ 31  71  60 156   6   1  35   2 148]]
---------------------
KNN ==  13 :

0.508241758242
[[ 68  81  28  41  31  34   9  24  27]
 [ 43 194  31  16   2  12  14  48  42]
 [ 27  93  56  24   2   6  30   6  46]
 [ 11   8  12 462  12   1  14   0  71]
 [ 25  18   1  45 228  80   2   1   4]
 [ 30  24   0   4  35 176   2   9   4]
 [ 20  61  52  22   6   9 110  24  37]
 [  5  25   1   0   2  11  23 408   0]
 [ 25  67  64 156   9   1  38   2 148]]

******************************************************
SVM:

0.659340659341

******************************************************
Perceptron:

0.303021978022
[[  0   0   0 111   1 208  21   0   2]
 [  0   0   0  92   0 270  38   0   2]
 [  0   0   0 109   0 110  70   0   1]
 [  0   0   0 568   0  12  11   0   0]
 [  0   0   0 111  33 259   1   0   0]
 [  0   0   0  21   0 263   0   0   0]
 [  0   0   0  94   0  75 172   0   0]
 [  0   0   0   0   1 303 105  66   0]
 [  0   0   0 361   1  80  67   0   1]]

******************************************************
LDA:

0.64010989011
[[142  53   5  11  43  35   9   2  43]
 [ 27 256  22   4   4   5  17  31  36]
 [  4  68  92  12   1   0  36   2  75]
 [  0   2   1 437  14   0  38   1  98]
 [ 47   8   6  28 285  20   2   2   6]
 [ 31   1   0   0  20 232   0   0   0]
 [  4  24  39   8   6   0 186  13  61]
 [  0  25   2   0   2   0  32 414   0]
 [  5  32  32 102   7   0  41   5 286]]

******************************************************
Logistic Regression - ovr:

0.383241758242
[[  1  11   0  98  63   0   0 128  42]
 [  2  42   0  70   6   1   0 209  72]
 [  1  21   0  71   7   1   0 118  71]
 [  0   1   0 551  10   0   0   6  23]
 [  0  10   0 111 230   6   0  40   7]
 [  5  10   0  32 143   5   0  86   3]
 [  0  15   0  65  14   0   0 159  88]
 [  0   1   0   0  12   0   0 458   4]
 [  0  24   0 303   8   0   0  67 108]]

******************************************************
Logistic Regression - mul:

0.410164835165
[[ 11  32   0  78  55   7   0 102  58]
 [  3  73   0  40   3   5   0 185  93]
 [  4  54   0  44   5   2   0  87  94]
 [  1   5   0 519   9   0   0   5  52]
 [  1  16   0 101 226  21   0  30   9]
 [  9  14   0  23 110  48   0  70  10]
 [  2  58   0  37  13   3   0 123 105]
 [  2   2   0   0   9   9   0 449   4]
 [  4  47   0 235   6   0   0  51 167]]
######################################################
######################################################
DT: 
[ 0.47087912  0.4760989   0.46071429  0.46840659  0.46730769  0.46620879
  0.46346154  0.46016484  0.46593407  0.45796703]
0.465714285714
gnb: 
[ 0.39203297  0.38818681  0.39175824  0.38131868  0.38076923  0.38983516
  0.3771978   0.39093407  0.37994505  0.38269231]
0.385467032967
knn: 
[ 0.48653846  0.51236264  0.51510989  0.51703297  0.47692308  0.49972527
  0.50357143  0.50714286  0.48214286  0.51126374  0.51181319  0.51181319
  0.46428571  0.49038462  0.49587912  0.49478022  0.47527473  0.48956044
  0.5         0.49972527  0.47472527  0.49862637  0.50274725  0.50741758
  0.4760989   0.50082418  0.49945055  0.50604396  0.4771978   0.49010989
  0.49972527  0.50989011  0.47637363  0.49313187  0.50521978  0.50549451
  0.47197802  0.50549451  0.5021978   0.50824176]
0.496407967033
9  =  0.499148351648
11  =  0.503571428571
5  =  0.476153846154
13  =  0.506758241758
svm: 
[ 0.67335165  0.65164835  0.66730769  0.66153846  0.66291209  0.6543956
  0.65576923  0.66675824  0.65686813  0.65934066]
0.660989010989
per: 
[ 0.34175824  0.36565934  0.36730769  0.35247253  0.35137363  0.35796703
  0.36098901  0.34725275  0.34065934  0.30302198]
0.348846153846
lda: 
[ 0.63763736  0.62774725  0.63131868  0.6206044   0.625       0.63241758
  0.62554945  0.62857143  0.63186813  0.64010989]
0.630082417582
lr_ovr: 
[ 0.39945055  0.38653846  0.39093407  0.39038462  0.39148352  0.4010989
  0.39368132  0.41703297  0.41291209  0.38324176]
0.396675824176
lr_mul: 
[ 0.42637363  0.41401099  0.4206044   0.41016484  0.42032967  0.42912088
  0.42115385  0.43296703  0.43626374  0.41016484]
0.422115384615
