Starting read from Train file...
train.shape = (9100, 26)
train_labels.shape = (9100, 1)
(5460, 26) (3640, 26)

******************************************************
Decision Tree:

0.544230769231
[[184   7   9   7  64  50   4   0   2]
 [  7 199   8  81  13   4  20   4  62]
 [  6   5 124  18   8   2  87  29  19]
 [  5 121  11 333  19   2  23   2 107]
 [ 58  11   7  13 221  51  12   5   7]
 [ 52   3   2   5  50 172   1   3   2]
 [  6  15  65  24  16   1 133  42  18]
 [  0   8  26   1   3   1  44 391   2]
 [  9  49  20 172  19   2  24   4 224]]

******************************************************
Gaussian Naive Bayes:

0.393956043956
[[ 98  50   8   7  24 140   0   0   0]
 [ 16 195   9  62  40  15   0   0  81]
 [  0  19 164  22  27   0   2   2  36]
 [ 18 135  42 131  48   6   0   0 274]
 [ 69  56  11  19 153 101   0   1   3]
 [ 43   2   5   0  23 211   1   0   0]
 [  7  64 111  35  24   2  34  11  60]
 [  3  15 137   4  80   0  21 199  21]
 [  7 104  42  16  24   1   0   0 249]]

******************************************************
Multinomial Naive Bayes:

0.17967032967
[[  0   0   0 327   0   0   0   0   0]
 [  0   0   0 418   0   0   0   0   0]
 [  0   0   0 272   0   0   0   0   0]
 [  0   0   0 654   0   0   0   0   0]
 [  0   0   0 413   0   0   0   0   0]
 [  0   0   0 285   0   0   0   0   0]
 [  0   0   0 348   0   0   0   0   0]
 [  0   0   0 480   0   0   0   0   0]
 [  0   0   0 443   0   0   0   0   0]]

******************************************************
Bernoulli Naive Bayes:

0.17967032967
[[  0   0   0 327   0   0   0   0   0]
 [  0   0   0 418   0   0   0   0   0]
 [  0   0   0 272   0   0   0   0   0]
 [  0   0   0 654   0   0   0   0   0]
 [  0   0   0 413   0   0   0   0   0]
 [  0   0   0 285   0   0   0   0   0]
 [  0   0   0 348   0   0   0   0   0]
 [  0   0   0 480   0   0   0   0   0]
 [  0   0   0 443   0   0   0   0   0]]

******************************************************
KNN:

0.58956043956
[[198  10   4   8  31  75   0   0   1]
 [ 11 260   1  94   4   0  10   0  38]
 [  6  11 169  10   3   0  58  10   5]
 [ 17 144   5 344   9   0  10   0 125]
 [104  12  11  12 201  65   6   0   2]
 [ 43   2   3   0  25 212   0   0   0]
 [  7  34  97  19   5   0 150  31   5]
 [  0   1  29   0   2   0  32 416   0]
 [  5  79  13 142   6   0   2   0 196]]

******************************************************
SVM:

0.764835164835
[[198  10   4   8  31  75   0   0   1]
 [ 11 260   1  94   4   0  10   0  38]
 [  6  11 169  10   3   0  58  10   5]
 [ 17 144   5 344   9   0  10   0 125]
 [104  12  11  12 201  65   6   0   2]
 [ 43   2   3   0  25 212   0   0   0]
 [  7  34  97  19   5   0 150  31   5]
 [  0   1  29   0   2   0  32 416   0]
 [  5  79  13 142   6   0   2   0 196]]
(5460, 26) (3640, 26)

******************************************************
Decision Tree:

0.539285714286
[[184   7   1   7  65  41   3   0   4]
 [ 10 198   8 102  15   2  33   7  60]
 [  8  15 124  22  14   2  76  26  11]
 [ 10  95  27 327  19   0  30   1 129]
 [ 68   7   3  15 206  47   4   5   3]
 [ 50   5   1   4  59 167   1   0   1]
 [  7  24  59  24  18   1 127  53  14]
 [  0   1  30   1   4   0  49 381   1]
 [ 10  54  17 150  11   2  22   2 249]]

******************************************************
Gaussian Naive Bayes:

0.39478021978
[[116  42  12   9  33 135   0   0   0]
 [ 17 165  11  75  21  27   0   0  90]
 [  0  15 147  15  19   0   3   5  66]
 [ 15 151  34 145  44   8   0   0 255]
 [ 77  51  20  15 157  86   3   1   1]
 [ 43   1   2   0  21 194   1   0   0]
 [  7  70  94  28  23   3  36   8  76]
 [  2  27 113   0  79   0  25 205  24]
 [  3 111  41  19  23   3   0   0 272]]

******************************************************
Multinomial Naive Bayes:

0.179120879121
[[  0   0   0 347   0   0   0   0   0]
 [  0   0   0 406   0   0   0   0   0]
 [  0   0   0 270   0   0   0   0   0]
 [  0   0   0 652   0   0   0   0   0]
 [  0   0   0 411   0   0   0   0   0]
 [  0   0   0 262   0   0   0   0   0]
 [  0   0   0 345   0   0   0   0   0]
 [  0   0   0 475   0   0   0   0   0]
 [  0   0   0 472   0   0   0   0   0]]

******************************************************
Bernoulli Naive Bayes:

0.179120879121
[[  0   0   0 347   0   0   0   0   0]
 [  0   0   0 406   0   0   0   0   0]
 [  0   0   0 270   0   0   0   0   0]
 [  0   0   0 652   0   0   0   0   0]
 [  0   0   0 411   0   0   0   0   0]
 [  0   0   0 262   0   0   0   0   0]
 [  0   0   0 345   0   0   0   0   0]
 [  0   0   0 475   0   0   0   0   0]
 [  0   0   0 472   0   0   0   0   0]]

******************************************************
KNN:

0.594505494505
[[188   9  13   8  41  87   1   0   0]
 [ 10 266   6  92   2   1   5   0  24]
 [  4   8 185  10   4   0  40  14   5]
 [ 13 126  15 373  10   1   1   0 113]
 [ 95  13  17  11 209  63   3   0   0]
 [ 37   1   2   0  15 207   0   0   0]
 [  5  29 104  18   6   0 139  32  12]
 [  0   2  22   1   1   0  35 414   0]
 [  3  82  12 182   5   1   4   0 183]]

******************************************************
SVM:

0.763736263736
[[188   9  13   8  41  87   1   0   0]
 [ 10 266   6  92   2   1   5   0  24]
 [  4   8 185  10   4   0  40  14   5]
 [ 13 126  15 373  10   1   1   0 113]
 [ 95  13  17  11 209  63   3   0   0]
 [ 37   1   2   0  15 207   0   0   0]
 [  5  29 104  18   6   0 139  32  12]
 [  0   2  22   1   1   0  35 414   0]
 [  3  82  12 182   5   1   4   0 183]]
(5460, 26) (3640, 26)

******************************************************
Decision Tree:

0.551923076923
[[207  10   3   7  62  43  10   2   4]
 [ 12 189   6  88   7   2  39   4  66]
 [  5   4 128  19  14   2  70  23  18]
 [  7 122  12 340  17   3  32   2 153]
 [ 44   8  16   6 211  53  10   6   6]
 [ 44   5   1   6  52 177   3   2   0]
 [  5  21  76  29   8   1 132  38  24]
 [  1   1  31   1   4   0  39 383   1]
 [  8  61  24 107   3   0  14   4 242]]

******************************************************
Gaussian Naive Bayes:

0.39010989011
[[107  38  14   7  26 140   0   0   1]
 [ 18 180  12  77  25  20   0   0  89]
 [  1  21 152  35  21   0   6   4  57]
 [ 18 140  31 154  41   9   0   0 210]
 [ 88  45  15  21 130  78   0   1   0]
 [ 60   3   2   0  21 194   1   0   0]
 [  8  71  74  40  31   4  42   9  70]
 [  1  19 101   7  68   0  71 183  14]
 [  3 118  45  39  30   1   0   0 278]]

******************************************************
Multinomial Naive Bayes:

0.165659340659
[[  0   0   0 333   0   0   0   0   0]
 [  0   0   0 421   0   0   0   0   0]
 [  0   0   0 297   0   0   0   0   0]
 [  0   0   0 603   0   0   0   0   0]
 [  0   0   0 378   0   0   0   0   0]
 [  0   0   0 281   0   0   0   0   0]
 [  0   0   0 349   0   0   0   0   0]
 [  0   0   0 464   0   0   0   0   0]
 [  0   0   0 514   0   0   0   0   0]]

******************************************************
Bernoulli Naive Bayes:

0.165659340659
[[  0   0   0 333   0   0   0   0   0]
 [  0   0   0 421   0   0   0   0   0]
 [  0   0   0 297   0   0   0   0   0]
 [  0   0   0 603   0   0   0   0   0]
 [  0   0   0 378   0   0   0   0   0]
 [  0   0   0 281   0   0   0   0   0]
 [  0   0   0 349   0   0   0   0   0]
 [  0   0   0 464   0   0   0   0   0]
 [  0   0   0 514   0   0   0   0   0]]

******************************************************
KNN:

0.570604395604
[[182   8   7   4  42  89   1   0   0]
 [ 19 272   3  99   4   0   3   0  21]
 [  9  12 165  15   3   1  66  18   8]
 [ 21 119   8 350   6   1   7   0  91]
 [106  15   8   9 170  65   5   0   0]
 [ 38   2   2   0  31 208   0   0   0]
 [  9  43  76  30   7   0 131  43  10]
 [  0   4  22   0   1   0  29 408   0]
 [ 11  91  21 190   5   1   4   0 191]]

******************************************************
SVM:

0.773076923077
[[182   8   7   4  42  89   1   0   0]
 [ 19 272   3  99   4   0   3   0  21]
 [  9  12 165  15   3   1  66  18   8]
 [ 21 119   8 350   6   1   7   0  91]
 [106  15   8   9 170  65   5   0   0]
 [ 38   2   2   0  31 208   0   0   0]
 [  9  43  76  30   7   0 131  43  10]
 [  0   4  22   0   1   0  29 408   0]
 [ 11  91  21 190   5   1   4   0 191]]
(5460, 26) (3640, 26)

******************************************************
Decision Tree:

0.545879120879
[[171   8   5  13  67  50   6   0   8]
 [  8 188  11 119   8   4  24   2  68]
 [  8   7 118  24  12   2  71  25  18]
 [  4 108  20 330   9   3  24   1 110]
 [ 59   8  10  15 233  59  12   4  12]
 [ 52   3   1   4  56 178   0   0   1]
 [  9  16  73  28   6   0 132  27  18]
 [  0   5  32   2  10   0  47 425   2]
 [  3  55  25 114   8   0  27   3 212]]

******************************************************
Gaussian Naive Bayes:

0.401648351648
[[ 77  45   9   3  24 156   0   0   0]
 [ 11 174   6  50  25  24   0   1 107]
 [  0  28 175  19  27   0   4   2  40]
 [ 16 140  34 144  43   8   0   0 264]
 [ 70  49   7  13 166  98   4   0   2]
 [ 42   6   1   0  22 224   1   0   0]
 [  6  78 100  29  25   2  32   9  62]
 [  2  18 148   5  70   0  43 191  10]
 [  4  81  27  23  30   5   0   0 279]]

******************************************************
Multinomial Naive Bayes:

0.178296703297
[[  0   0   0 314   0   0   0   0   0]
 [  0   0   0 398   0   0   0   0   0]
 [  0   0   0 295   0   0   0   0   0]
 [  0   0   0 649   0   0   0   0   0]
 [  0   0   0 409   0   0   0   0   0]
 [  0   0   0 296   0   0   0   0   0]
 [  0   0   0 343   0   0   0   0   0]
 [  0   0   0 487   0   0   0   0   0]
 [  0   0   0 449   0   0   0   0   0]]

******************************************************
Bernoulli Naive Bayes:

0.178296703297
[[  0   0   0 314   0   0   0   0   0]
 [  0   0   0 398   0   0   0   0   0]
 [  0   0   0 295   0   0   0   0   0]
 [  0   0   0 649   0   0   0   0   0]
 [  0   0   0 409   0   0   0   0   0]
 [  0   0   0 296   0   0   0   0   0]
 [  0   0   0 343   0   0   0   0   0]
 [  0   0   0 487   0   0   0   0   0]
 [  0   0   0 449   0   0   0   0   0]]

******************************************************
KNN:

0.596978021978
[[171  10   5   1  48  77   1   0   1]
 [  5 261   5  86   2   0   5   1  33]
 [ 11   7 178   8   4   0  62  20   5]
 [ 14 127  18 360  13   1   9   0 107]
 [ 96  19   5   5 203  79   1   0   1]
 [ 41   2   2   0  25 226   0   0   0]
 [  7  34  79  25   9   0 154  29   6]
 [  0   1  18   0   1   0  29 438   0]
 [ 12  75  14 157   7   0   2   0 182]]

******************************************************
SVM:

0.759340659341
[[171  10   5   1  48  77   1   0   1]
 [  5 261   5  86   2   0   5   1  33]
 [ 11   7 178   8   4   0  62  20   5]
 [ 14 127  18 360  13   1   9   0 107]
 [ 96  19   5   5 203  79   1   0   1]
 [ 41   2   2   0  25 226   0   0   0]
 [  7  34  79  25   9   0 154  29   6]
 [  0   1  18   0   1   0  29 438   0]
 [ 12  75  14 157   7   0   2   0 182]]
(5460, 26) (3640, 26)

******************************************************
Decision Tree:

0.534340659341
[[170   4  12  14  77  47  10   1   7]
 [  8 191  10  84   8   0  19   2  58]
 [  6   5 133  15   9   0  66  26  24]
 [  6 115  17 291  12   1  29   0 130]
 [ 69  13  14  17 222  48  12   1  11]
 [ 58  12   3   1  49 177   4   0   4]
 [  8  13  53  23  13   1 146  49  23]
 [  1   3  23   3   4   1  39 388   0]
 [  2  80  22 166  10   1  16   3 227]]

******************************************************
Gaussian Naive Bayes:

0.396703296703
[[106  41   5   6  28 142   0   0   0]
 [ 13 193   9  79  35  29   0   0  78]
 [  1  30 164  21  27   0   7   4  33]
 [ 17 144  31 161  47   8   0   1 205]
 [ 81  46  14  22 145  92   2   1   1]
 [ 52   5   0   0  16 203   0   0   0]
 [  9  78 114  26  29   4  34   5  42]
 [  4  16 151   0  69   0  63 161   6]
 [  4 101  37  33  31   1   0   0 277]]

******************************************************
Multinomial Naive Bayes:

0.168681318681
[[  0   0   0 328   0   0   0   0   0]
 [  0   0   0 436   0   0   0   0   0]
 [  0   0   0 287   0   0   0   0   0]
 [  0   0   0 614   0   0   0   0   0]
 [  0   0   0 404   0   0   0   0   0]
 [  0   0   0 276   0   0   0   0   0]
 [  0   0   0 341   0   0   0   0   0]
 [  0   0   0 470   0   0   0   0   0]
 [  0   0   0 484   0   0   0   0   0]]

******************************************************
Bernoulli Naive Bayes:

0.168681318681
[[  0   0   0 328   0   0   0   0   0]
 [  0   0   0 436   0   0   0   0   0]
 [  0   0   0 287   0   0   0   0   0]
 [  0   0   0 614   0   0   0   0   0]
 [  0   0   0 404   0   0   0   0   0]
 [  0   0   0 276   0   0   0   0   0]
 [  0   0   0 341   0   0   0   0   0]
 [  0   0   0 470   0   0   0   0   0]
 [  0   0   0 484   0   0   0   0   0]]

******************************************************
KNN:

0.57967032967
[[188   7   5   8  38  80   1   0   1]
 [ 12 265   2 111   4   0   4   0  38]
 [ 12   7 166  15   9   0  58  14   6]
 [ 15 129  12 345   6   0   3   0 104]
 [ 94   8   9  19 195  74   5   0   0]
 [ 40   1   0   0  25 210   0   0   0]
 [ 12  39  86  29   6   0 134  29   6]
 [  0   1  29   2   0   0  29 409   0]
 [  8  74  11 181   7   1   4   0 198]]

******************************************************
SVM:

0.762087912088
[[188   7   5   8  38  80   1   0   1]
 [ 12 265   2 111   4   0   4   0  38]
 [ 12   7 166  15   9   0  58  14   6]
 [ 15 129  12 345   6   0   3   0 104]
 [ 94   8   9  19 195  74   5   0   0]
 [ 40   1   0   0  25 210   0   0   0]
 [ 12  39  86  29   6   0 134  29   6]
 [  0   1  29   2   0   0  29 409   0]
 [  8  74  11 181   7   1   4   0 198]]
(5460, 26) (3640, 26)

******************************************************
Decision Tree:

0.547527472527
[[171  12   6  10  65  39   4   0   6]
 [  8 224   9 101   7   3  25   0  63]
 [  4   9 125  21   7   2  75  22  17]
 [ 10  94  21 308  12   2  24   2 137]
 [ 86  14   6  12 219  48  17   9   8]
 [ 47   4   0   4  47 174   0   1   5]
 [  5  20  75  28  13   3 124  42  20]
 [  2   1  28   5   4   0  36 403   3]
 [  3  71  15 119   8   2  17   2 245]]

******************************************************
Gaussian Naive Bayes:

0.403846153846
[[116  46   8  10  26 129   0   1   0]
 [ 17 207  12  55  40  25   0   1  92]
 [  0  24 156  19  26   0  19   6  35]
 [ 16 138  43 129  42   7   0   0 233]
 [ 85  41   8  16 149  77   4   0   2]
 [ 61   6   3   0  15 188   0   0   0]
 [ 12  66  84  18  37   1  58   6  40]
 [  0  15  85   0  92   0  99 186   4]
 [  3 114  35  32  35   3   0   1 281]]

******************************************************
Multinomial Naive Bayes:

0.167032967033
[[  0   0   0 336   0   0   0   0   0]
 [  0   0   0 449   0   0   0   0   0]
 [  0   0   0 285   0   0   0   0   0]
 [  0   0   0 608   0   0   0   0   0]
 [  0   0   0 382   0   0   0   0   0]
 [  0   0   0 273   0   0   0   0   0]
 [  0   0   0 322   0   0   0   0   0]
 [  0   0   0 481   0   0   0   0   0]
 [  0   0   0 504   0   0   0   0   0]]

******************************************************
Bernoulli Naive Bayes:

0.167032967033
[[  0   0   0 336   0   0   0   0   0]
 [  0   0   0 449   0   0   0   0   0]
 [  0   0   0 285   0   0   0   0   0]
 [  0   0   0 608   0   0   0   0   0]
 [  0   0   0 382   0   0   0   0   0]
 [  0   0   0 273   0   0   0   0   0]
 [  0   0   0 322   0   0   0   0   0]
 [  0   0   0 481   0   0   0   0   0]
 [  0   0   0 504   0   0   0   0   0]]

******************************************************
KNN:

0.593406593407
[[197   8   8   2  41  77   2   0   1]
 [ 13 284   3 111   5   0   7   0  26]
 [  6  10 163   7   5   0  70  17   7]
 [ 16 105  17 363  10   1   8   0  88]
 [ 92  12   8  10 198  58   4   0   0]
 [ 54   2   1   0  20 195   1   0   0]
 [  4  41  70  22  10   0 140  27   8]
 [  0   3  15   1   1   0  38 423   0]
 [  8  91  12 181   7   0   8   0 197]]

******************************************************
SVM:

0.764835164835
[[197   8   8   2  41  77   2   0   1]
 [ 13 284   3 111   5   0   7   0  26]
 [  6  10 163   7   5   0  70  17   7]
 [ 16 105  17 363  10   1   8   0  88]
 [ 92  12   8  10 198  58   4   0   0]
 [ 54   2   1   0  20 195   1   0   0]
 [  4  41  70  22  10   0 140  27   8]
 [  0   3  15   1   1   0  38 423   0]
 [  8  91  12 181   7   0   8   0 197]]
(5460, 26) (3640, 26)

******************************************************
Decision Tree:

0.555494505495
[[183  11   8  12  68  43   5   0   7]
 [  9 174   7 113  10   3  23   5  58]
 [ 10   4 152  26  15   2  71  21  24]
 [  3  89  12 323   9   1  30   2 145]
 [ 65  11  11  13 242  53   7  10  11]
 [ 42   5   0   3  47 190   1   1   3]
 [  4  20  70  29   5   2 150  43  19]
 [  0   0  21   1  10   1  34 388   0]
 [  3  49  18 125  10   1  20   4 220]]

******************************************************
Gaussian Naive Bayes:

0.400549450549
[[110  35   9   6  34 124   0   0   1]
 [  9 164   4  65  28  26   0   0  67]
 [  1  35 136  37  23   0  10   4  53]
 [ 22 163  30 160  52   8   0   0 210]
 [ 87  45  15  18 169  81   0   1   0]
 [ 60   4   6   0  24 201   1   0   0]
 [  8  72  76  34  37   3  35   7  69]
 [  1  22 103   1  90   0  39 202  16]
 [  8 110  23  34  29   1   1   0 281]]

******************************************************
Multinomial Naive Bayes:

0.177197802198
[[  0   0   0 319   0   0   0   0   0]
 [  0   0   0 363   0   0   0   0   0]
 [  0   0   0 299   0   0   0   0   0]
 [  0   0   0 645   0   0   0   0   0]
 [  0   0   0 416   0   0   0   0   0]
 [  0   0   0 296   0   0   0   0   0]
 [  0   0   0 341   0   0   0   0   0]
 [  0   0   0 474   0   0   0   0   0]
 [  0   0   0 487   0   0   0   0   0]]

******************************************************
Bernoulli Naive Bayes:

0.177197802198
[[  0   0   0 319   0   0   0   0   0]
 [  0   0   0 363   0   0   0   0   0]
 [  0   0   0 299   0   0   0   0   0]
 [  0   0   0 645   0   0   0   0   0]
 [  0   0   0 416   0   0   0   0   0]
 [  0   0   0 296   0   0   0   0   0]
 [  0   0   0 341   0   0   0   0   0]
 [  0   0   0 474   0   0   0   0   0]
 [  0   0   0 487   0   0   0   0   0]]

******************************************************
KNN:

0.567857142857
[[189   7   7   6  36  71   2   0   1]
 [ 16 230   2  84   3   2   2   1  23]
 [  8  13 166  11   5   0  73  18   5]
 [ 25 120  12 339   9   1  12   0 127]
 [103  11  13  12 205  67   5   0   0]
 [ 58   0   3   1  26 208   0   0   0]
 [  6  47  78  20   5   0 138  35  12]
 [  0   2  27   2   0   0  27 416   0]
 [ 11  96  17 176   9   0   2   0 176]]

******************************************************
SVM:

0.762912087912
[[189   7   7   6  36  71   2   0   1]
 [ 16 230   2  84   3   2   2   1  23]
 [  8  13 166  11   5   0  73  18   5]
 [ 25 120  12 339   9   1  12   0 127]
 [103  11  13  12 205  67   5   0   0]
 [ 58   0   3   1  26 208   0   0   0]
 [  6  47  78  20   5   0 138  35  12]
 [  0   2  27   2   0   0  27 416   0]
 [ 11  96  17 176   9   0   2   0 176]]
(5460, 26) (3640, 26)

******************************************************
Decision Tree:

0.543956043956
[[181  17   9  14  79  75  10   3  10]
 [  5 193   7 119   6   1  24   1  53]
 [ 10  10 133  12  11   1  79  38  24]
 [  7  85  25 319  13   1  29   3 162]
 [ 66  10  14  16 229  31   5   2   7]
 [ 40   2   0   2  49 176   0   0   1]
 [  2  17  64  36  18   1 135  46  19]
 [  0   6  18   2   2   1  34 395   0]
 [  0  61  12 115   7   0  10   1 219]]

******************************************************
Gaussian Naive Bayes:

0.38543956044
[[ 95  48   8   6  25 129   0   0   0]
 [ 18 180   8  42  25  24   0   0 104]
 [  0  20 150  19  26   0   4   3  60]
 [ 15 159  41 110  46   2   0   0 262]
 [ 99  49  20  10 138  94   1   1   2]
 [ 42   7   3   0  17 217   1   0   0]
 [  4  68  97  17  26   2  37   8  67]
 [  1  14 140   8  81   0  34 195  16]
 [  5 112  43  19  30   4   1   0 281]]

******************************************************
Multinomial Naive Bayes:

0.174450549451
[[  0   0   0 311   0   0   0   0   0]
 [  0   0   0 401   0   0   0   0   0]
 [  0   0   0 282   0   0   0   0   0]
 [  0   0   0 635   0   0   0   0   0]
 [  0   0   0 414   0   0   0   0   0]
 [  0   0   0 287   0   0   0   0   0]
 [  0   0   0 326   0   0   0   0   0]
 [  0   0   0 489   0   0   0   0   0]
 [  0   0   0 495   0   0   0   0   0]]

******************************************************
Bernoulli Naive Bayes:

0.174450549451
[[  0   0   0 311   0   0   0   0   0]
 [  0   0   0 401   0   0   0   0   0]
 [  0   0   0 282   0   0   0   0   0]
 [  0   0   0 635   0   0   0   0   0]
 [  0   0   0 414   0   0   0   0   0]
 [  0   0   0 287   0   0   0   0   0]
 [  0   0   0 326   0   0   0   0   0]
 [  0   0   0 489   0   0   0   0   0]
 [  0   0   0 495   0   0   0   0   0]]

******************************************************
KNN:

0.582692307692
[[175   8   8   5  29  85   1   0   0]
 [  6 272   2  84   4   0   5   0  28]
 [  9   7 174  13  10   0  50  12   7]
 [ 17 135  11 353   9   1  12   0  97]
 [116  11  13  10 185  73   6   0   0]
 [ 42   1   3   0  20 221   0   0   0]
 [ 14  29  87  14   3   0 133  35  11]
 [  0   1  31   0   0   0  34 423   0]
 [ 11  98  14 173   9   0   5   0 185]]

******************************************************
SVM:

0.764285714286
[[175   8   8   5  29  85   1   0   0]
 [  6 272   2  84   4   0   5   0  28]
 [  9   7 174  13  10   0  50  12   7]
 [ 17 135  11 353   9   1  12   0  97]
 [116  11  13  10 185  73   6   0   0]
 [ 42   1   3   0  20 221   0   0   0]
 [ 14  29  87  14   3   0 133  35  11]
 [  0   1  31   0   0   0  34 423   0]
 [ 11  98  14 173   9   0   5   0 185]]
(5460, 26) (3640, 26)

******************************************************
Decision Tree:

0.552747252747
[[182   5   1   8  66  58  11   0   6]
 [  9 205  13  85  11   1  35   3  71]
 [ 10  11 120  23  11   1  78  24  23]
 [ 17  96  16 349   7   3  26   1 123]
 [ 70  10  13  17 215  58   6   2   7]
 [ 41   2   0   1  43 152   0   0   1]
 [  3  25  69  21  10   0 149  41  19]
 [  0   2  20   4   3   0  29 410   2]
 [  4  70  17 142   7   0  16   0 230]]

******************************************************
Gaussian Naive Bayes:

0.38543956044
[[104  57  12   8  27 128   0   0   0]
 [ 17 171  15  89  24  21   0   1  88]
 [  0  13 141  22  25   0   9   4  55]
 [ 22 138  30 137  55   9   0   0 259]
 [ 82  39   8  17 147  79   0   1   0]
 [ 47   7   1   0  21 196   0   1   0]
 [ 13  72  84  29  26   4  48   3  71]
 [  1  22  98   4  83   0  66 186  21]
 [  9  99  41  28  29   3   0   0 273]]

******************************************************
Multinomial Naive Bayes:

0.178571428571
[[  0   0   0 336   0   0   0   0   0]
 [  0   0   0 426   0   0   0   0   0]
 [  0   0   0 269   0   0   0   0   0]
 [  0   0   0 650   0   0   0   0   0]
 [  0   0   0 373   0   0   0   0   0]
 [  0   0   0 273   0   0   0   0   0]
 [  0   0   0 350   0   0   0   0   0]
 [  0   0   0 481   0   0   0   0   0]
 [  0   0   0 482   0   0   0   0   0]]

******************************************************
Bernoulli Naive Bayes:

0.178571428571
[[  0   0   0 336   0   0   0   0   0]
 [  0   0   0 426   0   0   0   0   0]
 [  0   0   0 269   0   0   0   0   0]
 [  0   0   0 650   0   0   0   0   0]
 [  0   0   0 373   0   0   0   0   0]
 [  0   0   0 273   0   0   0   0   0]
 [  0   0   0 350   0   0   0   0   0]
 [  0   0   0 481   0   0   0   0   0]
 [  0   0   0 482   0   0   0   0   0]]

******************************************************
KNN:

0.571703296703
[[184  13   9   8  39  83   0   0   0]
 [ 13 260   3 102   7   0   4   0  37]
 [  5   8 166  11  12   0  49  14   4]
 [ 17 138  12 349  11   1   7   0 115]
 [ 90  13  10   6 185  67   1   0   1]
 [ 42   1   1   0  29 200   0   0   0]
 [  7  53  95  18  10   0 126  30  11]
 [  0   1  26   1   0   0  33 420   0]
 [  5  99  15 159   5   1   7   0 191]]

******************************************************
SVM:

0.751923076923
[[184  13   9   8  39  83   0   0   0]
 [ 13 260   3 102   7   0   4   0  37]
 [  5   8 166  11  12   0  49  14   4]
 [ 17 138  12 349  11   1   7   0 115]
 [ 90  13  10   6 185  67   1   0   1]
 [ 42   1   1   0  29 200   0   0   0]
 [  7  53  95  18  10   0 126  30  11]
 [  0   1  26   1   0   0  33 420   0]
 [  5  99  15 159   5   1   7   0 191]]
(5460, 26) (3640, 26)

******************************************************
Decision Tree:

0.540384615385
[[181  10   7  12  76  49   5   1   8]
 [  7 203  14 126   3   3  38   7  59]
 [  2   8 131  27  10   1  66  35  17]
 [ 23  88  15 318  15   2  29   1 122]
 [ 58  12  10  20 214  68   6   9  10]
 [ 39   4   3   3  45 176   2   0   1]
 [ 11  12  75  27   5   2 131  44  14]
 [  2   1  22   1   7   2  37 378   1]
 [  4  49  15 136   7   0  20   3 235]]

******************************************************
Gaussian Naive Bayes:

0.391758241758
[[106  48   7   8  19 139   0   0   0]
 [ 12 160   4  73  23  27   0   0  88]
 [  0  29 159  23  25   0   5   3  48]
 [ 16 163  34 157  46   8   0   0 246]
 [ 88  47   6  13 135  91   1   0   1]
 [ 70  10   3   0  17 203   0   0   0]
 [  5  73  80  33  29   5  34  11  64]
 [  3  13 122   6  77   0  42 199  16]
 [  6 107  28  29  22   2   0   0 273]]

******************************************************
Multinomial Naive Bayes:

0.184065934066
[[  0   0   0 327   0   0   0   0   0]
 [  0   0   0 387   0   0   0   0   0]
 [  0   0   0 292   0   0   0   0   0]
 [  0   0   0 670   0   0   0   0   0]
 [  0   0   0 382   0   0   0   0   0]
 [  0   0   0 303   0   0   0   0   0]
 [  0   0   0 334   0   0   0   0   0]
 [  0   0   0 478   0   0   0   0   0]
 [  0   0   0 467   0   0   0   0   0]]

******************************************************
Bernoulli Naive Bayes:

0.184065934066
[[  0   0   0 327   0   0   0   0   0]
 [  0   0   0 387   0   0   0   0   0]
 [  0   0   0 292   0   0   0   0   0]
 [  0   0   0 670   0   0   0   0   0]
 [  0   0   0 382   0   0   0   0   0]
 [  0   0   0 303   0   0   0   0   0]
 [  0   0   0 334   0   0   0   0   0]
 [  0   0   0 478   0   0   0   0   0]
 [  0   0   0 467   0   0   0   0   0]]

******************************************************
KNN:

0.58021978022
[[200   6   8   5  42  65   1   0   0]
 [ 10 247   0  85   4   0   5   0  36]
 [ 11   9 163  12   8   0  71  13   5]
 [ 14 142  10 367  15   1   8   0 113]
 [106   8   6   9 181  70   2   0   0]
 [ 62   3   2   0  27 209   0   0   0]
 [  8  37  85  19   6   0 136  31  12]
 [  0   3  25   0   1   0  34 415   0]
 [ 10 101   7 138   8   1   8   0 194]]

******************************************************
SVM:

0.761813186813
[[200   6   8   5  42  65   1   0   0]
 [ 10 247   0  85   4   0   5   0  36]
 [ 11   9 163  12   8   0  71  13   5]
 [ 14 142  10 367  15   1   8   0 113]
 [106   8   6   9 181  70   2   0   0]
 [ 62   3   2   0  27 209   0   0   0]
 [  8  37  85  19   6   0 136  31  12]
 [  0   3  25   0   1   0  34 415   0]
 [ 10 101   7 138   8   1   8   0 194]]
###########################################
DT: 
[ 0.54423077  0.53928571  0.55192308  0.54587912  0.53434066  0.54752747
  0.55549451  0.54395604  0.55274725  0.54038462]
0.545576923077
gnb: 
[ 0.39395604  0.39478022  0.39010989  0.40164835  0.3967033   0.40384615
  0.40054945  0.38543956  0.38543956  0.39175824]
0.394423076923
mnb: 
[ 0.17967033  0.17912088  0.16565934  0.1782967   0.16868132  0.16703297
  0.1771978   0.17445055  0.17857143  0.18406593]
0.175274725275
bnb: 
[ 0.17967033  0.17912088  0.16565934  0.1782967   0.16868132  0.16703297
  0.1771978   0.17445055  0.17857143  0.18406593]
0.175274725275
knn: 
[ 0.58956044  0.59450549  0.5706044   0.59697802  0.57967033  0.59340659
  0.56785714  0.58269231  0.5717033   0.58021978]
0.58271978022
svm: 
[ 0.58956044  0.59450549  0.5706044   0.59697802  0.57967033  0.59340659
  0.56785714  0.58269231  0.5717033   0.58021978]
0.58271978022
