Starting read from Train file...
(739, 121)
train.shape = (739, 120)
train_labels.shape = (739, 1)
(444, 120) (295, 120)

******************************************************
Decision Tree:

0.545762711864
[[4 0 0 ..., 0 0 0]
 [1 6 0 ..., 0 0 0]
 [0 0 3 ..., 0 0 0]
 ..., 
 [0 0 0 ..., 7 0 0]
 [0 0 0 ..., 0 7 1]
 [0 0 0 ..., 0 0 1]]

******************************************************
Gaussian Naive Bayes:

0.593220338983
[[2 1 0 ..., 0 0 0]
 [0 8 0 ..., 0 0 0]
 [0 0 1 ..., 0 0 0]
 ..., 
 [0 0 0 ..., 6 0 0]
 [0 0 0 ..., 0 7 0]
 [0 0 0 ..., 0 1 3]]

******************************************************
KNN:
---------------------
KNN ==  5 :

0.528813559322
[[5 0 0 ..., 0 0 0]
 [0 2 0 ..., 0 0 0]
 [0 0 2 ..., 0 0 0]
 ..., 
 [0 0 0 ..., 5 0 0]
 [0 0 0 ..., 0 7 0]
 [0 0 0 ..., 0 1 1]]
---------------------
KNN ==  9 :

0.498305084746
[[4 0 0 ..., 0 0 0]
 [0 4 0 ..., 0 0 0]
 [0 0 2 ..., 0 0 0]
 ..., 
 [0 0 0 ..., 5 0 0]
 [0 0 0 ..., 0 7 0]
 [0 0 0 ..., 0 1 1]]
---------------------
KNN ==  11 :

0.477966101695
[[4 0 0 ..., 0 0 0]
 [0 3 0 ..., 0 0 0]
 [0 0 2 ..., 0 0 0]
 ..., 
 [0 0 0 ..., 3 0 0]
 [0 0 0 ..., 0 7 0]
 [0 0 0 ..., 0 1 0]]
---------------------
KNN ==  13 :

0.467796610169
[[4 0 0 ..., 0 0 0]
 [0 2 1 ..., 0 0 0]
 [0 0 2 ..., 0 0 0]
 ..., 
 [0 0 0 ..., 4 0 0]
 [0 0 0 ..., 0 7 0]
 [0 0 0 ..., 0 1 0]]

******************************************************
SVM:

0.776271186441

******************************************************
Perceptron:

0.132203389831
[[0 0 2 ..., 0 0 0]
 [0 0 6 ..., 0 0 0]
 [0 0 6 ..., 0 0 0]
 ..., 
 [0 0 0 ..., 0 0 0]
 [0 0 0 ..., 0 7 0]
 [0 0 0 ..., 0 1 0]]

******************************************************
LDA:

0.915254237288
[[ 7  0  0 ...,  0  0  0]
 [ 0 11  0 ...,  0  0  0]
 [ 0  0  5 ...,  0  0  0]
 ..., 
 [ 0  0  0 ...,  9  0  0]
 [ 0  0  0 ...,  0  7  0]
 [ 0  0  0 ...,  0  1  5]]

******************************************************
Logistic Regression - ovr:

0.315254237288
[[0 0 0 ..., 0 0 1]
 [0 0 3 ..., 0 0 0]
 [0 0 5 ..., 0 0 0]
 ..., 
 [0 0 0 ..., 2 0 0]
 [0 0 0 ..., 0 7 0]
 [0 0 0 ..., 0 1 2]]

******************************************************
Logistic Regression - mul:

0.318644067797
[[0 0 0 ..., 0 0 0]
 [0 0 3 ..., 0 0 0]
 [0 0 4 ..., 0 0 0]
 ..., 
 [0 0 0 ..., 3 0 0]
 [0 0 0 ..., 0 7 0]
 [0 0 0 ..., 0 1 2]]
######################################################
(444, 120) (295, 120)

******************************************************
Decision Tree:

0.433898305085
[[4 0 0 ..., 0 0 0]
 [0 0 0 ..., 0 0 0]
 [0 0 7 ..., 0 0 0]
 ..., 
 [0 0 0 ..., 4 0 0]
 [0 0 0 ..., 0 2 0]
 [0 0 0 ..., 0 0 2]]

******************************************************
Gaussian Naive Bayes:

0.542372881356
[[3 1 0 ..., 0 0 1]
 [0 2 0 ..., 0 0 0]
 [0 0 3 ..., 0 0 0]
 ..., 
 [0 0 0 ..., 4 0 0]
 [0 0 0 ..., 0 2 0]
 [0 0 0 ..., 0 0 2]]

******************************************************
KNN:
---------------------
KNN ==  5 :

0.522033898305
[[4 1 0 ..., 0 0 0]
 [0 1 0 ..., 0 0 0]
 [0 2 4 ..., 0 0 0]
 ..., 
 [0 0 0 ..., 5 0 0]
 [0 0 0 ..., 0 2 0]
 [0 0 0 ..., 0 0 1]]
---------------------
KNN ==  9 :

0.471186440678
[[4 0 0 ..., 0 0 0]
 [0 2 0 ..., 0 0 0]
 [0 1 3 ..., 0 0 0]
 ..., 
 [0 0 0 ..., 3 0 0]
 [0 0 0 ..., 0 2 0]
 [0 0 0 ..., 0 0 1]]
---------------------
KNN ==  11 :

0.461016949153
[[4 0 0 ..., 0 0 0]
 [0 2 0 ..., 0 0 0]
 [0 1 3 ..., 0 0 0]
 ..., 
 [0 0 0 ..., 2 0 0]
 [0 0 0 ..., 0 2 0]
 [0 0 0 ..., 0 0 2]]
---------------------
KNN ==  13 :

0.437288135593
[[4 0 0 ..., 0 0 0]
 [0 2 0 ..., 0 0 0]
 [0 1 2 ..., 0 0 0]
 ..., 
 [0 0 0 ..., 2 0 0]
 [0 0 0 ..., 0 2 0]
 [0 0 0 ..., 0 0 2]]

******************************************************
SVM:

0.783050847458

******************************************************
Perceptron:

0.0508474576271
[[0 2 0 ..., 0 0 0]
 [0 1 0 ..., 0 0 0]
 [0 8 0 ..., 0 0 0]
 ..., 
 [0 0 0 ..., 0 0 0]
 [0 0 0 ..., 0 2 0]
 [0 0 0 ..., 0 0 0]]

******************************************************
LDA:

0.922033898305
[[8 0 0 ..., 0 0 0]
 [0 3 0 ..., 0 0 0]
 [0 0 8 ..., 0 0 0]
 ..., 
 [0 0 0 ..., 9 0 0]
 [0 0 0 ..., 0 2 0]
 [0 0 0 ..., 0 0 7]]

******************************************************
Logistic Regression - ovr:

0.223728813559
[[0 3 0 ..., 0 1 0]
 [0 2 0 ..., 0 0 0]
 [0 4 2 ..., 0 0 0]
 ..., 
 [0 0 0 ..., 0 0 0]
 [0 0 0 ..., 0 2 0]
 [0 0 0 ..., 0 2 0]]

******************************************************
Logistic Regression - mul:

0.216949152542
[[0 3 0 ..., 0 1 0]
 [0 1 0 ..., 0 0 0]
 [0 4 3 ..., 0 0 0]
 ..., 
 [0 0 0 ..., 0 0 0]
 [0 0 0 ..., 0 2 0]
 [0 0 0 ..., 0 1 1]]
######################################################
(444, 120) (295, 120)

******************************************************
Decision Tree:

0.505084745763
[[2 0 0 ..., 1 0 0]
 [0 1 0 ..., 0 0 0]
 [0 0 3 ..., 0 0 0]
 ..., 
 [0 0 0 ..., 5 0 0]
 [0 0 0 ..., 0 7 0]
 [1 0 0 ..., 0 0 1]]

******************************************************
Gaussian Naive Bayes:

0.522033898305
[[3 2 0 ..., 0 0 0]
 [0 2 0 ..., 0 0 0]
 [0 0 0 ..., 0 0 0]
 ..., 
 [0 0 0 ..., 4 0 0]
 [0 0 0 ..., 0 7 0]
 [0 0 0 ..., 0 0 3]]

******************************************************
KNN:
---------------------
KNN ==  5 :

0.528813559322
[[4 1 0 ..., 0 0 0]
 [0 2 0 ..., 0 0 0]
 [1 0 2 ..., 0 0 0]
 ..., 
 [0 0 0 ..., 4 0 0]
 [0 0 0 ..., 0 7 0]
 [1 0 0 ..., 0 0 0]]
---------------------
KNN ==  9 :

0.51186440678
[[4 0 0 ..., 0 0 0]
 [1 1 0 ..., 0 0 0]
 [0 0 2 ..., 0 0 0]
 ..., 
 [0 0 0 ..., 4 0 0]
 [0 0 0 ..., 0 7 0]
 [0 0 0 ..., 0 0 0]]
---------------------
KNN ==  11 :

0.477966101695
[[5 0 0 ..., 0 0 0]
 [0 1 0 ..., 0 0 0]
 [0 0 2 ..., 0 0 0]
 ..., 
 [0 0 0 ..., 4 0 0]
 [0 0 0 ..., 0 7 0]
 [0 0 0 ..., 0 0 0]]
---------------------
KNN ==  13 :

0.471186440678
[[4 1 0 ..., 0 0 0]
 [1 1 0 ..., 0 0 0]
 [0 0 2 ..., 0 0 0]
 ..., 
 [0 0 0 ..., 4 0 0]
 [0 0 0 ..., 0 7 0]
 [0 0 0 ..., 0 0 0]]

******************************************************
SVM:

0.789830508475

******************************************************
Perceptron:

0.0508474576271
[[ 0  6  0 ...,  0  0  0]
 [ 0  3  0 ...,  0  0  0]
 [ 0  6  0 ...,  0  0  0]
 ..., 
 [ 0 10  0 ...,  0  0  0]
 [ 0  7  0 ...,  0  0  0]
 [ 0 11  0 ...,  0  0  0]]

******************************************************
LDA:

0.894915254237
[[ 3  0  0 ...,  0  0  0]
 [ 0  3  0 ...,  0  0  0]
 [ 0  0  6 ...,  0  0  0]
 ..., 
 [ 0  0  0 ..., 10  0  0]
 [ 0  0  0 ...,  0  7  0]
 [ 0  0  0 ...,  0  0  7]]

******************************************************
Logistic Regression - ovr:

0.28813559322
[[1 3 0 ..., 0 0 0]
 [0 1 1 ..., 0 0 0]
 [0 2 3 ..., 0 0 0]
 ..., 
 [0 0 0 ..., 2 0 0]
 [0 0 0 ..., 0 7 0]
 [0 0 0 ..., 0 0 0]]

******************************************************
Logistic Regression - mul:

0.298305084746
[[1 3 0 ..., 0 0 0]
 [0 2 0 ..., 0 0 0]
 [0 3 3 ..., 0 0 0]
 ..., 
 [0 0 0 ..., 4 0 0]
 [0 0 0 ..., 0 7 0]
 [0 0 0 ..., 0 0 0]]
######################################################
(444, 120) (295, 120)

******************************************************
Decision Tree:

0.467796610169
[[ 4  0  0 ...,  0  0  0]
 [ 0  1  0 ...,  0  0  0]
 [ 0  0  3 ...,  0  0  0]
 ..., 
 [ 0  0  0 ...,  5  0  0]
 [ 0  0  0 ...,  0 10  1]
 [ 0  0  0 ...,  0  0  5]]

******************************************************
Gaussian Naive Bayes:

0.593220338983
[[ 3  1  0 ...,  0  0  0]
 [ 0  3  0 ...,  0  0  0]
 [ 0  0  0 ...,  0  0  0]
 ..., 
 [ 0  0  0 ...,  4  0  0]
 [ 0  0  0 ...,  0 10  0]
 [ 0  0  0 ...,  0  2  5]]

******************************************************
KNN:
---------------------
KNN ==  5 :

0.528813559322
[[ 4  0  0 ...,  0  0  0]
 [ 0  2  0 ...,  0  0  0]
 [ 0  1  2 ...,  0  0  0]
 ..., 
 [ 0  0  0 ...,  4  0  0]
 [ 0  0  0 ...,  0 10  0]
 [ 1  0  0 ...,  0  1  2]]
---------------------
KNN ==  9 :

0.457627118644
[[ 4  0  0 ...,  0  0  0]
 [ 0  1  0 ...,  0  0  0]
 [ 0  0  0 ...,  0  0  0]
 ..., 
 [ 0  0  0 ...,  4  0  0]
 [ 0  0  0 ...,  0 10  0]
 [ 1  0  0 ...,  0  1  1]]
---------------------
KNN ==  11 :

0.427118644068
[[ 4  0  0 ...,  0  0  0]
 [ 0  2  0 ...,  0  0  0]
 [ 0  0  0 ...,  0  0  0]
 ..., 
 [ 0  0  0 ...,  4  0  0]
 [ 0  0  0 ...,  0 10  0]
 [ 0  0  0 ...,  0  1  1]]
---------------------
KNN ==  13 :

0.416949152542
[[ 5  0  0 ...,  0  0  0]
 [ 0  1  0 ...,  0  0  0]
 [ 0  0  0 ...,  0  0  0]
 ..., 
 [ 0  0  0 ...,  2  0  0]
 [ 0  0  0 ...,  0 10  0]
 [ 0  0  0 ...,  0  1  0]]

******************************************************
SVM:

0.749152542373

******************************************************
Perceptron:

0.0542372881356
[[0 2 0 ..., 0 0 0]
 [0 2 0 ..., 0 0 0]
 [0 7 0 ..., 0 0 0]
 ..., 
 [0 0 0 ..., 0 0 0]
 [0 1 0 ..., 0 0 0]
 [0 1 0 ..., 0 0 1]]

******************************************************
LDA:

0.905084745763
[[ 5  0  0 ...,  0  0  0]
 [ 0  3  0 ...,  0  0  0]
 [ 0  0  6 ...,  0  0  0]
 ..., 
 [ 0  0  0 ..., 10  0  0]
 [ 0  0  0 ...,  0 10  0]
 [ 0  0  0 ...,  0  2  7]]

******************************************************
Logistic Regression - ovr:

0.271186440678
[[ 0  4  0 ...,  0  0  0]
 [ 0  2  0 ...,  0  0  0]
 [ 0  3  0 ...,  0  0  0]
 ..., 
 [ 0  0  0 ...,  2  0  0]
 [ 0  0  0 ...,  0 10  0]
 [ 0  0  0 ...,  0  1  1]]

******************************************************
Logistic Regression - mul:

0.281355932203
[[ 1  4  0 ...,  0  0  0]
 [ 0  2  0 ...,  0  0  0]
 [ 0  3  0 ...,  0  0  0]
 ..., 
 [ 0  0  0 ...,  4  0  0]
 [ 0  0  0 ...,  0 10  0]
 [ 0  0  0 ...,  0  1  1]]
######################################################
(444, 120) (295, 120)

******************************************************
Decision Tree:

0.545762711864
[[4 1 0 ..., 0 0 0]
 [0 3 0 ..., 0 0 0]
 [0 0 7 ..., 0 0 0]
 ..., 
 [0 0 0 ..., 5 0 0]
 [0 0 0 ..., 0 6 0]
 [0 0 0 ..., 0 0 5]]

******************************************************
Gaussian Naive Bayes:

0.538983050847
[[4 0 0 ..., 0 0 0]
 [1 7 0 ..., 0 0 0]
 [0 0 0 ..., 0 0 0]
 ..., 
 [0 0 0 ..., 6 0 0]
 [0 0 0 ..., 0 6 0]
 [0 0 0 ..., 0 0 4]]

******************************************************
KNN:
---------------------
KNN ==  5 :

0.518644067797
[[5 0 0 ..., 0 0 0]
 [0 5 1 ..., 0 0 0]
 [0 1 4 ..., 0 0 0]
 ..., 
 [0 0 0 ..., 6 0 0]
 [0 0 0 ..., 0 6 0]
 [0 0 0 ..., 0 0 2]]
---------------------
KNN ==  9 :

0.481355932203
[[5 0 0 ..., 0 0 0]
 [0 3 0 ..., 0 0 0]
 [0 1 3 ..., 0 0 0]
 ..., 
 [0 0 0 ..., 6 0 0]
 [0 0 0 ..., 0 6 0]
 [0 0 0 ..., 0 0 1]]
---------------------
KNN ==  11 :

0.44406779661
[[4 0 0 ..., 0 0 0]
 [0 2 0 ..., 0 0 0]
 [0 1 2 ..., 0 0 0]
 ..., 
 [0 0 0 ..., 4 0 0]
 [0 0 0 ..., 0 6 0]
 [0 0 0 ..., 0 0 0]]
---------------------
KNN ==  13 :

0.433898305085
[[5 0 0 ..., 0 0 0]
 [0 2 0 ..., 0 0 0]
 [0 1 2 ..., 0 0 0]
 ..., 
 [0 0 0 ..., 5 0 0]
 [0 0 0 ..., 0 6 0]
 [0 0 0 ..., 0 0 0]]

******************************************************
SVM:

0.796610169492

******************************************************
Perceptron:

0.101694915254
[[0 0 7 ..., 0 0 0]
 [0 0 8 ..., 0 0 0]
 [0 0 8 ..., 0 0 0]
 ..., 
 [0 0 0 ..., 0 0 0]
 [0 0 0 ..., 0 6 0]
 [0 0 1 ..., 0 2 0]]

******************************************************
LDA:

0.918644067797
[[ 7  0  0 ...,  0  0  0]
 [ 0  9  0 ...,  0  0  0]
 [ 0  0  7 ...,  0  0  0]
 ..., 
 [ 0  0  0 ..., 11  0  0]
 [ 0  0  0 ...,  0  6  0]
 [ 0  0  0 ...,  0  0  7]]

******************************************************
Logistic Regression - ovr:

0.298305084746
[[2 0 0 ..., 0 0 0]
 [0 0 0 ..., 0 0 0]
 [0 0 0 ..., 0 0 0]
 ..., 
 [0 0 0 ..., 2 0 0]
 [0 0 0 ..., 0 6 0]
 [0 0 0 ..., 0 0 0]]

******************************************************
Logistic Regression - mul:

0.294915254237
[[1 0 0 ..., 0 0 0]
 [0 0 0 ..., 0 0 0]
 [0 0 0 ..., 0 0 0]
 ..., 
 [0 0 0 ..., 3 0 0]
 [0 0 0 ..., 0 6 0]
 [0 0 0 ..., 0 0 0]]
######################################################
(444, 120) (295, 120)

******************************************************
Decision Tree:

0.454237288136
[[4 1 0 ..., 0 0 0]
 [0 4 0 ..., 0 0 0]
 [0 0 5 ..., 0 0 0]
 ..., 
 [0 0 0 ..., 4 0 0]
 [0 0 0 ..., 0 7 0]
 [0 0 0 ..., 0 0 1]]

******************************************************
Gaussian Naive Bayes:

0.566101694915
[[3 0 0 ..., 0 0 0]
 [0 5 0 ..., 0 0 0]
 [0 0 2 ..., 0 0 0]
 ..., 
 [0 0 0 ..., 6 0 0]
 [0 0 0 ..., 0 7 0]
 [0 0 0 ..., 0 0 0]]

******************************************************
KNN:
---------------------
KNN ==  5 :

0.562711864407
[[8 0 0 ..., 0 0 0]
 [0 6 0 ..., 0 0 0]
 [0 0 2 ..., 0 0 0]
 ..., 
 [0 0 0 ..., 6 0 0]
 [0 0 0 ..., 0 7 0]
 [0 0 0 ..., 0 0 0]]
---------------------
KNN ==  9 :

0.505084745763
[[6 0 0 ..., 0 0 0]
 [0 3 1 ..., 0 0 0]
 [0 0 2 ..., 0 0 0]
 ..., 
 [0 0 0 ..., 4 0 0]
 [0 0 0 ..., 0 7 0]
 [0 0 0 ..., 0 0 0]]
---------------------
KNN ==  11 :

0.48813559322
[[7 0 0 ..., 0 0 0]
 [0 2 1 ..., 0 0 0]
 [0 0 2 ..., 0 0 0]
 ..., 
 [0 0 0 ..., 4 0 0]
 [0 0 0 ..., 0 7 0]
 [0 0 0 ..., 0 0 0]]
---------------------
KNN ==  13 :

0.477966101695
[[6 0 0 ..., 0 0 0]
 [0 2 1 ..., 0 0 0]
 [0 0 2 ..., 0 0 0]
 ..., 
 [0 0 0 ..., 4 0 0]
 [0 0 0 ..., 0 7 0]
 [0 0 0 ..., 0 0 0]]

******************************************************
SVM:

0.796610169492

******************************************************
Perceptron:

0.118644067797
[[0 0 7 ..., 0 0 0]
 [0 0 7 ..., 0 0 0]
 [0 0 6 ..., 0 0 0]
 ..., 
 [0 0 0 ..., 0 0 0]
 [0 0 0 ..., 0 0 0]
 [0 0 0 ..., 0 0 0]]

******************************************************
LDA:

0.928813559322
[[9 0 0 ..., 0 0 0]
 [0 7 0 ..., 0 0 0]
 [0 0 5 ..., 0 0 0]
 ..., 
 [0 0 0 ..., 9 0 0]
 [0 0 0 ..., 0 7 0]
 [0 0 0 ..., 0 0 3]]

******************************************************
Logistic Regression - ovr:

0.298305084746
[[0 0 0 ..., 0 1 1]
 [0 0 1 ..., 0 0 0]
 [0 0 4 ..., 0 0 0]
 ..., 
 [0 0 0 ..., 4 0 0]
 [0 0 0 ..., 0 7 0]
 [0 0 0 ..., 0 0 3]]

******************************************************
Logistic Regression - mul:

0.315254237288
[[0 0 0 ..., 0 1 1]
 [0 1 1 ..., 0 0 0]
 [0 1 4 ..., 0 0 0]
 ..., 
 [0 0 0 ..., 5 0 0]
 [0 0 0 ..., 0 7 0]
 [0 0 0 ..., 0 0 2]]
######################################################
(444, 120) (295, 120)

******************************************************
Decision Tree:

0.481355932203
[[2 0 0 ..., 0 0 0]
 [1 5 0 ..., 0 0 0]
 [0 0 4 ..., 0 0 0]
 ..., 
 [0 0 0 ..., 3 0 0]
 [0 0 0 ..., 0 6 0]
 [1 0 0 ..., 0 3 5]]

******************************************************
Gaussian Naive Bayes:

0.538983050847
[[3 3 0 ..., 0 0 0]
 [0 4 0 ..., 0 0 0]
 [0 0 2 ..., 0 0 0]
 ..., 
 [0 0 0 ..., 5 0 0]
 [0 0 0 ..., 0 9 0]
 [0 0 0 ..., 0 0 3]]

******************************************************
KNN:
---------------------
KNN ==  5 :

0.481355932203
[[3 0 0 ..., 0 0 0]
 [0 2 0 ..., 0 0 0]
 [0 2 3 ..., 0 0 0]
 ..., 
 [0 0 0 ..., 5 0 0]
 [0 0 0 ..., 0 9 0]
 [0 0 1 ..., 0 0 3]]
---------------------
KNN ==  9 :

0.447457627119
[[1 0 0 ..., 0 0 0]
 [0 1 0 ..., 0 0 0]
 [0 3 3 ..., 0 0 0]
 ..., 
 [0 0 0 ..., 4 0 0]
 [0 0 0 ..., 0 9 0]
 [0 0 1 ..., 0 0 0]]
---------------------
KNN ==  11 :

0.44406779661
[[2 0 0 ..., 0 0 0]
 [0 1 0 ..., 0 0 0]
 [0 2 3 ..., 0 0 0]
 ..., 
 [0 0 0 ..., 3 0 0]
 [0 0 0 ..., 0 8 0]
 [0 0 1 ..., 0 0 0]]
---------------------
KNN ==  13 :

0.413559322034
[[1 0 0 ..., 0 0 0]
 [0 0 0 ..., 0 0 0]
 [0 2 1 ..., 0 0 0]
 ..., 
 [0 0 0 ..., 3 0 0]
 [0 0 0 ..., 0 8 0]
 [0 0 1 ..., 0 0 0]]

******************************************************
SVM:

0.725423728814

******************************************************
Perceptron:

0.0813559322034
[[ 0  0 10 ...,  0  0  0]
 [ 0  0  9 ...,  0  0  0]
 [ 0  0 10 ...,  0  0  0]
 ..., 
 [ 0  0  0 ...,  3  0  0]
 [ 0  0  9 ...,  0  0  0]
 [ 0  0  9 ...,  0  0  0]]

******************************************************
LDA:

0.884745762712
[[11  0  0 ...,  0  0  0]
 [ 0  9  0 ...,  0  0  0]
 [ 0  0  4 ...,  0  0  0]
 ..., 
 [ 0  0  0 ...,  7  0  0]
 [ 0  0  0 ...,  0  9  0]
 [ 0  0  0 ...,  0  0  9]]

******************************************************
Logistic Regression - ovr:

0.298305084746
[[0 0 0 ..., 0 0 0]
 [0 0 0 ..., 0 0 0]
 [0 0 0 ..., 0 0 0]
 ..., 
 [0 0 0 ..., 5 0 0]
 [0 0 0 ..., 0 9 0]
 [0 0 0 ..., 0 0 0]]

******************************************************
Logistic Regression - mul:

0.328813559322
[[0 0 0 ..., 0 0 0]
 [0 0 0 ..., 0 0 0]
 [0 0 1 ..., 0 0 0]
 ..., 
 [0 0 0 ..., 5 0 0]
 [0 0 0 ..., 0 9 0]
 [0 0 0 ..., 0 0 0]]
######################################################
(444, 120) (295, 120)

******************************************************
Decision Tree:

0.484745762712
[[1 0 0 ..., 0 0 0]
 [2 2 0 ..., 0 0 0]
 [0 0 6 ..., 0 0 0]
 ..., 
 [0 0 0 ..., 5 0 0]
 [0 0 0 ..., 0 8 1]
 [2 0 0 ..., 0 0 3]]

******************************************************
Gaussian Naive Bayes:

0.579661016949
[[4 0 0 ..., 0 0 0]
 [0 4 0 ..., 0 0 0]
 [0 0 4 ..., 0 0 0]
 ..., 
 [0 0 0 ..., 5 0 0]
 [0 0 0 ..., 0 8 0]
 [0 0 0 ..., 0 2 3]]

******************************************************
KNN:
---------------------
KNN ==  5 :

0.532203389831
[[5 0 0 ..., 0 0 0]
 [0 4 0 ..., 0 0 0]
 [0 0 7 ..., 0 0 0]
 ..., 
 [0 0 0 ..., 5 0 0]
 [0 0 0 ..., 0 8 0]
 [0 0 0 ..., 0 2 1]]
---------------------
KNN ==  9 :

0.491525423729
[[5 0 0 ..., 0 0 0]
 [0 4 0 ..., 0 0 0]
 [0 2 4 ..., 0 0 0]
 ..., 
 [0 0 0 ..., 3 0 0]
 [0 0 0 ..., 0 8 0]
 [0 0 0 ..., 0 1 1]]
---------------------
KNN ==  11 :

0.501694915254
[[5 0 0 ..., 0 0 0]
 [0 5 0 ..., 0 0 0]
 [0 2 4 ..., 0 0 0]
 ..., 
 [0 0 0 ..., 4 0 0]
 [0 0 0 ..., 0 8 0]
 [0 0 0 ..., 0 1 0]]
---------------------
KNN ==  13 :

0.447457627119
[[5 0 0 ..., 0 0 0]
 [0 2 0 ..., 0 0 0]
 [0 2 3 ..., 0 0 0]
 ..., 
 [0 0 0 ..., 5 0 0]
 [0 0 0 ..., 0 8 0]
 [0 0 0 ..., 0 1 0]]

******************************************************
SVM:

0.772881355932

******************************************************
Perceptron:

0.0813559322034
[[ 0  0 11 ...,  0  0  0]
 [ 0  0  6 ...,  0  0  0]
 [ 0  0 10 ...,  0  0  0]
 ..., 
 [ 0  0  0 ...,  0  0  0]
 [ 0  0  8 ...,  0  0  0]
 [ 0  0  9 ...,  0  0  0]]

******************************************************
LDA:

0.945762711864
[[11  0  0 ...,  0  0  0]
 [ 0  6  0 ...,  0  0  0]
 [ 0  0  8 ...,  0  0  0]
 ..., 
 [ 0  0  0 ...,  8  0  0]
 [ 0  0  0 ...,  0  8  0]
 [ 0  0  0 ...,  0  2  7]]

******************************************************
Logistic Regression - ovr:

0.315254237288
[[0 1 0 ..., 0 1 0]
 [0 2 0 ..., 0 0 0]
 [0 0 0 ..., 0 0 0]
 ..., 
 [0 0 0 ..., 5 0 0]
 [0 0 0 ..., 0 8 0]
 [0 0 0 ..., 0 2 0]]

******************************************************
Logistic Regression - mul:

0.322033898305
[[0 2 0 ..., 0 0 0]
 [0 3 0 ..., 0 0 0]
 [0 1 0 ..., 0 0 0]
 ..., 
 [0 0 0 ..., 5 0 0]
 [0 0 0 ..., 0 8 0]
 [0 0 0 ..., 0 2 2]]
######################################################
(444, 120) (295, 120)

******************************************************
Decision Tree:

0.433898305085
[[1 0 0 ..., 0 0 0]
 [1 1 0 ..., 0 0 0]
 [0 0 4 ..., 0 0 0]
 ..., 
 [0 0 0 ..., 2 0 0]
 [0 0 0 ..., 0 8 0]
 [0 0 0 ..., 0 1 2]]

******************************************************
Gaussian Naive Bayes:

0.572881355932
[[5 1 0 ..., 0 0 0]
 [0 3 0 ..., 0 0 0]
 [0 0 2 ..., 0 0 0]
 ..., 
 [0 0 0 ..., 3 0 0]
 [0 0 0 ..., 0 9 0]
 [0 0 0 ..., 0 0 2]]

******************************************************
KNN:
---------------------
KNN ==  5 :

0.593220338983
[[6 1 0 ..., 0 0 0]
 [0 2 0 ..., 0 0 0]
 [0 0 3 ..., 0 0 0]
 ..., 
 [0 0 0 ..., 5 0 0]
 [0 0 0 ..., 0 9 0]
 [0 0 0 ..., 0 0 2]]
---------------------
KNN ==  9 :

0.522033898305
[[3 1 0 ..., 0 0 0]
 [0 3 0 ..., 0 0 0]
 [0 0 2 ..., 0 0 0]
 ..., 
 [0 0 0 ..., 5 0 0]
 [0 0 0 ..., 0 9 0]
 [0 0 0 ..., 0 0 2]]
---------------------
KNN ==  11 :

0.508474576271
[[3 1 0 ..., 0 0 0]
 [0 2 0 ..., 0 0 0]
 [0 0 1 ..., 0 0 0]
 ..., 
 [0 0 0 ..., 1 0 0]
 [0 0 0 ..., 0 9 0]
 [0 0 0 ..., 0 0 2]]
---------------------
KNN ==  13 :

0.491525423729
[[3 1 0 ..., 0 0 0]
 [0 1 0 ..., 0 0 0]
 [0 0 2 ..., 0 0 0]
 ..., 
 [0 0 0 ..., 3 0 0]
 [0 0 0 ..., 0 9 0]
 [0 0 0 ..., 0 0 1]]

******************************************************
SVM:

0.772881355932

******************************************************
Perceptron:

0.0101694915254
[[ 0 11  0 ...,  0  0  0]
 [ 0  3  0 ...,  0  0  0]
 [ 0  8  0 ...,  0  0  0]
 ..., 
 [ 0  6  0 ...,  0  0  0]
 [ 0  9  0 ...,  0  0  0]
 [ 0  4  0 ...,  0  0  0]]

******************************************************
LDA:

0.922033898305
[[11  0  0 ...,  0  0  0]
 [ 0  3  0 ...,  0  0  0]
 [ 0  0  7 ...,  0  0  0]
 ..., 
 [ 0  0  0 ...,  7  0  0]
 [ 0  0  0 ...,  0  9  0]
 [ 0  0  0 ...,  0  0  4]]

******************************************************
Logistic Regression - ovr:

0.250847457627
[[0 6 0 ..., 0 0 1]
 [0 1 0 ..., 0 0 0]
 [0 4 1 ..., 0 0 0]
 ..., 
 [0 0 0 ..., 7 0 0]
 [0 0 0 ..., 0 9 0]
 [0 0 0 ..., 0 0 4]]

******************************************************
Logistic Regression - mul:

0.28813559322
[[0 6 0 ..., 0 0 0]
 [0 2 0 ..., 0 0 0]
 [0 4 1 ..., 0 0 0]
 ..., 
 [0 0 0 ..., 6 0 0]
 [0 0 0 ..., 0 9 0]
 [0 0 0 ..., 0 0 4]]
######################################################
(444, 120) (295, 120)

******************************************************
Decision Tree:

0.450847457627
[[4 0 0 ..., 0 0 0]
 [1 3 0 ..., 0 0 0]
 [0 0 4 ..., 0 0 0]
 ..., 
 [0 0 0 ..., 2 0 0]
 [0 0 0 ..., 0 5 0]
 [0 0 0 ..., 0 0 4]]

******************************************************
Gaussian Naive Bayes:

0.542372881356
[[4 1 0 ..., 0 0 1]
 [0 8 0 ..., 0 0 0]
 [0 0 1 ..., 0 0 0]
 ..., 
 [0 0 0 ..., 5 0 0]
 [0 0 0 ..., 0 5 0]
 [0 0 0 ..., 0 0 2]]

******************************************************
KNN:
---------------------
KNN ==  5 :

0.532203389831
[[5 1 0 ..., 0 0 0]
 [1 6 0 ..., 0 0 0]
 [0 3 0 ..., 0 0 0]
 ..., 
 [0 0 0 ..., 2 0 0]
 [0 0 0 ..., 0 5 0]
 [0 0 0 ..., 0 0 2]]
---------------------
KNN ==  9 :

0.464406779661
[[5 0 0 ..., 0 0 0]
 [0 3 0 ..., 0 0 0]
 [0 1 0 ..., 0 0 0]
 ..., 
 [0 0 0 ..., 2 0 0]
 [0 0 0 ..., 0 5 0]
 [0 0 0 ..., 0 0 0]]
---------------------
KNN ==  11 :

0.437288135593
[[5 0 0 ..., 0 0 0]
 [0 2 0 ..., 0 0 0]
 [0 1 0 ..., 0 0 0]
 ..., 
 [0 0 0 ..., 2 0 0]
 [0 0 0 ..., 0 5 0]
 [0 0 0 ..., 0 0 0]]
---------------------
KNN ==  13 :

0.427118644068
[[5 0 0 ..., 0 0 0]
 [0 3 1 ..., 0 0 0]
 [0 0 0 ..., 0 0 0]
 ..., 
 [0 0 0 ..., 2 0 0]
 [0 0 0 ..., 0 5 0]
 [0 0 0 ..., 0 0 0]]

******************************************************
SVM:

0.732203389831

******************************************************
Perceptron:

0.105084745763
[[0 0 0 ..., 0 0 0]
 [0 0 3 ..., 0 0 0]
 [0 0 6 ..., 0 0 0]
 ..., 
 [0 0 0 ..., 0 0 0]
 [0 0 0 ..., 0 5 0]
 [0 0 0 ..., 0 0 4]]

******************************************************
LDA:

0.908474576271
[[6 0 0 ..., 0 0 0]
 [0 9 0 ..., 0 0 0]
 [0 0 6 ..., 0 0 0]
 ..., 
 [0 0 0 ..., 7 0 0]
 [0 0 0 ..., 0 5 0]
 [0 0 0 ..., 0 0 5]]

******************************************************
Logistic Regression - ovr:

0.349152542373
[[0 0 0 ..., 0 1 1]
 [0 0 0 ..., 0 0 0]
 [0 0 1 ..., 0 0 0]
 ..., 
 [0 0 0 ..., 7 0 0]
 [0 0 0 ..., 0 5 0]
 [0 0 0 ..., 0 0 5]]

******************************************************
Logistic Regression - mul:

0.35593220339
[[0 0 0 ..., 0 0 0]
 [0 0 0 ..., 0 0 0]
 [0 0 1 ..., 0 0 0]
 ..., 
 [0 0 0 ..., 7 0 0]
 [0 0 0 ..., 0 5 0]
 [0 0 0 ..., 0 0 4]]
######################################################
######################################################
DT: 
[ 0.54576271  0.43389831  0.50508475  0.46779661  0.54576271  0.45423729
  0.48135593  0.48474576  0.43389831  0.45084746]
0.480338983051
gnb: 
[ 0.59322034  0.54237288  0.5220339   0.59322034  0.53898305  0.56610169
  0.53898305  0.57966102  0.57288136  0.54237288]
0.558983050847
knn: 
[ 0.52881356  0.49830508  0.4779661   0.46779661  0.5220339   0.47118644
  0.46101695  0.43728814  0.52881356  0.51186441  0.4779661   0.47118644
  0.52881356  0.45762712  0.42711864  0.41694915  0.51864407  0.48135593
  0.4440678   0.43389831  0.56271186  0.50508475  0.48813559  0.4779661
  0.48135593  0.44745763  0.4440678   0.41355932  0.53220339  0.49152542
  0.50169492  0.44745763  0.59322034  0.5220339   0.50847458  0.49152542
  0.53220339  0.46440678  0.43728814  0.42711864]
0.483305084746
9  =  0.485084745763
11  =  0.466779661017
5  =  0.532881355932
13  =  0.448474576271
svm: 
[ 0.77627119  0.78305085  0.78983051  0.74915254  0.79661017  0.79661017
  0.72542373  0.77288136  0.77288136  0.73220339]
0.769491525424
per: 
[ 0.13220339  0.05084746  0.05084746  0.05423729  0.10169492  0.11864407
  0.08135593  0.08135593  0.01016949  0.10508475]
0.0786440677966
lda: 
[ 0.91525424  0.9220339   0.89491525  0.90508475  0.91864407  0.92881356
  0.88474576  0.94576271  0.9220339   0.90847458]
0.914576271186
lr_ovr: 
[ 0.31525424  0.22372881  0.28813559  0.27118644  0.29830508  0.29830508
  0.29830508  0.31525424  0.25084746  0.34915254]
0.290847457627
lr_mul: 
[ 0.31864407  0.21694915  0.29830508  0.28135593  0.29491525  0.31525424
  0.32881356  0.3220339   0.28813559  0.3559322 ]
0.302033898305
