Starting read from Train file...
train.shape = (9100, 256)
train_labels.shape = (9100, 1)
(5460, 256) (3640, 256)

******************************************************
Decision Tree:

0.607417582418
[[153  14   7   0  85  33   2   1  11]
 [ 19 253  16   1  11   2  31  23  28]
 [ 13  26 139   4   8   0  34  24  70]
 [  0   2   1 558   0   0  24  49  10]
 [ 58  20   5   1 270  32   6   2  12]
 [ 46   0   0   0  38 215   0   0   0]
 [  6  32  27  35   3   0 118  81  67]
 [  2  25   7  28   3   0  64 264  34]
 [ 19  43  88  14   5   2  47  28 241]]

******************************************************
Gaussian Naive Bayes:

0.365934065934
[[ 55  44   2   0  42 168   0   3   2]
 [  8 279   0   1  16 103   1   5   2]
 [  1  69  29   2  69  14   6  73  27]
 [  3  21   6 216  56   2  50 287   0]
 [ 31  57   2   0 145 182   0   6   0]
 [  0   0   0   0   3 281   0   0   0]
 [  5  69   4   2  95  10  13 123   5]
 [  1  68   1  10  57  26   3 303   3]
 [  7 162   7   7 119  16  10 134  11]]

******************************************************
Multinomial Naive Bayes:

0.370879120879
[[105  51   4  17   0 129   4   0   6]
 [102 215   4   0  10  20   1   1  62]
 [ 34  30  69  11  29   1   4  55  57]
 [  1   7   8 446   2   0  75  87  15]
 [ 97 109  28  34   1  93   8   6  47]
 [ 68  17   0   8   0 190   0   0   1]
 [ 41  20  28  28  45   1  54  68  41]
 [ 29  35  54 100  19   2  37 148  48]
 [ 51  60 100   9  43   5  12  71 122]]

******************************************************
Bernoulli Naive Bayes:

0.348901098901
[[ 63  25   8  33  27 109   3  14  34]
 [ 80  43  39  85   4  25   8  44  87]
 [ 12  10 147  36  12   5   6  16  46]
 [ 31   6  43 472   6   0  16  55  12]
 [103  20  16   5  80 118   3  33  45]
 [ 22  13   0   1  11 234   0   0   3]
 [ 28  24  76  45   8   4  17  27  97]
 [ 62  28  93  76  20  15  26  66  86]
 [ 38  41 112  32   9  10  27  56 148]]

******************************************************
KNN:

0.642857142857
[[118  26   5   0  87  76   1   0   3]
 [ 11 341  16   0  11   0   5   5  26]
 [  7  38 138   0   2   0   2   6  97]
 [  0   3   3 556   0   0  30  49   0]
 [ 59  28   5   0 297  29   0   1   4]
 [ 23   0   0   0  13 248   0   0   0]
 [  1  52  42  16   1   0 105  53  56]
 [  0  42  19  42   3   0  58 279  29]
 [ 11  67  66   1   7   1  43  19 258]]

******************************************************
SVM:

0.176098901099
[[118  26   5   0  87  76   1   0   3]
 [ 11 341  16   0  11   0   5   5  26]
 [  7  38 138   0   2   0   2   6  97]
 [  0   3   3 556   0   0  30  49   0]
 [ 59  28   5   0 297  29   0   1   4]
 [ 23   0   0   0  13 248   0   0   0]
 [  1  52  42  16   1   0 105  53  56]
 [  0  42  19  42   3   0  58 279  29]
 [ 11  67  66   1   7   1  43  19 258]]
(5460, 256) (3640, 256)

******************************************************
Decision Tree:

0.601923076923
[[198  17   6   2  75  33   9   6  13]
 [ 20 256  19   6  20   2  30  30  45]
 [  3  26 132   6   3   0  19  17  84]
 [  2   2   3 532   0   0  20  39   5]
 [ 65   9   5   1 257  32   4   6   8]
 [ 40   1   0   0  28 195   0   0   1]
 [  4  23  36  36   2   0 112  85  68]
 [  5  25  15  42   3   0  70 287  28]
 [ 18  50  74   8   9   0  48  38 222]]

******************************************************
Gaussian Naive Bayes:

0.350549450549
[[ 58  39   3   0  57 192   1   1   4]
 [  6 260   1   3  37  97   1   1   3]
 [  5  64  22   1  82  12  25  58  21]
 [  2  22   9 215  54   3 147 179   2]
 [ 32  30   4   0 146 176   1   8   0]
 [  0   0   0   0   2 260   0   0   0]
 [  9  39   7   4 111  18  51  70   3]
 [  2  68   2  11  96  40  34 255   0]
 [  4 123  10   9 178  20  51  70   9]]

******************************************************
Multinomial Naive Bayes:

0.365934065934
[[109  67   8  31   1 133   0   1   5]
 [ 86 231  11   0  17  17   0   0  47]
 [ 36  31  76   8  34   1   2  49  53]
 [  1  13   6 418   3   0  87  87  18]
 [ 91  94  29  34   0  95   7   7  40]
 [ 63  20   0   4   0 175   0   0   0]
 [ 37  14  31  31  53   1  51  59  35]
 [ 27  45  51  94  26   2  41 165  57]
 [ 45  49 119   5  67   8   9  65 107]]

******************************************************
Bernoulli Naive Bayes:

0.345604395604
[[ 65  38   5  33  34 121   3  21  35]
 [ 56  49  41  73  15  22  20  29 104]
 [  5  12 133  30  16   7  18  20  49]
 [ 22  11  33 449  11   0  26  66  15]
 [ 74  27  14   9  91 117   1  27  37]
 [ 11  11   0   1  18 219   0   1   1]
 [ 20  20  65  43  13   8  23  35  85]
 [ 44  38 101  77  46  17  34  73  78]
 [ 22  49  89  35  17   8  55  43 156]]

******************************************************
KNN:

0.636538461538
[[130  33   7   0 111  72   1   0   1]
 [  5 354  10   0   5   0   4   8  23]
 [ 13  44 110   0   5   0  13   2 103]
 [  0   7   1 523   0   0  38  63   1]
 [ 45  25   3   0 290  31   2   0   1]
 [ 17   0   0   0  16 229   0   0   0]
 [  5  45  30  17   4   0 112  59  40]
 [  4  60  12  34   2   0  69 302  25]
 [ 12  60  70   1  14   0  30  20 267]]

******************************************************
SVM:

0.173901098901
[[130  33   7   0 111  72   1   0   1]
 [  5 354  10   0   5   0   4   8  23]
 [ 13  44 110   0   5   0  13   2 103]
 [  0   7   1 523   0   0  38  63   1]
 [ 45  25   3   0 290  31   2   0   1]
 [ 17   0   0   0  16 229   0   0   0]
 [  5  45  30  17   4   0 112  59  40]
 [  4  60  12  34   2   0  69 302  25]
 [ 12  60  70   1  14   0  30  20 267]]
(5460, 256) (3640, 256)

******************************************************
Decision Tree:

0.603846153846
[[178  19   4   0  62  47   2   0  10]
 [ 23 252  23   2  11   1  30  27  38]
 [  5  30 126   2  10   0  26  10  73]
 [  0   2   1 543   1   0  25  48   7]
 [ 83  20   5   1 282  23   6   4  14]
 [ 19   0   0   0  35 218   0   0   0]
 [  5  25  28  29   6   0 112  69  57]
 [  2  28  18  40   8   0  77 270  34]
 [ 11  40  90   9   7   0  67  43 217]]

******************************************************
Gaussian Naive Bayes:

0.374175824176
[[ 21  32   1   0 109 160   0   2   1]
 [  1 275   0   3  17 110   0   7   3]
 [  0  75  31   6  76  13   7  81   6]
 [  1  21   6 246  67   0  41 244   0]
 [  1  35   4   0 205 173   0   4   0]
 [  0   0   0   0   3 286   0   0   0]
 [  1  60   6   2 104  14  19 132   7]
 [  0  77   1  13  66  28   8 276   2]
 [  3 135   9   5 141  27   9 118   3]]

******************************************************
Multinomial Naive Bayes:

0.375549450549
[[104  47   3  22   1 130   4   1  14]
 [102 233   3   0   5  21   0   1  51]
 [ 29  39  71  11  32   0   4  51  58]
 [  0   9   5 424   0   0  89  79  20]
 [ 67 136  19  37   0  98  14   5  46]
 [ 33  34   0   2   0 219   0   0   1]
 [ 32  29  31  25  48   0  62  86  32]
 [ 25  35  30  95  30   0  42 155  59]
 [ 53  61 100   3  53   8   6  67  99]]

******************************************************
Bernoulli Naive Bayes:

0.357692307692
[[ 63  38   4  31  37  99   0  12  42]
 [ 58  73  43  88  14  25   5  27  83]
 [  9  20 142  29  11   3   6  12  63]
 [ 20   8  41 457  12   0  17  59  12]
 [ 75  33  13   9 105 122   0  27  38]
 [ 28  12   0   1  12 233   0   2   1]
 [ 21  31  84  40  13   5  16  40  95]
 [ 43  54  93  68  37  11  17  72  76]
 [ 17  65 103  29  26  13  25  31 141]]

******************************************************
KNN:

0.645879120879
[[126  19   7   0 113  56   0   1   4]
 [ 12 349   7   0  10   0   5   4  29]
 [  4  43 117   0   3   0   4   5 119]
 [  0   3   2 548   0   0  26  45   2]
 [ 51  18   4   0 306  36   0   1   6]
 [ 19   0   0   0  18 252   0   0   0]
 [  1  49  33  16   2   0  99  75  70]
 [  0  38  18  47   1   0  53 291  23]
 [ 13  66  51   2  15   0  21  19 263]]

******************************************************
SVM:

0.171978021978
[[126  19   7   0 113  56   0   1   4]
 [ 12 349   7   0  10   0   5   4  29]
 [  4  43 117   0   3   0   4   5 119]
 [  0   3   2 548   0   0  26  45   2]
 [ 51  18   4   0 306  36   0   1   6]
 [ 19   0   0   0  18 252   0   0   0]
 [  1  49  33  16   2   0  99  75  70]
 [  0  38  18  47   1   0  53 291  23]
 [ 13  66  51   2  15   0  21  19 263]]
(5460, 256) (3640, 256)

******************************************************
Decision Tree:

0.597252747253
[[175  19   8   0  71  25  10   4  12]
 [ 22 263  20   3  20   0  19  21  27]
 [  6  25 116   4   5   0  23  12  88]
 [  0   1   4 555   2   0  32  48   7]
 [ 96  12   1   0 275  25   2   3   9]
 [ 32   0   0   0  34 180   0   0   0]
 [  2  26  30  35  12   0 111  81  70]
 [  2  25  11  41   3   0  82 267  36]
 [ 12  48  80  15  13   1  50  39 232]]

******************************************************
Gaussian Naive Bayes:

0.375
[[ 46  46   3   0  60 189   0   0   3]
 [  7 276   1   5  28  92   5   1   4]
 [  3  60  41   4  78  10  30  41   3]
 [  1  24   5 323  41   2 156 100   1]
 [ 21  64   7   0 152 186   3   2   0]
 [  1   1   1   0   5 223   0   0   0]
 [  4  58   7   5  92   9  94  57   3]
 [  2  86   3  14  60  25  81 203   1]
 [  6 148   9   3 143  22  99  44   7]]

******************************************************
Multinomial Naive Bayes:

0.376923076923
[[105  63   5  33   0 131   2   0   8]
 [ 94 220  11   0  16  14   1   0  63]
 [ 25  22  75   8  37   2   6  56  39]
 [  0  10   8 469   5   0  76  74  11]
 [ 90 119  31  38   1 102   9   6  39]
 [ 34  32   0   6   0 159   0   0   0]
 [ 31  15  31  27  55   1  65  74  30]
 [ 20  30  48  72  41   0  40 170  54]
 [ 45  40 113   2  84   9  16  64 108]]

******************************************************
Bernoulli Naive Bayes:

0.346978021978
[[ 29  53   6  34  68 118   2  12  25]
 [ 10  81  43  93  52  23   2  26  89]
 [  2  17 130  31  15   4   5   9  57]
 [ 13  18  46 495  11   0   4  47  19]
 [ 59  42  14  11 107 129   3  20  50]
 [  4  18   0   0  18 184   0   4   3]
 [  5  42  81  47  21   5   8  24  96]
 [ 17  61  89  72  54  10  15  61  96]
 [  4  87 107  31  31  11  12  30 168]]

******************************************************
KNN:

0.645604395604
[[119  28   4   0 117  75   0   1   3]
 [  8 353  14   0   7   0   6   6  25]
 [  8  28 141   0   4   0   8   5  76]
 [  0   6   1 564   0   0  25  56   1]
 [ 35  25   4   0 305  58   4   1   3]
 [ 13   0   0   0  12 206   0   0   0]
 [  3  30  36  16   4   0 107  74  59]
 [  2  44  14  27   1   0  51 309  27]
 [ 12  58 100   1  11   1  35  17 246]]

******************************************************
SVM:

0.179395604396
[[119  28   4   0 117  75   0   1   3]
 [  8 353  14   0   7   0   6   6  25]
 [  8  28 141   0   4   0   8   5  76]
 [  0   6   1 564   0   0  25  56   1]
 [ 35  25   4   0 305  58   4   1   3]
 [ 13   0   0   0  12 206   0   0   0]
 [  3  30  36  16   4   0 107  74  59]
 [  2  44  14  27   1   0  51 309  27]
 [ 12  58 100   1  11   1  35  17 246]]
(5460, 256) (3640, 256)

******************************************************
Decision Tree:

0.606868131868
[[176  19   6   0  68  34   5   4   9]
 [ 24 261  25   3  19   0  16  21  43]
 [  5  30 134   4   3   0  25  19  79]
 [  1   5   4 533   3   0  24  47  11]
 [ 96  23   1   0 257  21   5   8   8]
 [ 39   0   0   0  29 226   0   0   1]
 [  1  26  20  22   3   0 128  76  44]
 [  2  22   9  47   6   0  72 251  35]
 [ 14  48  76   5  11   0  60  45 243]]

******************************************************
Gaussian Naive Bayes:

0.337087912088
[[  6  46   6   0 103 196   0   0   1]
 [  4 262   5   6  29 119   0   4   5]
 [  6  64  53   7  77   9   1  52   6]
 [  1  17   3 224  66   4  43 252   4]
 [  5  47  10   0 154 181   0   2   0]
 [  0   0   0   0   4 277   0   0   0]
 [  2  63   7   3 119  12  20 107   2]
 [  1  74   3   9 114  37   6 227   0]
 [  5 163  17   7 159  23  11  84   4]]

******************************************************
Multinomial Naive Bayes:

0.37967032967
[[126  57   9  23   0 133   2   1   7]
 [107 245   9   0  10  16   0   0  47]
 [ 32  29  76   8  30   0   4  49  47]
 [  0   6   4 439   6   0  70  76  13]
 [ 89 109  22  30   0 101   7   6  35]
 [ 63  15   0   8   0 195   0   0   0]
 [ 31  21  29  22  53   1  46  91  41]
 [ 23  37  60  79  37   1  36 143  55]
 [ 48  59 115   8  56   7   6  62 112]]

******************************************************
Bernoulli Naive Bayes:

0.348626373626
[[ 63  56   3  31  31 125   2  15  32]
 [ 59  72  48  90  10  27  11  30  87]
 [  3  17 129  34   9   5   9  17  52]
 [ 32   6  36 467   5   0  14  44  10]
 [ 89  41  18   5  59 125   1  24  37]
 [ 18  10   1   0  11 237   0   2   2]
 [ 22  33  73  47  14   9  25  28  84]
 [ 55  54  94  69  16  13  25  67  78]
 [ 18  60  99  28  23  14  29  52 150]]

******************************************************
KNN:

0.646703296703
[[139  26   8   0 110  72   1   2   0]
 [ 14 359   9   0   9   0  13   4  26]
 [  4  42 131   0   5   0   5   3  85]
 [  0   3   1 534   0   0  24  48   4]
 [ 45  27   2   0 284  36   1   1   3]
 [ 17   0   0   0  16 248   0   0   0]
 [  4  42  43  17   2   0 108  67  52]
 [  3  55  12  37   1   0  46 288  29]
 [ 13  65  73   2   9   1  32  15 263]]

******************************************************
SVM:

0.168681318681
[[139  26   8   0 110  72   1   2   0]
 [ 14 359   9   0   9   0  13   4  26]
 [  4  42 131   0   5   0   5   3  85]
 [  0   3   1 534   0   0  24  48   4]
 [ 45  27   2   0 284  36   1   1   3]
 [ 17   0   0   0  16 248   0   0   0]
 [  4  42  43  17   2   0 108  67  52]
 [  3  55  12  37   1   0  46 288  29]
 [ 13  65  73   2   9   1  32  15 263]]
(5460, 256) (3640, 256)

******************************************************
Decision Tree:

0.599175824176
[[190  20   6   1  67  35   4   1  13]
 [ 22 240  29   3  21   0  24  25  48]
 [  4  23 134   1   5   0  27  17  70]
 [  1   0   2 520   1   0  27  44  14]
 [ 77  14   3   0 246  27   8   0  15]
 [ 29   0   0   0  34 212   0   0   2]
 [  3  30  21  29   8   0 106  78  62]
 [  2  25  19  34   2   0  88 297  32]
 [ 17  39  88  16   6   3  63  30 236]]

******************************************************
Gaussian Naive Bayes:

0.329395604396
[[ 12  24   3   0 118 182   0   4   2]
 [  5 195   0   3  79  99   1   2   7]
 [  2  36  26   9 124  14  11  62  18]
 [  0  13   7 228  64   2  45 243   2]
 [  4  12   5   0 198 164   0   7   0]
 [  0   0   0   0   3 274   0   0   0]
 [  4  19  11   4 168  11  24 102   4]
 [  2  26   0   9 189  24   5 236   1]
 [  9  48  16   8 289  23  13  80   6]]

******************************************************
Multinomial Naive Bayes:

0.377472527473
[[107  63   7  18   1 139   0   1   9]
 [ 93 222   4   0  10  18   0   0  44]
 [ 41  35  64  14  22   1   1  58  66]
 [  1   9  11 429   3   0  64  73  14]
 [ 87 116  15  22   0  87   8   8  47]
 [ 49  33   0   4   0 191   0   0   0]
 [ 40  20  25  35  55   0  57  79  36]
 [ 31  42  32  77  37   0  33 175  65]
 [ 58  52  93   4  73   6  10  67 129]]

******************************************************
Bernoulli Naive Bayes:

0.354120879121
[[ 66  33   9  33  42 112   1  15  34]
 [ 69  64  34  85  10  17   4  39  69]
 [ 19  21 136  29   6   3   2  18  68]
 [ 21  11  40 439   6   0  11  57  19]
 [ 51  24  16   8 100 114   1  40  36]
 [ 23  12   0   0  11 226   0   2   3]
 [ 22  34  90  36  11   7  14  40  93]
 [ 66  39  96  70  29  12  13  73  94]
 [ 34  62 108  36  14  10  11  46 171]]

******************************************************
KNN:

0.626923076923
[[130  23   8   0 113  70   0   0   1]
 [ 13 332  10   0   7   0   7   3  19]
 [ 10  52 132   0   2   0  11   7  88]
 [  0   4   0 529   0   0  32  35   4]
 [ 51  32   7   0 256  40   3   1   0]
 [ 12   0   0   0  26 239   0   0   0]
 [  2  48  35  17   6   0 120  59  60]
 [  3  63  11  41   1   0  63 292  18]
 [ 15  83  74   3  10   0  39  16 252]]

******************************************************
SVM:

0.165934065934
[[130  23   8   0 113  70   0   0   1]
 [ 13 332  10   0   7   0   7   3  19]
 [ 10  52 132   0   2   0  11   7  88]
 [  0   4   0 529   0   0  32  35   4]
 [ 51  32   7   0 256  40   3   1   0]
 [ 12   0   0   0  26 239   0   0   0]
 [  2  48  35  17   6   0 120  59  60]
 [  3  63  11  41   1   0  63 292  18]
 [ 15  83  74   3  10   0  39  16 252]]
(5460, 256) (3640, 256)

******************************************************
Decision Tree:

0.605494505495
[[170  12   9   0  75  38   4   2  12]
 [ 21 237  16   2  23   0  16  18  45]
 [  4  25 137   2   4   0  18  10  75]
 [  1   2   4 516   0   0  31  45   2]
 [ 68  14   6   2 264  39   7   2  10]
 [ 37   1   0   0  30 203   0   0   1]
 [  3  39  29  25   7   0 125  68  56]
 [  3  30  17  58   5   0  80 290  45]
 [ 12  30  86   7   8   0  58  37 262]]

******************************************************
Gaussian Naive Bayes:

0.353021978022
[[ 10  36   1   0 103 167   1   1   0]
 [  2 262   0   4  28  82   1   3   8]
 [  9  58  33   4  96   5  16  70  13]
 [  4  22   2 218  72   1  83 207   3]
 [  5  36   4   0 212 154   1   4   0]
 [  0   0   0   0   8 272   0   0   0]
 [  3  51   8   4 126   6  30 107   4]
 [  1  57   0   8 132  22   8 244   0]
 [  7 144  14   5 196  24  14 100   4]]

******************************************************
Multinomial Naive Bayes:

0.366483516484
[[100  67   8  18   0 120   2   0   4]
 [ 90 213  12   0   7  17   0   1  50]
 [ 37  27  89  10  26   0   6  61  48]
 [  0   8   9 414   3   0  81  80  17]
 [ 93 116  51  32   0  92  10   6  16]
 [ 40  32   2   5   0 201   0   0   0]
 [ 23  23  43  26  41   0  61  91  31]
 [ 25  41  53  86  23   0  48 161  35]
 [ 52  75 147   4  48   9   6  72  95]]

******************************************************
Bernoulli Naive Bayes:

0.35989010989
[[ 49  39   5  30  45 105   2  15  29]
 [ 57  65  38  85   5  20   8  26  86]
 [  6  18 152  39   7   2  12  15  53]
 [ 31  12  33 461  10   0   9  43  13]
 [ 72  49  13   9 120  87   1  23  42]
 [ 24  14   0   1  14 222   0   3   2]
 [ 23  37  69  57  14   4  21  31  83]
 [ 43  54  86  73  31  12  21  70  82]
 [ 24  85 101  41   7  10  36  54 150]]

******************************************************
KNN:

0.638736263736
[[129  28   4   0  96  59   1   1   1]
 [  9 326  16   0   4   0   6   7  22]
 [  7  38 149   0   4   0   7   2  97]
 [  0   5   1 521   0   0  27  56   2]
 [ 42  30   6   0 290  37   3   1   7]
 [ 11   0   0   0  26 243   0   0   0]
 [  2  33  37  26   4   0  99  79  59]
 [  2  40   9  50   1   0  47 297  26]
 [ 13  78  85   1  12   1  24  23 271]]

******************************************************
SVM:

0.168131868132
[[129  28   4   0  96  59   1   1   1]
 [  9 326  16   0   4   0   6   7  22]
 [  7  38 149   0   4   0   7   2  97]
 [  0   5   1 521   0   0  27  56   2]
 [ 42  30   6   0 290  37   3   1   7]
 [ 11   0   0   0  26 243   0   0   0]
 [  2  33  37  26   4   0  99  79  59]
 [  2  40   9  50   1   0  47 297  26]
 [ 13  78  85   1  12   1  24  23 271]]
(5460, 256) (3640, 256)

******************************************************
Decision Tree:

0.591208791209
[[167  21   3   3  67  42   3   2   4]
 [ 21 231  21   3  20   0  30  27  33]
 [ 15  28 116   8  13   0  29  19  61]
 [  0   0   2 554   0   0  33  34  13]
 [ 76  16   4   1 246  36   5   2   8]
 [ 46   0   0   0  27 203   0   0   0]
 [ 13  31  22  34   1   0 102  91  61]
 [  3  32  16  42   5   0  61 280  22]
 [ 18  47  92   5   8   0  64  44 253]]

******************************************************
Gaussian Naive Bayes:

0.374175824176
[[ 19  63   0   0 111 162   0   3   1]
 [  3 280   1   2  24  79   0  12   5]
 [  4  65  37   5  66   8   3  83   5]
 [  0  28   4 224  49   0  30 310   5]
 [  5  65   4   0 180 125   0   8   0]
 [  0   0   0   0  14 267   0   0   0]
 [  1  67   3   1  69   7  21 156   2]
 [  0  83   3   5  50  20   5 330   3]
 [  3 147  12   8  98  13  14 156   4]]

******************************************************
Multinomial Naive Bayes:

0.38489010989
[[128  62   4  26   3 121   4   1  10]
 [ 89 226   8   0   8  20   1   1  53]
 [ 32  29  69  10  17   0   7  48  64]
 [  1   8   4 449   2   0  87  80  19]
 [ 73 108  19  40   0  79  14   7  47]
 [ 44  33   0   8   0 194   0   0   2]
 [ 32  23  30  25  31   1  65  77  43]
 [ 26  41  49  88  18   2  59 152  64]
 [ 54  50  94   7  55   7   8  62 118]]

******************************************************
Bernoulli Naive Bayes:

0.349725274725
[[ 53  41   7  31  58 117   2  12  38]
 [ 44  63  34  77  26  22   5  31 104]
 [  7  12 125  30  15   3   6  14  64]
 [ 22  14  43 476  13   0  15  50  17]
 [ 62  23  18   5  99 115   4  29  32]
 [ 12  14   1   0  30 219   0   3   2]
 [ 17  26  70  48  19   6  16  31  94]
 [ 38  45 100  66  53  11  18  64 104]
 [ 14  53  94  30  31   9  14  52 158]]

******************************************************
KNN:

0.642032967033
[[130  29  13   0 113  71   1   0   2]
 [ 10 326  13   0  16   0  12   6  23]
 [  5  38 130   0   1   0   3   0  99]
 [  0   5   2 552   0   0  38  50   3]
 [ 38  23   7   0 289  24   1   1   4]
 [ 15   0   0   0  22 244   0   0   0]
 [  0  37  41  11   2   0 128  50  58]
 [  3  55  14  36   4   0  69 300  18]
 [ 12  65  73   3  11   0  35  18 238]]

******************************************************
SVM:

0.178571428571
[[130  29  13   0 113  71   1   0   2]
 [ 10 326  13   0  16   0  12   6  23]
 [  5  38 130   0   1   0   3   0  99]
 [  0   5   2 552   0   0  38  50   3]
 [ 38  23   7   0 289  24   1   1   4]
 [ 15   0   0   0  22 244   0   0   0]
 [  0  37  41  11   2   0 128  50  58]
 [  3  55  14  36   4   0  69 300  18]
 [ 12  65  73   3  11   0  35  18 238]]
(5460, 256) (3640, 256)

******************************************************
Decision Tree:

0.614010989011
[[160  13   7   0  64  49   4   1  11]
 [ 23 262  22   2  20   1  28  23  48]
 [  6  17 156   2   2   0  23   7  79]
 [  2   1   2 568   1   0  31  36   5]
 [ 80  13   6   0 254  40   4   2  17]
 [ 41   0   0   0  36 194   0   0   1]
 [  7  27  23  16  11   1 132  85  33]
 [  3  26  14  47   5   0  80 265  33]
 [ 12  46  52  10  11   0  54  39 244]]

******************************************************
Gaussian Naive Bayes:

0.346153846154
[[ 14  42   0   0  97 178   0   2   1]
 [  4 262   0   5  39  90   1   1   3]
 [  4  69  28   7  84  10   4  59  17]
 [  2  20   3 254  67   2  60 234   3]
 [  3  50   2   1 173 172   1   2   0]
 [  0   0   0   0   6 279   0   0   0]
 [  6  59   4   5 149  14  21  94   4]
 [  1  79   1   5 113  26   9 223   1]
 [  3 160   5   6 170  22  14  85   6]]

******************************************************
Multinomial Naive Bayes:

0.381593406593
[[115  58  10  19   1 126   2   0   3]
 [ 91 225  15   0  11  22   0   1  40]
 [ 36  37  80  14  29   1   2  44  39]
 [  0   6   8 472   4   0  67  71  17]
 [ 77 120  50  32   0 102   7   3  13]
 [ 46  33   0   6   0 200   0   0   0]
 [ 37  19  43  23  64   0  49  71  50]
 [ 24  39  59  73  28   2  34 150  49]
 [ 40  56 148   2  46  14   6  61  98]]

******************************************************
Bernoulli Naive Bayes:

0.360989010989
[[ 64  24   6  30  37 123   1  13  36]
 [ 68  68  51  84   3  24   9  23  75]
 [ 13  19 146  20  12   6   7  12  47]
 [ 26  11  54 473   6   0  14  52   9]
 [ 75  38  12   4  94 121   2  25  33]
 [ 20  12   0   0   7 240   0   2   4]
 [ 26  33  88  43  12   3  18  38  95]
 [ 70  39  87  68  20  15  24  65  70]
 [ 26  61 122  33   6  13  22  42 146]]

******************************************************
KNN:

0.639285714286
[[133  20   5   0  99  73   0   1   3]
 [  8 335  17   0   8   0   5   6  26]
 [  8  37 128   0   4   0   7   3  95]
 [  0   6   0 552   0   0  34  52   1]
 [ 46  23   3   0 285  40   3   2   2]
 [ 15   0   0   0  17 253   0   0   0]
 [  2  50  37  19   3   0 118  62  65]
 [  2  54   9  39   1   0  60 269  24]
 [ 13  67  78   0  17   1  25  16 254]]

******************************************************
SVM:

0.177197802198
[[133  20   5   0  99  73   0   1   3]
 [  8 335  17   0   8   0   5   6  26]
 [  8  37 128   0   4   0   7   3  95]
 [  0   6   0 552   0   0  34  52   1]
 [ 46  23   3   0 285  40   3   2   2]
 [ 15   0   0   0  17 253   0   0   0]
 [  2  50  37  19   3   0 118  62  65]
 [  2  54   9  39   1   0  60 269  24]
 [ 13  67  78   0  17   1  25  16 254]]
(5460, 256) (3640, 256)

******************************************************
Decision Tree:

0.602472527473
[[179  22   3   0  75  35   8   1  10]
 [ 20 256  23   2  16   0  30  22  47]
 [  9  18 134   3   4   0  27  11  60]
 [  0   5   0 529   0   0  16  46   4]
 [ 70  27  10   0 236  21  11   3   7]
 [ 44   1   0   0  42 209   0   0   4]
 [  9  22  33  21   7   0 107  69  58]
 [  2  22  17  48   7   0  61 284  42]
 [ 18  43  89   8  16   0  68  30 259]]

******************************************************
Gaussian Naive Bayes:

0.34532967033
[[ 62  56   2   0  43 184   1   0   3]
 [  6 273   0   5  21 107   1   1   2]
 [  7  79  35   2  80  13   5  77  11]
 [  2  21   6 230  47   0  61 244   0]
 [ 31  67   3   0 112 186   0   4   0]
 [  2   0   0   0   2 261   0   0   0]
 [  7  77  10   1 109  11  18  94   1]
 [  0  93   1  16  61  32   3 260   0]
 [  5 161  14   6 156  27  14 102   6]]

******************************************************
Multinomial Naive Bayes:

0.375549450549
[[115  59   8  19   0 142   0   0   8]
 [ 85 225   6   0   8  19   0   0  73]
 [ 49  26  81   8  17   1   3  62  62]
 [  0   8   5 430   2   0  67  84  15]
 [ 95 108  28  26   0 103   7   5  31]
 [ 45  24   0   2   0 193   0   0   1]
 [ 44  24  25  28  49   1  46  65  46]
 [ 24  40  38  91  21   2  36 156  58]
 [ 58  51 107   7  55  11   7  74 121]]

******************************************************
Bernoulli Naive Bayes:

0.346428571429
[[ 45  43   8  34  57 108   5  13  38]
 [ 47  55  45  79  16  26  11  32 105]
 [ 11  19 144  34   8   5  13  10  65]
 [  6   9  46 449  23   0  25  37  16]
 [ 46  35  14   6 109 124   5  21  43]
 [ 20  10   1   1  15 213   0   3   2]
 [ 11  31  70  35  22   7  23  32  97]
 [ 31  40  71  79  47  10  37  59  92]
 [ 26  52 105  34  18  15  45  32 164]]

******************************************************
KNN:

0.638461538462
[[141  27   3   0 106  72   0   0   2]
 [  8 342  12   0  11   0   9   7  27]
 [  7  40 140   0   7   0  13   6  96]
 [  0   4   0 522   0   0  24  57   4]
 [ 54  21   3   0 270  49   0   1   5]
 [ 11   0   0   0   9 245   0   0   0]
 [  1  48  30  14   3   0 114  62  56]
 [  3  43  11  42   2   0  55 290  20]
 [ 12  69  91   1  11   2  20  25 260]]

******************************************************
SVM:

0.167857142857
[[141  27   3   0 106  72   0   0   2]
 [  8 342  12   0  11   0   9   7  27]
 [  7  40 140   0   7   0  13   6  96]
 [  0   4   0 522   0   0  24  57   4]
 [ 54  21   3   0 270  49   0   1   5]
 [ 11   0   0   0   9 245   0   0   0]
 [  1  48  30  14   3   0 114  62  56]
 [  3  43  11  42   2   0  55 290  20]
 [ 12  69  91   1  11   2  20  25 260]]
###########################################
DT: 
[ 0.60741758  0.60192308  0.60384615  0.59725275  0.60686813  0.59917582
  0.60549451  0.59120879  0.61401099  0.60247253]
0.602967032967
gnb: 
[ 0.36593407  0.35054945  0.37417582  0.375       0.33708791  0.3293956
  0.35302198  0.37417582  0.34615385  0.34532967]
0.355082417582
mnb: 
[ 0.37087912  0.36593407  0.37554945  0.37692308  0.37967033  0.37747253
  0.36648352  0.38489011  0.38159341  0.37554945]
0.375494505495
bnb: 
[ 0.3489011   0.3456044   0.35769231  0.34697802  0.34862637  0.35412088
  0.35989011  0.34972527  0.36098901  0.34642857]
0.351895604396
knn: 
[ 0.64285714  0.63653846  0.64587912  0.6456044   0.6467033   0.62692308
  0.63873626  0.64203297  0.63928571  0.63846154]
0.640302197802
svm: 
[ 0.64285714  0.63653846  0.64587912  0.6456044   0.6467033   0.62692308
  0.63873626  0.64203297  0.63928571  0.63846154]
0.640302197802
