4
Loading data...
64 65
Starting read from Train file...
(9100, 65)
train.shape = (9100, 64)
train_labels.shape = (9100, 1)
Starting read from Test file...
test.shape = (498, 64)
test_labels.shape = (498, 1)
[ 1.  1.  1.  1.  1.  1.  1.  1.  1.  1.  1.  1.  1.  1.  1.  1.  1.  1.
  1.  1.  1.  1.  1.  1.  1.  1.  1.  1.  1.  1.  1.  1.  1.  1.  1.  1.
  1.  1.  1.  1.  1.  1.  1.  1.  1.  2.  2.  2.  2.  2.  2.  2.  2.  2.
  2.  2.  2.  2.  2.  2.  2.  2.  2.  2.  2.  2.  2.  2.  2.  2.  2.  2.
  2.  2.  2.  2.  2.  2.  2.  2.  2.  2.  2.  2.  2.  2.  2.  2.  2.  2.
  2.  2.  2.  2.  2.  2.  2.  2.  2.  2.  2.  2.  2.  2.  2.  2.  2.  2.
  2.  2.  3.  3.  3.  3.  3.  3.  3.  3.  3.  3.  3.  3.  3.  3.  3.  3.
  3.  3.  3.  3.  3.  3.  3.  3.  3.  3.  3.  3.  3.  3.  3.  3.  3.  4.
  4.  4.  4.  4.  4.  4.  4.  4.  4.  4.  4.  4.  4.  4.  4.  4.  4.  4.
  4.  4.  4.  4.  4.  4.  4.  4.  4.  4.  4.  4.  4.  4.  4.  4.  4.  4.
  4.  4.  4.  4.  4.  4.  4.  4.  4.  4.  4.  4.  4.  4.  4.  4.  4.  4.
  4.  4.  4.  4.  4.  4.  4.  4.  4.  4.  4.  4.  4.  4.  4.  4.  4.  4.
  4.  4.  4.  4.  4.  4.  4.  4.  4.  4.  4.  4.  4.  4.  4.  4.  4.  4.
  4.  4.  4.  4.  4.  4.  5.  5.  5.  5.  5.  5.  5.  5.  5.  5.  5.  5.
  5.  5.  5.  5.  5.  5.  5.  5.  5.  5.  5.  5.  5.  5.  5.  5.  5.  5.
  5.  5.  5.  5.  5.  5.  5.  5.  5.  5.  5.  5.  5.  5.  5.  5.  5.  5.
  5.  5.  6.  6.  6.  6.  6.  6.  6.  6.  6.  6.  6.  6.  6.  6.  6.  6.
  6.  6.  6.  6.  6.  6.  6.  6.  6.  6.  6.  6.  6.  6.  6.  6.  6.  6.
  6.  6.  6.  6.  6.  6.  6.  7.  7.  7.  7.  7.  7.  7.  7.  7.  7.  7.
  7.  7.  7.  7.  7.  7.  7.  7.  7.  7.  7.  7.  7.  7.  7.  7.  7.  7.
  7.  7.  7.  7.  7.  7.  7.  7.  8.  8.  8.  8.  8.  8.  8.  8.  8.  8.
  8.  8.  8.  8.  8.  8.  8.  8.  8.  8.  8.  8.  8.  8.  8.  8.  8.  8.
  8.  8.  8.  8.  8.  8.  8.  8.  8.  8.  8.  8.  8.  8.  8.  8.  8.  8.
  8.  8.  8.  8.  8.  8.  8.  8.  8.  8.  8.  8.  8.  8.  8.  8.  8.  8.
  8.  8.  9.  9.  9.  9.  9.  9.  9.  9.  9.  9.  9.  9.  9.  9.  9.  9.
  9.  9.  9.  9.  9.  9.  9.  9.  9.  9.  9.  9.  9.  9.  9.  9.  9.  9.
  9.  9.  9.  9.  9.  9.  9.  9.  9.  9.  9.  9.  9.  9.  9.  9.  9.  9.
  9.  9.  9.  9.  9.  9.  9.  9.  9.  9.  9.  9.]
(498,)
grid.fit
Fitting 3 folds for each of 90 candidates, totalling 270 fits
{'kernel': 'rbf', 'C': 8192.0, 'gamma': 8.0}
SVC(C=8192.0, cache_size=200, class_weight=None, coef0=0.0,
  decision_function_shape=None, degree=3, gamma=8.0, kernel='rbf',
  max_iter=-1, probability=True, random_state=None, shrinking=True,
  tol=0.001, verbose=False)
0.748995983936
[[21  8  0  1 10  1  3  1  0]
 [ 3 51  1  0  0  1  0  3  6]
 [ 0  4 18  2  0  0  2  1  6]
 [ 0  1  0 82  1  0  2  0 11]
 [ 2  0  1  2 42  2  0  1  0]
 [ 1  1  0  0  0 39  0  0  0]
 [ 0  1  3  0  1  0 26  2  4]
 [ 1  0  0  0  0  0  2 63  0]
 [ 1  6  4 16  1  0  5  0 31]]
Loading data...
120 121
Starting read from Train file...
(9100, 65)
train.shape = (9100, 65)
train_labels.shape = (9100, 0)
Starting read from Test file...
test.shape = (498, 65)
test_labels.shape = (498, 0)
[]
(0,)
