Starting read from Train file...
(9100, 75)
train.shape = (9100, 74)
train_labels.shape = (9100, 1)
(5460, 74) (3640, 74)

******************************************************
Decision Tree:

0.656593406593
[[192  11   8  15  47  15   9   0   9]
 [ 20 234  13  59  11   0  10   0  66]
 [ 20  14 151  10   9   1  55   5  41]
 [ 14  55   7 477   8   0   8   0  49]
 [ 58  12   9   5 256  34  10   5   7]
 [ 32   1   2   0  49 242   1   0   4]
 [ 19  10  52  12  16   0 174  42  15]
 [  2   0   3   0   1   0  52 386   0]
 [ 10  85  42  58   3   1   9   0 278]]

******************************************************
Gaussian Naive Bayes:

0.492032967033
[[187  31  19   3  14  93  18   0   2]
 [  9 200  11  40  14  53   1   0  94]
 [  9  56 111  26   7  26  16   0  36]
 [ 40 115   7 361  11  15   2   0  85]
 [ 81  26  17  11 101 147  16   0   1]
 [ 38   1   0   0  22 232   0   0   0]
 [ 25  25  52  28   9  16 130  33  10]
 [  8   1  23   0  55  16  74 259   2]
 [  9 134  29  50   8  28   1   0 210]]

******************************************************
KNN:

0.673901098901
[[252  14  10   1  58  27   1   1   3]
 [ 16 249   6  77   9   2   0   0  63]
 [ 17  14 171   0  17   4  31   3  30]
 [ 26  43   1 535   4   0   0   0  27]
 [ 81   4  13   5 212  74   6   0   5]
 [ 29   0   1   0  38 225   0   0   0]
 [ 21  11  62   3  16   0 165  41   9]
 [  1   0  13   0   6   2  32 384   0]
 [ 13  95  35  47   9   2   7   1 260]]

******************************************************
SVM:

0.876648351648

******************************************************
Perceptron:

0.206868131868
[[  0   0   0   0 164   0   0   0 203]
 [  0   0   0   0  40   0   0   0 382]
 [  0   0   0   0  10   0   6   0 271]
 [  0   0   0  50  36   0   3   0 547]
 [  0   0   0   0 237   0   0   0 163]
 [  0   0   0   0 209   0   0   0  84]
 [  0   0   0   0  19   0  13   0 296]
 [  0   0   0   0  60   0   5   0 373]
 [  0   0   0   0  16   0   0   0 453]]

******************************************************
LDA:

0.805769230769
[[298   6   7   0  29  24   2   0   1]
 [ 14 324   4  20   6   0   0   0  54]
 [  3   3 229   0   0   1  43   0   8]
 [ 15  36   2 560   0   0   2   0  21]
 [ 48   2  10   1 291  46   1   0   1]
 [ 19   0   0   0  16 258   0   0   0]
 [  1  11  57   1   6   0 231  19   2]
 [  0   0   8   0   0   0  47 383   0]
 [  7  52  23  18   0   0  10   0 359]]

******************************************************
Logistic Regression - ovr:

0.286813186813
[[  0   0   0  48 263   0   0  56   0]
 [  0   0   0 287 101   0   0  34   0]
 [  0   0   0 190  35   0   0  62   0]
 [  0   0   0 559  75   0   0   2   0]
 [  0   0   0  51 311   0   0  38   0]
 [  0   0   0   0 291   0   0   2   0]
 [  0   0   0 245  39   0   0  44   0]
 [  0   0   0 181  83   0   0 174   0]
 [  0   0   0 374  59   0   0  36   0]]

******************************************************
Logistic Regression - mul:

0.294505494505
[[  0   0   0  31 257   0   0  79   0]
 [  0  18   0 264  87   0   0  53   0]
 [  0   0   0 174  34   0   0  73   6]
 [  0  11   0 546  70   0   0   9   0]
 [  0   0   0  45 306   0   0  49   0]
 [  0   0   0   0 290   0   0   3   0]
 [  0   0   0 224  37   0   0  67   0]
 [  0   0   0 156  82   0   0 200   0]
 [  0   9   0 351  53   0   0  54   2]]
######################################################
(5460, 74) (3640, 74)

******************************************************
Decision Tree:

0.66043956044
[[197  17   7  10  46  16   7   0   9]
 [ 16 229  15  65  11   0   6   0  59]
 [ 18  12 151   8   9   1  53   6  39]
 [ 11  62   5 475   3   0  16   0  47]
 [ 60  10   6   2 258  33   7   4   6]
 [ 36   1   3   0  54 243   1   0   4]
 [ 17   7  49  14  14   0 177  45  14]
 [  1   1  12   0   2   0  50 383   0]
 [ 11  83  39  62   3   0  11   0 291]]

******************************************************
Gaussian Naive Bayes:

0.492032967033
[[187  31  19   3  14  93  18   0   2]
 [  9 200  11  40  14  53   1   0  94]
 [  9  56 111  26   7  26  16   0  36]
 [ 40 115   7 361  11  15   2   0  85]
 [ 81  26  17  11 101 147  16   0   1]
 [ 38   1   0   0  22 232   0   0   0]
 [ 25  25  52  28   9  16 130  33  10]
 [  8   1  23   0  55  16  74 259   2]
 [  9 134  29  50   8  28   1   0 210]]

******************************************************
KNN:

0.673901098901
[[252  14  10   1  58  27   1   1   3]
 [ 16 249   6  77   9   2   0   0  63]
 [ 17  14 171   0  17   4  31   3  30]
 [ 26  43   1 535   4   0   0   0  27]
 [ 81   4  13   5 212  74   6   0   5]
 [ 29   0   1   0  38 225   0   0   0]
 [ 21  11  62   3  16   0 165  41   9]
 [  1   0  13   0   6   2  32 384   0]
 [ 13  95  35  47   9   2   7   1 260]]

******************************************************
SVM:

0.876648351648

******************************************************
Perceptron:

0.206868131868
[[  0   0   0   0 164   0   0   0 203]
 [  0   0   0   0  40   0   0   0 382]
 [  0   0   0   0  10   0   6   0 271]
 [  0   0   0  50  36   0   3   0 547]
 [  0   0   0   0 237   0   0   0 163]
 [  0   0   0   0 209   0   0   0  84]
 [  0   0   0   0  19   0  13   0 296]
 [  0   0   0   0  60   0   5   0 373]
 [  0   0   0   0  16   0   0   0 453]]

******************************************************
LDA:

0.805769230769
[[298   6   7   0  29  24   2   0   1]
 [ 14 324   4  20   6   0   0   0  54]
 [  3   3 229   0   0   1  43   0   8]
 [ 15  36   2 560   0   0   2   0  21]
 [ 48   2  10   1 291  46   1   0   1]
 [ 19   0   0   0  16 258   0   0   0]
 [  1  11  57   1   6   0 231  19   2]
 [  0   0   8   0   0   0  47 383   0]
 [  7  52  23  18   0   0  10   0 359]]

******************************************************
Logistic Regression - ovr:

0.286813186813
[[  0   0   0  48 263   0   0  56   0]
 [  0   0   0 287 101   0   0  34   0]
 [  0   0   0 190  35   0   0  62   0]
 [  0   0   0 559  75   0   0   2   0]
 [  0   0   0  51 311   0   0  38   0]
 [  0   0   0   0 291   0   0   2   0]
 [  0   0   0 245  39   0   0  44   0]
 [  0   0   0 181  83   0   0 174   0]
 [  0   0   0 374  59   0   0  36   0]]

******************************************************
Logistic Regression - mul:

0.294505494505
[[  0   0   0  31 257   0   0  79   0]
 [  0  18   0 264  87   0   0  53   0]
 [  0   0   0 174  34   0   0  73   6]
 [  0  11   0 546  70   0   0   9   0]
 [  0   0   0  45 306   0   0  49   0]
 [  0   0   0   0 290   0   0   3   0]
 [  0   0   0 224  37   0   0  67   0]
 [  0   0   0 156  82   0   0 200   0]
 [  0   9   0 351  53   0   0  54   2]]
######################################################
(5460, 74) (3640, 74)

******************************************************
Decision Tree:

0.656043956044
[[203  14  10  13  43  20   7   0   8]
 [ 16 219  14  66  11   0   5   0  63]
 [ 12  11 143   9   5   0  52   7  37]
 [ 15  69   7 475   4   0  16   0  56]
 [ 56   9   7   3 259  29  11   5   6]
 [ 36   3   3   0  53 244   1   0   2]
 [ 19  10  45  11  16   0 177  41  14]
 [  1   0   9   0   4   0  48 385   0]
 [  9  87  49  59   5   0  11   0 283]]

******************************************************
Gaussian Naive Bayes:

0.492032967033
[[187  31  19   3  14  93  18   0   2]
 [  9 200  11  40  14  53   1   0  94]
 [  9  56 111  26   7  26  16   0  36]
 [ 40 115   7 361  11  15   2   0  85]
 [ 81  26  17  11 101 147  16   0   1]
 [ 38   1   0   0  22 232   0   0   0]
 [ 25  25  52  28   9  16 130  33  10]
 [  8   1  23   0  55  16  74 259   2]
 [  9 134  29  50   8  28   1   0 210]]

******************************************************
KNN:

0.673901098901
[[252  14  10   1  58  27   1   1   3]
 [ 16 249   6  77   9   2   0   0  63]
 [ 17  14 171   0  17   4  31   3  30]
 [ 26  43   1 535   4   0   0   0  27]
 [ 81   4  13   5 212  74   6   0   5]
 [ 29   0   1   0  38 225   0   0   0]
 [ 21  11  62   3  16   0 165  41   9]
 [  1   0  13   0   6   2  32 384   0]
 [ 13  95  35  47   9   2   7   1 260]]

******************************************************
SVM:

0.876648351648

******************************************************
Perceptron:

0.206868131868
[[  0   0   0   0 164   0   0   0 203]
 [  0   0   0   0  40   0   0   0 382]
 [  0   0   0   0  10   0   6   0 271]
 [  0   0   0  50  36   0   3   0 547]
 [  0   0   0   0 237   0   0   0 163]
 [  0   0   0   0 209   0   0   0  84]
 [  0   0   0   0  19   0  13   0 296]
 [  0   0   0   0  60   0   5   0 373]
 [  0   0   0   0  16   0   0   0 453]]

******************************************************
LDA:

0.805769230769
[[298   6   7   0  29  24   2   0   1]
 [ 14 324   4  20   6   0   0   0  54]
 [  3   3 229   0   0   1  43   0   8]
 [ 15  36   2 560   0   0   2   0  21]
 [ 48   2  10   1 291  46   1   0   1]
 [ 19   0   0   0  16 258   0   0   0]
 [  1  11  57   1   6   0 231  19   2]
 [  0   0   8   0   0   0  47 383   0]
 [  7  52  23  18   0   0  10   0 359]]

******************************************************
Logistic Regression - ovr:

0.286813186813
[[  0   0   0  48 263   0   0  56   0]
 [  0   0   0 287 101   0   0  34   0]
 [  0   0   0 190  35   0   0  62   0]
 [  0   0   0 559  75   0   0   2   0]
 [  0   0   0  51 311   0   0  38   0]
 [  0   0   0   0 291   0   0   2   0]
 [  0   0   0 245  39   0   0  44   0]
 [  0   0   0 181  83   0   0 174   0]
 [  0   0   0 374  59   0   0  36   0]]

******************************************************
Logistic Regression - mul:

0.294505494505
[[  0   0   0  31 257   0   0  79   0]
 [  0  18   0 264  87   0   0  53   0]
 [  0   0   0 174  34   0   0  73   6]
 [  0  11   0 546  70   0   0   9   0]
 [  0   0   0  45 306   0   0  49   0]
 [  0   0   0   0 290   0   0   3   0]
 [  0   0   0 224  37   0   0  67   0]
 [  0   0   0 156  82   0   0 200   0]
 [  0   9   0 351  53   0   0  54   2]]
######################################################
(5460, 74) (3640, 74)

******************************************************
Decision Tree:

0.649450549451
[[196  15  11  14  50  19   8   0   7]
 [ 15 214  16  56   8   0   8   0  64]
 [ 11  14 148  11   9   0  56   7  43]
 [ 16  66   5 476   6   0  10   0  53]
 [ 60  13   9   2 254  30   7   6   6]
 [ 39   3   2   0  53 243   1   0   3]
 [ 17  10  43  16  17   0 173  43  14]
 [  1   1  11   0   0   0  49 382   1]
 [ 12  86  42  61   3   1  16   0 278]]

******************************************************
Gaussian Naive Bayes:

0.492032967033
[[187  31  19   3  14  93  18   0   2]
 [  9 200  11  40  14  53   1   0  94]
 [  9  56 111  26   7  26  16   0  36]
 [ 40 115   7 361  11  15   2   0  85]
 [ 81  26  17  11 101 147  16   0   1]
 [ 38   1   0   0  22 232   0   0   0]
 [ 25  25  52  28   9  16 130  33  10]
 [  8   1  23   0  55  16  74 259   2]
 [  9 134  29  50   8  28   1   0 210]]

******************************************************
KNN:

0.673901098901
[[252  14  10   1  58  27   1   1   3]
 [ 16 249   6  77   9   2   0   0  63]
 [ 17  14 171   0  17   4  31   3  30]
 [ 26  43   1 535   4   0   0   0  27]
 [ 81   4  13   5 212  74   6   0   5]
 [ 29   0   1   0  38 225   0   0   0]
 [ 21  11  62   3  16   0 165  41   9]
 [  1   0  13   0   6   2  32 384   0]
 [ 13  95  35  47   9   2   7   1 260]]

******************************************************
SVM:

0.876648351648

******************************************************
Perceptron:

0.206868131868
[[  0   0   0   0 164   0   0   0 203]
 [  0   0   0   0  40   0   0   0 382]
 [  0   0   0   0  10   0   6   0 271]
 [  0   0   0  50  36   0   3   0 547]
 [  0   0   0   0 237   0   0   0 163]
 [  0   0   0   0 209   0   0   0  84]
 [  0   0   0   0  19   0  13   0 296]
 [  0   0   0   0  60   0   5   0 373]
 [  0   0   0   0  16   0   0   0 453]]

******************************************************
LDA:

0.805769230769
[[298   6   7   0  29  24   2   0   1]
 [ 14 324   4  20   6   0   0   0  54]
 [  3   3 229   0   0   1  43   0   8]
 [ 15  36   2 560   0   0   2   0  21]
 [ 48   2  10   1 291  46   1   0   1]
 [ 19   0   0   0  16 258   0   0   0]
 [  1  11  57   1   6   0 231  19   2]
 [  0   0   8   0   0   0  47 383   0]
 [  7  52  23  18   0   0  10   0 359]]

******************************************************
Logistic Regression - ovr:

0.286813186813
[[  0   0   0  48 263   0   0  56   0]
 [  0   0   0 287 101   0   0  34   0]
 [  0   0   0 190  35   0   0  62   0]
 [  0   0   0 559  75   0   0   2   0]
 [  0   0   0  51 311   0   0  38   0]
 [  0   0   0   0 291   0   0   2   0]
 [  0   0   0 245  39   0   0  44   0]
 [  0   0   0 181  83   0   0 174   0]
 [  0   0   0 374  59   0   0  36   0]]

******************************************************
Logistic Regression - mul:

0.294505494505
[[  0   0   0  31 257   0   0  79   0]
 [  0  18   0 264  87   0   0  53   0]
 [  0   0   0 174  34   0   0  73   6]
 [  0  11   0 546  70   0   0   9   0]
 [  0   0   0  45 306   0   0  49   0]
 [  0   0   0   0 290   0   0   3   0]
 [  0   0   0 224  37   0   0  67   0]
 [  0   0   0 156  82   0   0 200   0]
 [  0   9   0 351  53   0   0  54   2]]
######################################################
(5460, 74) (3640, 74)

******************************************************
Decision Tree:

0.657417582418
[[204  12  11  10  44  18  11   0   7]
 [ 16 233  18  58   9   0   6   0  63]
 [ 12  12 141  18  11   1  56   9  38]
 [ 10  59   4 479   5   0  12   0  58]
 [ 60  11   7   1 265  29  10   5   8]
 [ 36   2   2   0  50 245   1   0   2]
 [ 18   7  53  15  12   0 174  48  17]
 [  2   0   7   0   0   0  46 376   0]
 [  9  86  44  55   4   0  12   0 276]]

******************************************************
Gaussian Naive Bayes:

0.492032967033
[[187  31  19   3  14  93  18   0   2]
 [  9 200  11  40  14  53   1   0  94]
 [  9  56 111  26   7  26  16   0  36]
 [ 40 115   7 361  11  15   2   0  85]
 [ 81  26  17  11 101 147  16   0   1]
 [ 38   1   0   0  22 232   0   0   0]
 [ 25  25  52  28   9  16 130  33  10]
 [  8   1  23   0  55  16  74 259   2]
 [  9 134  29  50   8  28   1   0 210]]

******************************************************
KNN:

0.673901098901
[[252  14  10   1  58  27   1   1   3]
 [ 16 249   6  77   9   2   0   0  63]
 [ 17  14 171   0  17   4  31   3  30]
 [ 26  43   1 535   4   0   0   0  27]
 [ 81   4  13   5 212  74   6   0   5]
 [ 29   0   1   0  38 225   0   0   0]
 [ 21  11  62   3  16   0 165  41   9]
 [  1   0  13   0   6   2  32 384   0]
 [ 13  95  35  47   9   2   7   1 260]]

******************************************************
SVM:

0.876648351648

******************************************************
Perceptron:

0.206868131868
[[  0   0   0   0 164   0   0   0 203]
 [  0   0   0   0  40   0   0   0 382]
 [  0   0   0   0  10   0   6   0 271]
 [  0   0   0  50  36   0   3   0 547]
 [  0   0   0   0 237   0   0   0 163]
 [  0   0   0   0 209   0   0   0  84]
 [  0   0   0   0  19   0  13   0 296]
 [  0   0   0   0  60   0   5   0 373]
 [  0   0   0   0  16   0   0   0 453]]

******************************************************
LDA:

0.805769230769
[[298   6   7   0  29  24   2   0   1]
 [ 14 324   4  20   6   0   0   0  54]
 [  3   3 229   0   0   1  43   0   8]
 [ 15  36   2 560   0   0   2   0  21]
 [ 48   2  10   1 291  46   1   0   1]
 [ 19   0   0   0  16 258   0   0   0]
 [  1  11  57   1   6   0 231  19   2]
 [  0   0   8   0   0   0  47 383   0]
 [  7  52  23  18   0   0  10   0 359]]

******************************************************
Logistic Regression - ovr:

0.286813186813
[[  0   0   0  48 263   0   0  56   0]
 [  0   0   0 287 101   0   0  34   0]
 [  0   0   0 190  35   0   0  62   0]
 [  0   0   0 559  75   0   0   2   0]
 [  0   0   0  51 311   0   0  38   0]
 [  0   0   0   0 291   0   0   2   0]
 [  0   0   0 245  39   0   0  44   0]
 [  0   0   0 181  83   0   0 174   0]
 [  0   0   0 374  59   0   0  36   0]]

******************************************************
Logistic Regression - mul:

0.294505494505
[[  0   0   0  31 257   0   0  79   0]
 [  0  18   0 264  87   0   0  53   0]
 [  0   0   0 174  34   0   0  73   6]
 [  0  11   0 546  70   0   0   9   0]
 [  0   0   0  45 306   0   0  49   0]
 [  0   0   0   0 290   0   0   3   0]
 [  0   0   0 224  37   0   0  67   0]
 [  0   0   0 156  82   0   0 200   0]
 [  0   9   0 351  53   0   0  54   2]]
######################################################
(5460, 74) (3640, 74)

******************************************************
Decision Tree:

0.652472527473
[[196  12  11  12  49  14   9   0  10]
 [ 16 224  13  59  11   1   6   0  60]
 [ 13  14 149  10   9   1  52   8  40]
 [ 14  58   5 480   8   0  13   0  61]
 [ 64  14   7   5 251  31   8   6   8]
 [ 36   1   1   1  55 245   1   0   3]
 [ 17   7  53  13  12   0 176  45  11]
 [  1   1   9   0   1   0  50 379   1]
 [ 10  91  39  56   4   1  13   0 275]]

******************************************************
Gaussian Naive Bayes:

0.492032967033
[[187  31  19   3  14  93  18   0   2]
 [  9 200  11  40  14  53   1   0  94]
 [  9  56 111  26   7  26  16   0  36]
 [ 40 115   7 361  11  15   2   0  85]
 [ 81  26  17  11 101 147  16   0   1]
 [ 38   1   0   0  22 232   0   0   0]
 [ 25  25  52  28   9  16 130  33  10]
 [  8   1  23   0  55  16  74 259   2]
 [  9 134  29  50   8  28   1   0 210]]

******************************************************
KNN:

0.673901098901
[[252  14  10   1  58  27   1   1   3]
 [ 16 249   6  77   9   2   0   0  63]
 [ 17  14 171   0  17   4  31   3  30]
 [ 26  43   1 535   4   0   0   0  27]
 [ 81   4  13   5 212  74   6   0   5]
 [ 29   0   1   0  38 225   0   0   0]
 [ 21  11  62   3  16   0 165  41   9]
 [  1   0  13   0   6   2  32 384   0]
 [ 13  95  35  47   9   2   7   1 260]]

******************************************************
SVM:

0.876648351648

******************************************************
Perceptron:

0.206868131868
[[  0   0   0   0 164   0   0   0 203]
 [  0   0   0   0  40   0   0   0 382]
 [  0   0   0   0  10   0   6   0 271]
 [  0   0   0  50  36   0   3   0 547]
 [  0   0   0   0 237   0   0   0 163]
 [  0   0   0   0 209   0   0   0  84]
 [  0   0   0   0  19   0  13   0 296]
 [  0   0   0   0  60   0   5   0 373]
 [  0   0   0   0  16   0   0   0 453]]

******************************************************
LDA:

0.805769230769
[[298   6   7   0  29  24   2   0   1]
 [ 14 324   4  20   6   0   0   0  54]
 [  3   3 229   0   0   1  43   0   8]
 [ 15  36   2 560   0   0   2   0  21]
 [ 48   2  10   1 291  46   1   0   1]
 [ 19   0   0   0  16 258   0   0   0]
 [  1  11  57   1   6   0 231  19   2]
 [  0   0   8   0   0   0  47 383   0]
 [  7  52  23  18   0   0  10   0 359]]

******************************************************
Logistic Regression - ovr:

0.286813186813
[[  0   0   0  48 263   0   0  56   0]
 [  0   0   0 287 101   0   0  34   0]
 [  0   0   0 190  35   0   0  62   0]
 [  0   0   0 559  75   0   0   2   0]
 [  0   0   0  51 311   0   0  38   0]
 [  0   0   0   0 291   0   0   2   0]
 [  0   0   0 245  39   0   0  44   0]
 [  0   0   0 181  83   0   0 174   0]
 [  0   0   0 374  59   0   0  36   0]]

******************************************************
Logistic Regression - mul:

0.294505494505
[[  0   0   0  31 257   0   0  79   0]
 [  0  18   0 264  87   0   0  53   0]
 [  0   0   0 174  34   0   0  73   6]
 [  0  11   0 546  70   0   0   9   0]
 [  0   0   0  45 306   0   0  49   0]
 [  0   0   0   0 290   0   0   3   0]
 [  0   0   0 224  37   0   0  67   0]
 [  0   0   0 156  82   0   0 200   0]
 [  0   9   0 351  53   0   0  54   2]]
######################################################
(5460, 74) (3640, 74)

******************************************************
Decision Tree:

0.654120879121
[[204  14  13  13  48  12   9   0   9]
 [ 15 224  15  64  13   2   9   0  62]
 [ 13  14 147  17   7   1  57   7  51]
 [ 10  60   6 471   4   0   8   0  50]
 [ 58  13   4   3 260  33   9   5   9]
 [ 34   2   3   1  47 244   1   1   3]
 [ 20   9  51  12  13   0 178  45  12]
 [  2   0  10   0   3   0  48 380   0]
 [ 11  86  38  55   5   1   9   0 273]]

******************************************************
Gaussian Naive Bayes:

0.492032967033
[[187  31  19   3  14  93  18   0   2]
 [  9 200  11  40  14  53   1   0  94]
 [  9  56 111  26   7  26  16   0  36]
 [ 40 115   7 361  11  15   2   0  85]
 [ 81  26  17  11 101 147  16   0   1]
 [ 38   1   0   0  22 232   0   0   0]
 [ 25  25  52  28   9  16 130  33  10]
 [  8   1  23   0  55  16  74 259   2]
 [  9 134  29  50   8  28   1   0 210]]

******************************************************
KNN:

0.673901098901
[[252  14  10   1  58  27   1   1   3]
 [ 16 249   6  77   9   2   0   0  63]
 [ 17  14 171   0  17   4  31   3  30]
 [ 26  43   1 535   4   0   0   0  27]
 [ 81   4  13   5 212  74   6   0   5]
 [ 29   0   1   0  38 225   0   0   0]
 [ 21  11  62   3  16   0 165  41   9]
 [  1   0  13   0   6   2  32 384   0]
 [ 13  95  35  47   9   2   7   1 260]]

******************************************************
SVM:

0.876648351648

******************************************************
Perceptron:

0.206868131868
[[  0   0   0   0 164   0   0   0 203]
 [  0   0   0   0  40   0   0   0 382]
 [  0   0   0   0  10   0   6   0 271]
 [  0   0   0  50  36   0   3   0 547]
 [  0   0   0   0 237   0   0   0 163]
 [  0   0   0   0 209   0   0   0  84]
 [  0   0   0   0  19   0  13   0 296]
 [  0   0   0   0  60   0   5   0 373]
 [  0   0   0   0  16   0   0   0 453]]

******************************************************
LDA:

0.805769230769
[[298   6   7   0  29  24   2   0   1]
 [ 14 324   4  20   6   0   0   0  54]
 [  3   3 229   0   0   1  43   0   8]
 [ 15  36   2 560   0   0   2   0  21]
 [ 48   2  10   1 291  46   1   0   1]
 [ 19   0   0   0  16 258   0   0   0]
 [  1  11  57   1   6   0 231  19   2]
 [  0   0   8   0   0   0  47 383   0]
 [  7  52  23  18   0   0  10   0 359]]

******************************************************
Logistic Regression - ovr:

0.286813186813
[[  0   0   0  48 263   0   0  56   0]
 [  0   0   0 287 101   0   0  34   0]
 [  0   0   0 190  35   0   0  62   0]
 [  0   0   0 559  75   0   0   2   0]
 [  0   0   0  51 311   0   0  38   0]
 [  0   0   0   0 291   0   0   2   0]
 [  0   0   0 245  39   0   0  44   0]
 [  0   0   0 181  83   0   0 174   0]
 [  0   0   0 374  59   0   0  36   0]]

******************************************************
Logistic Regression - mul:

0.294505494505
[[  0   0   0  31 257   0   0  79   0]
 [  0  18   0 264  87   0   0  53   0]
 [  0   0   0 174  34   0   0  73   6]
 [  0  11   0 546  70   0   0   9   0]
 [  0   0   0  45 306   0   0  49   0]
 [  0   0   0   0 290   0   0   3   0]
 [  0   0   0 224  37   0   0  67   0]
 [  0   0   0 156  82   0   0 200   0]
 [  0   9   0 351  53   0   0  54   2]]
######################################################
(5460, 74) (3640, 74)

******************************************************
Decision Tree:

0.65521978022
[[198  13  11  13  43  16  11   1   8]
 [ 16 233  16  64   9   1   4   0  58]
 [ 17  11 141  12   7   0  53   7  45]
 [  9  64   8 474   5   0  17   0  51]
 [ 57  10   6   3 255  29   8   5  10]
 [ 34   1   0   0  55 246   1   0   1]
 [ 19   8  52  12  18   0 175  41  16]
 [  0   0   9   0   5   0  48 383   0]
 [ 17  82  44  58   3   1  11   1 280]]

******************************************************
Gaussian Naive Bayes:

0.492032967033
[[187  31  19   3  14  93  18   0   2]
 [  9 200  11  40  14  53   1   0  94]
 [  9  56 111  26   7  26  16   0  36]
 [ 40 115   7 361  11  15   2   0  85]
 [ 81  26  17  11 101 147  16   0   1]
 [ 38   1   0   0  22 232   0   0   0]
 [ 25  25  52  28   9  16 130  33  10]
 [  8   1  23   0  55  16  74 259   2]
 [  9 134  29  50   8  28   1   0 210]]

******************************************************
KNN:

0.673901098901
[[252  14  10   1  58  27   1   1   3]
 [ 16 249   6  77   9   2   0   0  63]
 [ 17  14 171   0  17   4  31   3  30]
 [ 26  43   1 535   4   0   0   0  27]
 [ 81   4  13   5 212  74   6   0   5]
 [ 29   0   1   0  38 225   0   0   0]
 [ 21  11  62   3  16   0 165  41   9]
 [  1   0  13   0   6   2  32 384   0]
 [ 13  95  35  47   9   2   7   1 260]]

******************************************************
SVM:

0.876648351648

******************************************************
Perceptron:

0.206868131868
[[  0   0   0   0 164   0   0   0 203]
 [  0   0   0   0  40   0   0   0 382]
 [  0   0   0   0  10   0   6   0 271]
 [  0   0   0  50  36   0   3   0 547]
 [  0   0   0   0 237   0   0   0 163]
 [  0   0   0   0 209   0   0   0  84]
 [  0   0   0   0  19   0  13   0 296]
 [  0   0   0   0  60   0   5   0 373]
 [  0   0   0   0  16   0   0   0 453]]

******************************************************
LDA:

0.805769230769
[[298   6   7   0  29  24   2   0   1]
 [ 14 324   4  20   6   0   0   0  54]
 [  3   3 229   0   0   1  43   0   8]
 [ 15  36   2 560   0   0   2   0  21]
 [ 48   2  10   1 291  46   1   0   1]
 [ 19   0   0   0  16 258   0   0   0]
 [  1  11  57   1   6   0 231  19   2]
 [  0   0   8   0   0   0  47 383   0]
 [  7  52  23  18   0   0  10   0 359]]

******************************************************
Logistic Regression - ovr:

0.286813186813
[[  0   0   0  48 263   0   0  56   0]
 [  0   0   0 287 101   0   0  34   0]
 [  0   0   0 190  35   0   0  62   0]
 [  0   0   0 559  75   0   0   2   0]
 [  0   0   0  51 311   0   0  38   0]
 [  0   0   0   0 291   0   0   2   0]
 [  0   0   0 245  39   0   0  44   0]
 [  0   0   0 181  83   0   0 174   0]
 [  0   0   0 374  59   0   0  36   0]]

******************************************************
Logistic Regression - mul:

0.294505494505
[[  0   0   0  31 257   0   0  79   0]
 [  0  18   0 264  87   0   0  53   0]
 [  0   0   0 174  34   0   0  73   6]
 [  0  11   0 546  70   0   0   9   0]
 [  0   0   0  45 306   0   0  49   0]
 [  0   0   0   0 290   0   0   3   0]
 [  0   0   0 224  37   0   0  67   0]
 [  0   0   0 156  82   0   0 200   0]
 [  0   9   0 351  53   0   0  54   2]]
######################################################
(5460, 74) (3640, 74)

******************************************************
Decision Tree:

0.653296703297
[[201  13  11  15  44  19  11   0   9]
 [ 14 238  18  73   8   0   8   0  69]
 [ 17  17 138  10  11   1  55   7  42]
 [ 19  57   7 467   6   0  12   0  50]
 [ 53   9   9   2 256  29   7   6   7]
 [ 33   1   0   1  52 243   1   0   4]
 [ 10   7  54  12  12   0 179  44  12]
 [  5   1   8   0   6   0  45 381   1]
 [ 15  79  42  56   5   1  10   0 275]]

******************************************************
Gaussian Naive Bayes:

0.492032967033
[[187  31  19   3  14  93  18   0   2]
 [  9 200  11  40  14  53   1   0  94]
 [  9  56 111  26   7  26  16   0  36]
 [ 40 115   7 361  11  15   2   0  85]
 [ 81  26  17  11 101 147  16   0   1]
 [ 38   1   0   0  22 232   0   0   0]
 [ 25  25  52  28   9  16 130  33  10]
 [  8   1  23   0  55  16  74 259   2]
 [  9 134  29  50   8  28   1   0 210]]

******************************************************
KNN:

0.673901098901
[[252  14  10   1  58  27   1   1   3]
 [ 16 249   6  77   9   2   0   0  63]
 [ 17  14 171   0  17   4  31   3  30]
 [ 26  43   1 535   4   0   0   0  27]
 [ 81   4  13   5 212  74   6   0   5]
 [ 29   0   1   0  38 225   0   0   0]
 [ 21  11  62   3  16   0 165  41   9]
 [  1   0  13   0   6   2  32 384   0]
 [ 13  95  35  47   9   2   7   1 260]]

******************************************************
SVM:

0.876648351648

******************************************************
Perceptron:

0.206868131868
[[  0   0   0   0 164   0   0   0 203]
 [  0   0   0   0  40   0   0   0 382]
 [  0   0   0   0  10   0   6   0 271]
 [  0   0   0  50  36   0   3   0 547]
 [  0   0   0   0 237   0   0   0 163]
 [  0   0   0   0 209   0   0   0  84]
 [  0   0   0   0  19   0  13   0 296]
 [  0   0   0   0  60   0   5   0 373]
 [  0   0   0   0  16   0   0   0 453]]

******************************************************
LDA:

0.805769230769
[[298   6   7   0  29  24   2   0   1]
 [ 14 324   4  20   6   0   0   0  54]
 [  3   3 229   0   0   1  43   0   8]
 [ 15  36   2 560   0   0   2   0  21]
 [ 48   2  10   1 291  46   1   0   1]
 [ 19   0   0   0  16 258   0   0   0]
 [  1  11  57   1   6   0 231  19   2]
 [  0   0   8   0   0   0  47 383   0]
 [  7  52  23  18   0   0  10   0 359]]

******************************************************
Logistic Regression - ovr:

0.286813186813
[[  0   0   0  48 263   0   0  56   0]
 [  0   0   0 287 101   0   0  34   0]
 [  0   0   0 190  35   0   0  62   0]
 [  0   0   0 559  75   0   0   2   0]
 [  0   0   0  51 311   0   0  38   0]
 [  0   0   0   0 291   0   0   2   0]
 [  0   0   0 245  39   0   0  44   0]
 [  0   0   0 181  83   0   0 174   0]
 [  0   0   0 374  59   0   0  36   0]]

******************************************************
Logistic Regression - mul:

0.294505494505
[[  0   0   0  31 257   0   0  79   0]
 [  0  18   0 264  87   0   0  53   0]
 [  0   0   0 174  34   0   0  73   6]
 [  0  11   0 546  70   0   0   9   0]
 [  0   0   0  45 306   0   0  49   0]
 [  0   0   0   0 290   0   0   3   0]
 [  0   0   0 224  37   0   0  67   0]
 [  0   0   0 156  82   0   0 200   0]
 [  0   9   0 351  53   0   0  54   2]]
######################################################
(5460, 74) (3640, 74)

******************************************************
Decision Tree:

0.651098901099
[[199  14  13  11  45  19   7   0   8]
 [ 21 216  13  57  10   0  11   0  62]
 [ 13  13 148   9   7   0  49   7  43]
 [ 16  69   7 485   5   0   9   0  53]
 [ 59  12   9   2 255  38  14   6   9]
 [ 35   0   1   0  47 235   1   0   2]
 [ 14   6  47  15  18   0 175  46  12]
 [  2   2   8   0   9   0  48 378   1]
 [  8  90  41  57   4   1  14   1 279]]

******************************************************
Gaussian Naive Bayes:

0.492032967033
[[187  31  19   3  14  93  18   0   2]
 [  9 200  11  40  14  53   1   0  94]
 [  9  56 111  26   7  26  16   0  36]
 [ 40 115   7 361  11  15   2   0  85]
 [ 81  26  17  11 101 147  16   0   1]
 [ 38   1   0   0  22 232   0   0   0]
 [ 25  25  52  28   9  16 130  33  10]
 [  8   1  23   0  55  16  74 259   2]
 [  9 134  29  50   8  28   1   0 210]]

******************************************************
KNN:

0.673901098901
[[252  14  10   1  58  27   1   1   3]
 [ 16 249   6  77   9   2   0   0  63]
 [ 17  14 171   0  17   4  31   3  30]
 [ 26  43   1 535   4   0   0   0  27]
 [ 81   4  13   5 212  74   6   0   5]
 [ 29   0   1   0  38 225   0   0   0]
 [ 21  11  62   3  16   0 165  41   9]
 [  1   0  13   0   6   2  32 384   0]
 [ 13  95  35  47   9   2   7   1 260]]

******************************************************
SVM:

0.876648351648

******************************************************
Perceptron:

0.206868131868
[[  0   0   0   0 164   0   0   0 203]
 [  0   0   0   0  40   0   0   0 382]
 [  0   0   0   0  10   0   6   0 271]
 [  0   0   0  50  36   0   3   0 547]
 [  0   0   0   0 237   0   0   0 163]
 [  0   0   0   0 209   0   0   0  84]
 [  0   0   0   0  19   0  13   0 296]
 [  0   0   0   0  60   0   5   0 373]
 [  0   0   0   0  16   0   0   0 453]]

******************************************************
LDA:

0.805769230769
[[298   6   7   0  29  24   2   0   1]
 [ 14 324   4  20   6   0   0   0  54]
 [  3   3 229   0   0   1  43   0   8]
 [ 15  36   2 560   0   0   2   0  21]
 [ 48   2  10   1 291  46   1   0   1]
 [ 19   0   0   0  16 258   0   0   0]
 [  1  11  57   1   6   0 231  19   2]
 [  0   0   8   0   0   0  47 383   0]
 [  7  52  23  18   0   0  10   0 359]]

******************************************************
Logistic Regression - ovr:

0.286813186813
[[  0   0   0  48 263   0   0  56   0]
 [  0   0   0 287 101   0   0  34   0]
 [  0   0   0 190  35   0   0  62   0]
 [  0   0   0 559  75   0   0   2   0]
 [  0   0   0  51 311   0   0  38   0]
 [  0   0   0   0 291   0   0   2   0]
 [  0   0   0 245  39   0   0  44   0]
 [  0   0   0 181  83   0   0 174   0]
 [  0   0   0 374  59   0   0  36   0]]

******************************************************
Logistic Regression - mul:

0.294505494505
[[  0   0   0  31 257   0   0  79   0]
 [  0  18   0 264  87   0   0  53   0]
 [  0   0   0 174  34   0   0  73   6]
 [  0  11   0 546  70   0   0   9   0]
 [  0   0   0  45 306   0   0  49   0]
 [  0   0   0   0 290   0   0   3   0]
 [  0   0   0 224  37   0   0  67   0]
 [  0   0   0 156  82   0   0 200   0]
 [  0   9   0 351  53   0   0  54   2]]
######################################################
######################################################
DT: 
[ 0.65659341  0.66043956  0.65604396  0.64945055  0.65741758  0.65247253
  0.65412088  0.65521978  0.6532967   0.6510989 ]
0.654615384615
gnb: 
[ 0.49203297  0.49203297  0.49203297  0.49203297  0.49203297  0.49203297
  0.49203297  0.49203297  0.49203297  0.49203297]
0.492032967033
mnb: 
[]
nan
bnb: 
[]
nan
knn: 
[ 0.6739011  0.6739011  0.6739011  0.6739011  0.6739011  0.6739011
  0.6739011  0.6739011  0.6739011  0.6739011]
0.673901098901
svm: 
[ 0.87664835  0.87664835  0.87664835  0.87664835  0.87664835  0.87664835
  0.87664835  0.87664835  0.87664835  0.87664835]
0.876648351648
per: 
[ 0.20686813  0.20686813  0.20686813  0.20686813  0.20686813  0.20686813
  0.20686813  0.20686813  0.20686813  0.20686813]
0.206868131868
lda: 
[ 0.80576923  0.80576923  0.80576923  0.80576923  0.80576923  0.80576923
  0.80576923  0.80576923  0.80576923  0.80576923]
0.805769230769
lr_ovr: 
[ 0.28681319  0.28681319  0.28681319  0.28681319  0.28681319  0.28681319
  0.28681319  0.28681319  0.28681319  0.28681319]
0.286813186813
lr_mul: 
[ 0.29450549  0.29450549  0.29450549  0.29450549  0.29450549  0.29450549
  0.29450549  0.29450549  0.29450549  0.29450549]
0.294505494505
