Starting read from Train file...
(9100, 149)
train.shape = (9100, 148)
train_labels.shape = (9100, 1)
(5460, 148) (3640, 148)

******************************************************
Decision Tree:

0.669505494505
[[199  14  11   5  69  28  11   0  10]
 [ 15 242   8  64   3   2   6   0  62]
 [ 10  10 157   3   7   5  65  10  33]
 [ 11  58   6 510   6   0   0   0  58]
 [ 63   6  10   2 250  48   9   0   6]
 [ 25   2   2   1  51 206   0   0   1]
 [  7   8  62   3   9   0 199  37  16]
 [  0   0   6   0   5   3  35 433   0]
 [ 13  78  29  49   2   0  22   3 241]]

******************************************************
Gaussian Naive Bayes:

0.532967032967
[[ 91  11  23  31  10  70  73   0  34]
 [  8 164   2 159   0  36   3   0  46]
 [  7  19  47  51   6  33 110   8  10]
 [  3  67   0 549   0   0   8   0  10]
 [ 43   0  22  10 135 144  40   1   7]
 [ 46   1   2   0   9 229   2   0   3]
 [ 15   4  11  37  13  10 222  28   7]
 [  2   0   3   0   9   7  66 396   0]
 [  4  60  12 202   1  23  18   0 107]]

******************************************************
KNN:
---------------------
KNN ==  5 :

0.598351648352
[[214  11   7   6  60  34   8   0   3]
 [ 43 187  15  83  21   5   4   0  60]
 [ 25  27 123  11  16  12  35  10  32]
 [ 20  47   4 528   2   1   2   0  33]
 [124  13   9   4 178  65   8   0   1]
 [ 38   1   2   0  66 184   1   0   0]
 [ 37  16  59   7  21   1 155  33  18]
 [  9   0  19   0   7   1  31 416   0]
 [ 20  98  27  65   9   2  13   0 193]]
---------------------
KNN ==  9 :

0.581043956044
[[204  12  10   9  46  49   9   0   4]
 [ 34 173  10  90  24  10   1   0  76]
 [ 21  20 111   9  14  20  47   9  40]
 [ 15  44   4 526   5   1   2   0  40]
 [126  10   6   6 174  67   6   3   4]
 [ 35   0   4   0  72 181   0   0   0]
 [ 35  15  47   9  28   2 146  47  18]
 [  7   0  16   0  10   2  35 413   0]
 [ 16  99  30  75  13   1   6   0 187]]
---------------------
KNN ==  11 :

0.577472527473
[[204  11  10  10  45  52   7   0   4]
 [ 28 181  10  93  23  11   2   0  70]
 [ 21  25 105   9  14  20  48   7  42]
 [ 18  43   4 524   4   1   3   0  40]
 [124  13   6   7 178  63   3   4   4]
 [ 34   1   4   0  72 180   0   1   0]
 [ 37  14  40  10  29   2 136  56  23]
 [  8   0  13   0   9   3  34 415   1]
 [ 16 102  29  81  14   1   5   0 179]]
---------------------
KNN ==  13 :

0.571153846154
[[192  13   8  12  48  55   9   0   6]
 [ 33 175   6 101  24   9   0   0  70]
 [ 20  32  93  12  15  23  43   7  46]
 [ 19  50   4 524   3   1   2   0  34]
 [121   9   5   7 173  71   5   6   5]
 [ 31   0   3   0  81 176   0   1   0]
 [ 36  17  31   7  29   2 141  61  23]
 [  9   1  15   0   9   3  27 419   0]
 [ 14 102  26  79  15   1   4   0 186]]

******************************************************
SVM:

0.856593406593

******************************************************
Perceptron:

0.356043956044
[[  0   0   0   0 343   0   0   0   0]
 [  0   0   0  66 304   0   0   0  48]
 [  0   0  48  15 168   0   5  15  40]
 [  0   0   0 429 171   0   0   0  37]
 [  0   0   0   3 398   0   0   0   1]
 [  0   0   0   0 292   0   0   0   0]
 [  0   0  14  13 201   0   9  86  24]
 [  0   0   2   0 254   0   0 227   0]
 [  0   0   0  72 169   0   0   1 185]]

******************************************************
LDA:

0.0994505494505
[[334   0   0   0   0   9   0   0   0]
 [417   0   0   0   0   1   0   0   0]
 [278   0   0   0   0  13   0   0   0]
 [637   0   0   0   0   0   0   0   0]
 [392   0   0   0   0  10   0   0   0]
 [263   0   0   0   1  28   0   0   0]
 [347   0   0   0   0   0   0   0   0]
 [483   0   0   0   0   0   0   0   0]
 [427   0   0   0   0   0   0   0   0]]

******************************************************
Logistic Regression - ovr:

0.807142857143
[[246   8  10   6  41  10   4   1  17]
 [  6 296   1  42   7   1   7   0  58]
 [  4   0 203   2   4   0  48   3  27]
 [  7  12   2 596   0   0   3   0  17]
 [ 36   2   3   5 298  47   0   0  11]
 [ 18   0   0   0  14 260   0   0   0]
 [  5   1  56   9  14   1 220  26  15]
 [  0   0   3   0   1   0   9 470   0]
 [  2  19   6  38   1   0  12   0 349]]

******************************************************
Logistic Regression - mul:

0.833791208791
[[269   9   6   2  36   6   5   1   9]
 [ 12 316   1  30   3   0   2   0  54]
 [  1   0 212   2   6   0  56   3  11]
 [  4  14   0 594   0   0   3   0  22]
 [ 34   1   3   2 318  38   1   0   5]
 [ 14   0   0   0  21 257   0   0   0]
 [  1   2  55   2   8   1 255  19   4]
 [  0   0   3   0   1   0  16 463   0]
 [  1  29  10  24   1   0  11   0 351]]
######################################################
(5460, 148) (3640, 148)

******************************************************
Decision Tree:

0.658241758242
[[175  14   7   8  68  23   9   1   8]
 [ 13 232  11  71   1   3   5   1  78]
 [ 11   6 141   3   8   5  53   7  34]
 [ 11  66   5 507   2   0   4   0  75]
 [ 61   2  10   0 235  43  11   1   6]
 [ 35   3   4   0  47 215   3   0   4]
 [ 12   5  63   2  10   2 196  42  13]
 [  1   0   5   0   3   1  36 409   1]
 [ 18  72  33  53   9   2  20   0 286]]

******************************************************
Gaussian Naive Bayes:

0.514835164835
[[ 92   8   8  31  14  74  70   0  40]
 [  5 150   2 147   2  30   2   0  62]
 [  6  22  34  55   2  31 107   3  19]
 [  1  72   0 546   0   2   4   0  19]
 [ 43   0  13   9 110 159  39   1   9]
 [ 49   1   1   0  12 221   5   0   5]
 [ 10   4  11  32  21  14 215  22   8]
 [  0   0   3   0  17   1  78 362   0]
 [  6  85   3 222   2  27  16   0 144]]

******************************************************
KNN:
---------------------
KNN ==  5 :

0.578571428571
[[214  15  10   7  50  29   6   0   6]
 [ 46 192   9  71  22   4   1   0  55]
 [ 25  25 131   7  15   8  37   3  28]
 [ 23  76   3 514   2   0   2   0  24]
 [107  13  11   2 180  55   5   4   6]
 [ 47   4   2   0  78 161   0   1   1]
 [ 36  16  65   9  25   2 136  35  13]
 [  4   3  13   0   8   2  44 386   1]
 [ 27 149  30  85  10   5   6   1 192]]
---------------------
KNN ==  9 :

0.557692307692
[[210  15   5  12  46  39   5   1   4]
 [ 40 196  12  82  18   5   0   0  47]
 [ 19  26 105   4  19  11  46   6  43]
 [ 24  73   2 515   1   2   0   0  27]
 [112  10  10   5 155  71   8   7   5]
 [ 54   0   4   0  85 149   0   1   1]
 [ 41  15  49  11  22   2 131  54  12]
 [  7   1  15   0  11   2  44 380   1]
 [ 26 150  30  88  11   7   3   1 189]]
---------------------
KNN ==  11 :

0.553571428571
[[205  15   5  11  51  40   4   1   5]
 [ 38 192  12  79  20   7   0   0  52]
 [ 18  30  97   6  18  11  49   5  45]
 [ 30  71   2 512   2   0   0   0  27]
 [109  10   9   6 156  70   9   9   5]
 [ 56   1   2   0  84 150   0   1   0]
 [ 45  14  50  12  19   1 131  54  11]
 [  8   0  12   0  11   4  41 382   3]
 [ 24 151  29  91  12   6   2   0 190]]
---------------------
KNN ==  13 :

0.551923076923
[[198  21   4  11  53  41   3   0   6]
 [ 39 181  13  83  26   9   0   0  49]
 [ 22  27  92  10  17  12  46   3  50]
 [ 28  69   2 517   3   0   0   0  25]
 [106  11  10   6 159  68   9   9   5]
 [ 45   0   1   0  81 166   0   1   0]
 [ 41  15  40  14  26   1 129  58  13]
 [  9   0  12   0  12   3  45 379   1]
 [ 23 150  27  93  17   6   1   0 188]]

******************************************************
SVM:

0.854945054945

******************************************************
Perceptron:

0.281868131868
[[  0   0   0 337   0   0   0   0   0]
 [  0   0   0 400   0   0   0   0   0]
 [  0   0   0 267   0   0   0   4   8]
 [  0   0   0 644   0   0   0   0   0]
 [  0   0   0 382   0   0   0   0   1]
 [  0   0   0 292   0   0   0   0   2]
 [  0   0   0 291   0   0   0  46   0]
 [  0   0   0  85   0   0   0 376   0]
 [  0   0   0 499   0   0   0   0   6]]

******************************************************
LDA:

0.0978021978022
[[  0   0   0   0   0   0 337   0   0]
 [  0   0   0   0   0   0 400   0   0]
 [  0   0   0   0   0   0 278   1   0]
 [  0   0   0   0   0   0 644   0   0]
 [  0   0   0   0   0   1 381   1   0]
 [  0   0   0   0   0   2 287   5   0]
 [  0   0   0   0   0   0 337   0   0]
 [  0   0   0   0   0   0 444  17   0]
 [  0   0   0   0   0   0 505   0   0]]

******************************************************
Logistic Regression - ovr:

0.805769230769
[[242   6   5   6  41  15   4   0  18]
 [ 13 289   2  30   9   0   4   0  53]
 [  9   1 179   6   4   1  43   3  33]
 [  7  14   2 607   0   0   1   0  13]
 [ 38   5   4   4 296  26   1   0   9]
 [ 22   0   0   0  17 254   0   1   0]
 [  8   3  41  12  17   2 214  29  11]
 [  0   0   1   1   3   0   8 448   0]
 [  7  29  12  41   4   0   8   0 404]]

******************************************************
Logistic Regression - mul:

0.831593406593
[[254   8   4   3  42  14   4   0   8]
 [ 10 319   1  20   2   0   2   0  46]
 [  3   0 202   5   3   2  47   2  15]
 [  6  19   0 602   0   0   0   0  17]
 [ 35   1   4   2 307  28   3   0   3]
 [ 27   0   0   0  24 243   0   0   0]
 [  1   5  38   4  10   1 258  17   3]
 [  0   0   0   0   2   0  19 440   0]
 [  5  39  14  32   2   1  10   0 402]]
######################################################
(5460, 148) (3640, 148)

******************************************************
Decision Tree:

0.639835164835
[[183   8  11   5  58  30  16   2   7]
 [ 16 233  14  78   7   0   6   0  93]
 [ 14   5 141   3  11   6  51   7  37]
 [ 12  80   5 493   5   1   6   0  75]
 [ 43   7   9   3 235  47   9   4   8]
 [ 26   4   4   0  46 179   2   0   3]
 [ 13   5  49   1  16   0 172  38  24]
 [  0   0   5   1   1   2  47 431   1]
 [ 12  65  38  67  16   2  22   2 262]]

******************************************************
Gaussian Naive Bayes:

0.507692307692
[[ 78  12  16  24   9  71  78   0  31]
 [  3 139   1 174   0  39   2   0  49]
 [ 11  25  41  43   2  31 102   3  18]
 [  0  70   0 561   0   2   6   0  12]
 [ 35   0  21   3 124 163  42   0   7]
 [ 46   0   5   0  13 197   3   1   2]
 [ 10   7  11  37  15  11 204  28   8]
 [  2   0   2   0  18   2  97 363   0]
 [  4  79   6 231   0  24  25   0 141]]

******************************************************
KNN:
---------------------
KNN ==  5 :

0.596978021978
[[198  10  11   5  53  34   4   0   4]
 [ 25 196   9  96  16   8   2   0  55]
 [ 23  22 142   3  12  10  20   6  38]
 [ 17  44   6 546   0   0   2   0  36]
 [105  10  13   3 172  71  13   3   5]
 [ 29   3   1   0  73 159   0   1   1]
 [ 30  12  59   7  18   3 140  43  19]
 [  5   0  15   0  12   1  51 399   1]
 [ 16 126  39  84  15   3   6   0 221]]
---------------------
KNN ==  9 :

0.579395604396
[[180  19   9   8  45  51   3   0   4]
 [ 22 189   5 105  22  13   0   0  51]
 [ 17  24 120   4  13  19  34   4  41]
 [ 17  47   3 543   1   0   3   0  37]
 [103  13   9   3 166  76  13   8   4]
 [ 33   4   4   0  60 165   0   0   1]
 [ 36   9  52   9  20   2 136  46  21]
 [ 10   0  11   0  12   0  57 394   0]
 [ 17 128  36  85  14   7   7   0 216]]
---------------------
KNN ==  11 :

0.572802197802
[[177  17   9   8  49  50   5   0   4]
 [ 20 176   9 104  24  11   0   0  63]
 [ 19  21 114   5  17  17  38   6  39]
 [ 19  41   2 547   1   0   3   0  38]
 [100   9  13   5 161  79  12   7   9]
 [ 30   1   2   0  62 170   0   1   1]
 [ 33  16  46   9  18   1 137  48  23]
 [ 11   0  14   0  12   1  54 392   0]
 [ 17 128  31  96  15   6   6   0 211]]
---------------------
KNN ==  13 :

0.573626373626
[[185  17   6   9  45  50   5   0   2]
 [ 19 181   5 106  26  11   1   0  58]
 [ 19  24 109   6  12  21  37   6  42]
 [ 22  46   1 541   1   0   3   0  37]
 [107  12   9   6 152  81  12   9   7]
 [ 32   2   3   0  61 167   0   1   1]
 [ 37  15  40   9  18   1 142  48  21]
 [ 11   0  12   0  12   1  51 395   2]
 [ 14 123  25 106  14   7   5   0 216]]

******************************************************
SVM:

0.845054945055

******************************************************
Perceptron:

0.342857142857
[[318   0   1   0   0   0   0   0   0]
 [293  43   8  57   0   0   0   0   6]
 [150   0 101  17   0   0   1   5   2]
 [194  12   4 437   0   0   0   0   4]
 [390   0   4   1   0   0   0   0   0]
 [267   0   0   0   0   0   0   0   0]
 [192   0  71  13   0   0   1  53   1]
 [200   0  32   0   0   0   0 252   0]
 [255  21  25 113   0   0   0   0  96]]

******************************************************
LDA:

0.0876373626374
[[319   0   0   0   0   0   0   0   0]
 [407   0   0   0   0   0   0   0   0]
 [276   0   0   0   0   0   0   0   0]
 [651   0   0   0   0   0   0   0   0]
 [395   0   0   0   0   0   0   0   0]
 [267   0   0   0   0   0   0   0   0]
 [331   0   0   0   0   0   0   0   0]
 [484   0   0   0   0   0   0   0   0]
 [510   0   0   0   0   0   0   0   0]]

******************************************************
Logistic Regression - ovr:

0.802747252747
[[234   7   8   7  33  13   3   1  13]
 [  9 261   1  48  10   4   5   0  69]
 [  3   0 197   4   2   0  32   4  34]
 [  4  16   0 616   0   0   4   0  11]
 [ 35   7   5   6 291  43   2   0   6]
 [ 19   0   0   0  13 233   0   2   0]
 [  4   3  52  16  10   0 203  32  11]
 [  0   0   8   0   1   0   6 469   0]
 [  4  21  13  44   0   0  10   0 418]]

******************************************************
Logistic Regression - mul:

0.825
[[249   5   8   2  31  12   3   1   8]
 [  8 292   1  38   6   2   3   0  57]
 [  1   0 204   2   4   0  44   3  18]
 [  3  15   1 612   0   0   2   0  18]
 [ 46   1   5   2 307  31   0   0   3]
 [ 18   0   0   0  23 226   0   0   0]
 [  1   2  50   9   5   0 242  18   4]
 [  0   0   2   0   2   0   8 472   0]
 [  5  46  15  35   1   0   9   0 399]]
######################################################
(5460, 148) (3640, 148)

******************************************************
Decision Tree:

0.656868131868
[[173  31  13   4  61  25   6   1  13]
 [ 19 231   9  61   6   2   6   0  65]
 [  6  15 140   3   8   0  57   9  31]
 [  5  61   5 487   2   0   2   0  57]
 [ 63   5  13   4 276  43   8   1   5]
 [ 25   3   4   1  45 197   0   0   2]
 [ 17  11  66   7   6   1 201  41  20]
 [  0   0   7   0   0   2  42 417   4]
 [ 14  86  43  50   5   3  18   1 269]]

******************************************************
Gaussian Naive Bayes:

0.519505494505
[[ 93  14  22  26   7  66  65   0  29]
 [  4 167   0 180   3  41   3   0  45]
 [ 10  15  49  56   3  43  95   6  23]
 [  1  66   0 526   0   5   4   0  15]
 [ 48   0  15   9 127 167  37   0   6]
 [ 41   0   5   0  13 208   4   1   1]
 [ 10   8  17  37  12   9 210  32   5]
 [  0   0   5   0  13   7  56 389   0]
 [  7  67   8 211   2  26  23   0 122]]

******************************************************
KNN:
---------------------
KNN ==  5 :

0.578296703297
[[200   7   8   7  57  31   9   0   3]
 [ 47 183  10  93  24   9   1   0  76]
 [ 24  17 140   8  15  14  38   6  38]
 [ 17  39   3 510   2   3   4   0  39]
 [110  18   7   2 188  67  11   1   5]
 [ 44   1   6   1  66 152   0   2   1]
 [ 35  14  57  11  21   3 145  41  13]
 [  9   3  27   0   9   2  23 395   2]
 [ 24 111  35  74  11   4  14   1 192]]
---------------------
KNN ==  9 :

0.565384615385
[[197  10   9   4  46  47   6   0   3]
 [ 46 167  10 104  33   9   0   0  74]
 [ 26  26 115   7  16  18  44   7  41]
 [ 18  35   5 518   1   3   1   0  36]
 [111  21   5   3 171  79  13   2   4]
 [ 39   2   5   0  60 164   0   3   0]
 [ 33  20  62  11  19   3 126  50  16]
 [ 11   1  24   1   7   3  23 399   1]
 [ 20 104  26  87  12   6  10   0 201]]
---------------------
KNN ==  11 :

0.563186813187
[[196  11   6   6  49  46   5   0   3]
 [ 44 169   6 105  31  12   1   0  75]
 [ 23  24 115   8  22  18  40   9  41]
 [ 19  37   2 523   1   2   1   0  32]
 [108  23   5   3 166  85  12   3   4]
 [ 35   0   4   0  64 167   0   3   0]
 [ 41  16  59  12  16   1 125  52  18]
 [ 12   2  20   0   8   3  22 401   2]
 [ 20 111  27  90  12   8  10   0 188]]
---------------------
KNN ==  13 :

0.554945054945
[[194   9   4   8  48  47   6   0   6]
 [ 46 161   6 105  32  12   1   0  80]
 [ 20  33 107  10  25  16  42   7  40]
 [ 20  37   1 522   2   2   1   0  32]
 [113  20   4   4 165  84  12   4   3]
 [ 40   0   4   0  62 164   0   3   0]
 [ 37  19  58  15  17   2 119  56  17]
 [ 13   1  20   0   8   3  19 403   3]
 [ 17  96  31 100  20   6  10   1 185]]

******************************************************
SVM:

0.846428571429

******************************************************
Perceptron:

0.134615384615
[[  0   0   0   0 322   0   0   0   0]
 [  0   0   0   0 443   0   0   0   0]
 [  0   0   0   1 298   0   0   0   1]
 [  0   0   0  64 553   0   0   0   0]
 [  0   0   0   0 409   0   0   0   0]
 [  0   0   0   0 273   0   0   0   0]
 [  0   0   0   1 335   0   4   0   0]
 [  0   0   0   0 468   0   1   1   0]
 [  0   0   0  10 444   0   0   0  12]]

******************************************************
LDA:

0.082967032967
[[  0   0 322   0   0   0   0   0   0]
 [  0   0 443   0   0   0   0   0   0]
 [  0   0 300   0   0   0   0   0   0]
 [  0   0 617   0   0   0   0   0   0]
 [  0   1 408   0   0   0   0   0   0]
 [  0   0 271   0   0   2   0   0   0]
 [  0   0 340   0   0   0   0   0   0]
 [  0   0 470   0   0   0   0   0   0]
 [  0   0 466   0   0   0   0   0   0]]

******************************************************
Logistic Regression - ovr:

0.805494505495
[[234   7   5   6  31  21   6   0  12]
 [ 15 306   0  42  11   1   3   0  65]
 [ 11   0 209   3   5   0  34   5  33]
 [  5  15   3 572   0   0   2   0  20]
 [ 37   4   4   2 309  39   4   0  10]
 [ 16   1   0   0  15 240   0   1   0]
 [  3   5  50  14  12   2 210  33  11]
 [  0   0   6   0   2   0   5 457   0]
 [  2  20   8  31   1   0   9   0 395]]

******************************************************
Logistic Regression - mul:

0.835714285714
[[249  12   4   3  27  18   6   0   3]
 [  9 345   0  26   7   0   3   0  53]
 [  6   0 218   3   3   1  41   5  23]
 [  5  17   0 571   0   0   1   0  23]
 [ 39   2   1   0 328  30   1   0   8]
 [ 18   0   0   0  23 231   0   1   0]
 [  2   7  49   2   5   0 252  19   4]
 [  0   0   2   0   2   0   8 458   0]
 [  3  25  10  26   1   0  11   0 390]]
######################################################
(5460, 148) (3640, 148)

******************************************************
Decision Tree:

0.661263736264
[[196  17  10  11  66  43  19   0  14]
 [ 18 250  14  60   7   1  10   1  77]
 [ 13   7 160   2  10   5  59  10  24]
 [ 14  67   2 518   3   0   6   0  60]
 [ 37   5  15   5 240  57   9   0   7]
 [ 12   3   4   0  41 185   0   1   4]
 [  7   2  43   1   6   2 172  41  14]
 [  2   0  16   0   4   0  51 418   3]
 [ 13  54  32  68   6   1  16   1 268]]

******************************************************
Gaussian Naive Bayes:

0.516483516484
[[ 78  14   8  28   9  63  76   0  36]
 [  8 143   0 156   1  36   0   0  61]
 [ 10  22  37  45   5  37 120   1  19]
 [  0  68   0 572   0   4   9   0  12]
 [ 56   0  15   7 113 158  31   0   3]
 [ 49   1   4   0  13 220   4   0   3]
 [ 15  15   8  26  12  12 229  20   5]
 [  1   0   2   0  18   5  88 358   0]
 [  7  66   7 214   2  25  20   0 130]]

******************************************************
KNN:
---------------------
KNN ==  5 :

0.598076923077
[[198  15   9  12  49  20   6   0   3]
 [ 29 190  11  93  21   1   0   0  60]
 [ 27  19 146   6  21  10  41   2  24]
 [ 20  62   4 540   5   1   2   0  31]
 [104   8   6   3 185  62  10   1   4]
 [ 36   0   4   0  74 177   2   0   1]
 [ 33  21  49   8  25   4 139  47  16]
 [  8   0  20   0  12   0  28 403   1]
 [ 25 107  40  72  15   5   8   0 199]]
---------------------
KNN ==  9 :

0.577747252747
[[193  16   8  11  36  31  10   0   7]
 [ 29 174   9 102  25   6   0   0  60]
 [ 27  28 115   3  19  15  49   5  35]
 [ 27  55   2 541   1   2   0   0  37]
 [ 97   9   7   5 167  78   9   5   6]
 [ 44   0   2   0  68 177   1   1   1]
 [ 33  23  50   6  22   2 143  47  16]
 [ 11   2  16   0  11   2  33 396   1]
 [ 27 121  27  74  16   5   4   0 197]]
---------------------
KNN ==  11 :

0.57967032967
[[194  14   6  12  37  34  11   0   4]
 [ 31 171   9  99  30   5   0   0  60]
 [ 27  28 109   4  21  16  46   7  38]
 [ 26  48   3 549   3   1   0   0  35]
 [ 90   8   8   5 171  78   9   8   6]
 [ 41   1   2   0  66 181   1   1   1]
 [ 35  18  44   7  23   3 141  52  19]
 [  7   1  19   0  18   2  32 392   1]
 [ 22 118  21  80  16   8   4   0 202]]
---------------------
KNN ==  13 :

0.571703296703
[[196  16   7  12  34  34  10   0   3]
 [ 26 168   6 102  29   6   1   0  67]
 [ 24  32 101   7  21  17  45   9  40]
 [ 27  52   1 548   2   2   0   0  33]
 [ 94  13   7   6 162  79   8   8   6]
 [ 40   1   2   0  70 179   0   1   1]
 [ 34  17  43   9  29   2 139  52  17]
 [  8   1  15   0  16   2  32 397   1]
 [ 27 122  24  80  17   7   3   0 191]]

******************************************************
SVM:

0.848076923077

******************************************************
Perceptron:

0.396153846154
[[216   0   0   1  22   0   0   0  73]
 [ 37   0   0   9  20   0   0   0 339]
 [  8   0  14   0  13   0  24   0 237]
 [ 52   0   0 188   0   0  10   0 415]
 [142   0   0   0 177   0   3   0  61]
 [126   0   1   0 115   0   0   0  52]
 [ 57   0   4   0  12   0  95  34 140]
 [ 33   0  19   0  51   0  18 314  37]
 [ 13   0   0   6  11   0   3   0 438]]

******************************************************
LDA:

0.0887362637363
[[  0   0 312   0   0   0   0   0   0]
 [  0   0 405   0   0   0   0   0   0]
 [  0   0 296   0   0   0   0   0   0]
 [  0   0 665   0   0   0   0   0   0]
 [  0   0 375   0   0   8   0   0   0]
 [  0   0 269   0   0  25   0   0   0]
 [  0   0 341   0   0   0   0   1   0]
 [  0   0 470   0   0   0   0   2   0]
 [  0   0 471   0   0   0   0   0   0]]

******************************************************
Logistic Regression - ovr:

0.810164835165
[[233   7   4   7  34  13   3   0  11]
 [ 12 282   3  39   7   2   2   0  58]
 [  6   3 198   1   5   1  48   4  30]
 [  9  16   3 613   0   0   4   0  20]
 [ 45   3   3   0 295  31   0   0   6]
 [ 26   0   0   0  17 251   0   0   0]
 [ 10   5  32  12  16   0 225  25  17]
 [  0   0   6   0   3   0   6 457   0]
 [  1  27   9  31   1   0   7   0 395]]

******************************************************
Logistic Regression - mul:

0.836813186813
[[254   6   4   2  23   9   8   0   6]
 [ 12 307   2  27   5   0   1   0  51]
 [  6   1 209   2   7   1  48   3  19]
 [  7  17   0 614   1   0   3   0  23]
 [ 39   1   1   0 310  25   2   0   5]
 [ 19   0   0   0  25 250   0   0   0]
 [  4   6  37   5   9   0 258  16   7]
 [  0   0   4   0   4   0  14 450   0]
 [  4  34  14  20   0   0   5   0 394]]
######################################################
(5460, 148) (3640, 148)

******************************************************
Decision Tree:

0.657967032967
[[192  13  11  14  55  32   5   0  15]
 [ 27 243  17  49   6   3   8   1  61]
 [ 18  12 138   4   9   3  59   7  39]
 [  3  84   7 494   2   0   7   0  65]
 [ 57   4  13   1 260  39   5   4   7]
 [ 25   2   4   0  43 191   1   0   0]
 [  9   8  65   5  24   0 177  48  22]
 [  0   0   7   0   1   1  31 427   1]
 [ 12  64  24  56  10   2  14   0 273]]

******************************************************
Gaussian Naive Bayes:

0.521978021978
[[ 87   8  25  32  12  68  81   0  30]
 [  4 161   2 167   1  33   2   0  60]
 [  4  19  42  58   6  35 103   3  16]
 [  2  74   0 525   0   1   6   0  15]
 [ 39   0  19  10 154 136  42   0  10]
 [ 40   1   6   0   7 208   5   1   3]
 [ 10   5  14  30   8  11 200  24   5]
 [  1   0   5   1  19   3  70 388   0]
 [  3  66  10 221   3  26  19   0 135]]

******************************************************
KNN:
---------------------
KNN ==  5 :

0.589835164835
[[222  14   7   6  52  25   4   1  12]
 [ 36 196  13  88  19   6   1   0  71]
 [ 19  22 138   9  16  15  32   2  33]
 [ 26  51   3 507   1   1   1   0  33]
 [100  24  13   7 192  54  11   4   5]
 [ 37   2   5   0  60 163   1   1   2]
 [ 27  14  57   9  17   1 136  39   7]
 [  5   1  18   0   6   1  40 415   1]
 [ 26 122  41  94   8   5   9   0 178]]
---------------------
KNN ==  9 :

0.583241758242
[[221  11   9   9  44  34   5   2   8]
 [ 45 185   8  90  21   6   1   0  74]
 [ 20  19 118   8  22  14  34   3  48]
 [ 24  53   1 509   1   1   0   0  34]
 [106  30   9   6 178  61   8   7   5]
 [ 32   2   3   0  50 180   0   2   2]
 [ 34  12  50  13  15   1 134  35  13]
 [ 10   1  20   0   8   1  38 408   1]
 [ 25 119  25  97   9   9   9   0 190]]
---------------------
KNN ==  11 :

0.570054945055
[[222  14   9  10  36  34   5   3  10]
 [ 49 188  10  90  18   6   0   0  69]
 [ 19  18 108  11  21  15  36   3  55]
 [ 26  49   3 506   2   0   0   0  37]
 [104  29   8   8 164  70  12  11   4]
 [ 32   1   3   0  59 171   0   2   3]
 [ 32  14  51  12  17   2 122  43  14]
 [ 10   2  17   0  11   1  37 408   1]
 [ 25 118  21 103  15   8   7   0 186]]
---------------------
KNN ==  13 :

0.567032967033
[[211  10   8  10  47  39   6   2  10]
 [ 49 178  11  92  21   7   0   0  72]
 [ 19  24 106  11  19  17  38   4  48]
 [ 26  47   1 512   2   0   0   0  35]
 [106  27   8  11 158  70  16  11   3]
 [ 33   1   1   0  62 170   0   2   2]
 [ 34  17  41  14  15   1 126  44  15]
 [  9   3  17   0  11   0  34 411   2]
 [ 28 109  24 103  12   9   6   0 192]]

******************************************************
SVM:

0.844505494505

******************************************************
Perceptron:

0.252472527473
[[  0   0   0   0 343   0   0   0   0]
 [  0   0   0  59 371   0   0   0   0]
 [  0   0   0   8 205   0  73   0   0]
 [  0   0   0 405 218   0   0   0   0]
 [  0   0   0   2 408   0   0   0   0]
 [  0   0   0   0 271   0   0   0   0]
 [  0   0   0  10 191   0 106   0   0]
 [  0   0   0   0 366   0 121   0   0]
 [  0   0   0 177 290   0  16   0   0]]

******************************************************
LDA:

0.30989010989
[[  0  29   0 100   9   0 204   0   1]
 [  0 254   0  80   0   0  92   0   4]
 [  0   3   0  58   0   0 225   0   0]
 [  0 126   0 427   0   0  58   0  12]
 [  0  13   0  91 118   2 186   0   0]
 [  0  44   0  32  86  27  82   0   0]
 [  0   2   0  28   0   0 277   0   0]
 [  0   0   0   0   0   0 487   0   0]
 [  0 144   0 210   0   0 104   0  25]]

******************************************************
Logistic Regression - ovr:

0.803296703297
[[245   4   8   7  40  14  10   0  15]
 [  9 288   2  51   8   1   5   0  66]
 [  5   0 198   2   2   0  38   4  37]
 [  8  11   2 585   0   0   3   0  14]
 [ 35   3   6   5 324  24   2   0  11]
 [ 21   1   0   0  14 234   0   1   0]
 [  6   5  43  16   4   1 190  27  15]
 [  0   0   7   1   0   0  11 468   0]
 [  3  27   7  43   1   0  10   0 392]]

******************************************************
Logistic Regression - mul:

0.826648351648
[[263  11   6   4  35  11   8   0   5]
 [  8 328   0  37   3   1   1   0  52]
 [  1   1 211   3   3   1  47   3  16]
 [  3  16   0 579   0   0   6   0  19]
 [ 35   3   3   2 335  18   5   0   9]
 [ 24   2   0   0  17 227   0   1   0]
 [  1   4  46   6   3   0 223  20   4]
 [  0   0   3   0   0   0  17 467   0]
 [  4  43  12  33   1   1  13   0 376]]
######################################################
(5460, 148) (3640, 148)

******************************************************
Decision Tree:

0.653846153846
[[173  15   9   4  65  35  13   2  13]
 [ 20 239  12  55   3   5   6   1  93]
 [  5  10 148   5   9   1  49   7  36]
 [  8  74   2 491   3   0   2   0  57]
 [ 54   9   3   4 259  47   7   2   6]
 [ 22   3   5   1  34 180   0   3   0]
 [ 15   6  76   2  14   1 194  39  11]
 [  1   1  13   0   3   0  43 438   0]
 [ 17  74  28  71   6   1  19   0 258]]

******************************************************
Gaussian Naive Bayes:

0.530494505495
[[ 86   9   9  26  14  65  67   0  39]
 [  7 162   0 165   2  32   1   0  62]
 [  7  10  34  47   6  27 135   6  24]
 [  0  52   0 560   0   3   3   0  15]
 [ 36   0  10   8 129 164  40   0   9]
 [ 37   0   6   0  10 207   7   0   3]
 [  5   5  15  35   9  10 217  29   8]
 [  0   0   4   0  24   3  64 397   0]
 [  2  71   5 202   2  34  19   0 139]]

******************************************************
KNN:
---------------------
KNN ==  5 :

0.591208791209
[[188  12  13   4  64  24   4   0   6]
 [ 46 190  11  84  13   6   6   0  75]
 [ 27  29 132   6   7  10  44   7  34]
 [ 16  50   3 513   1   1   2   0  47]
 [ 92  25  12   3 192  52  11   1   8]
 [ 48   0   2   0  54 165   0   0   1]
 [ 33  17  47   9  13   2 157  40  15]
 [  5   0  13   0  12   1  41 419   1]
 [ 31 110  36  81  10   6   4   0 196]]
---------------------
KNN ==  9 :

0.574175824176
[[184  11  11   8  50  38   5   2   6]
 [ 37 181  13  97  16   9   4   0  74]
 [ 24  33 110  11  11  13  41  12  41]
 [ 20  41   4 526   1   1   0   0  40]
 [ 99  23  11   7 169  67  10   4   6]
 [ 46   0   1   0  51 170   0   1   1]
 [ 34  15  46  11  13   3 153  42  16]
 [  6   2  12   0  17   1  46 408   0]
 [ 27 116  28  88  17   6   3   0 189]]
---------------------
KNN ==  11 :

0.571703296703
[[188   7   9   8  47  42   5   3   6]
 [ 41 172  10  99  17  11   1   0  80]
 [ 21  35 104  11  14  11  45   8  47]
 [ 19  34   3 536   1   1   0   0  39]
 [102  22  13   8 166  66  10   4   5]
 [ 44   1   1   0  53 169   0   1   1]
 [ 34  18  46  10  13   2 146  48  16]
 [  9   1  12   1  13   2  48 404   2]
 [ 28 105  28  90  16   7   4   0 196]]
---------------------
KNN ==  13 :

0.566483516484
[[177  13   9  10  50  44   5   2   5]
 [ 43 172   6  97  16  12   1   0  84]
 [ 13  36 105   9  10  19  44  11  49]
 [ 19  28   3 541   0   1   1   0  40]
 [100  24   9  12 160  67  12   7   5]
 [ 50   1   1   0  52 163   1   1   1]
 [ 39  18  38  10  14   0 143  50  21]
 [  8   1  14   3  16   1  47 401   1]
 [ 31  96  25  91  17   9   5   0 200]]

******************************************************
SVM:

0.857417582418

******************************************************
Perceptron:

0.116483516484
[[  0   0   0   0 315   0   0   0   0]
 [  0   0   0   0 431   0   0   0   0]
 [  0   0   0   0 296   0   0   0   0]
 [  0   0   0  21 612   0   0   0   0]
 [  0   0   0   0 396   0   0   0   0]
 [  0   0   0   0 270   0   0   0   0]
 [  0   0   0   0 333   0   0   0   0]
 [  0   0   0   0 491   0   0   1   0]
 [  0   0   0   3 465   0   0   0   6]]

******************************************************
LDA:

0.118406593407
[[  0 315   0   0   0   0   0   0   0]
 [  0 431   0   0   0   0   0   0   0]
 [  0 296   0   0   0   0   0   0   0]
 [  0 633   0   0   0   0   0   0   0]
 [  0 396   0   0   0   0   0   0   0]
 [  0 270   0   0   0   0   0   0   0]
 [  0 333   0   0   0   0   0   0   0]
 [  0 492   0   0   0   0   0   0   0]
 [  0 474   0   0   0   0   0   0   0]]

******************************************************
Logistic Regression - ovr:

0.810164835165
[[233   9   6   8  31  22   1   0   5]
 [ 12 306   3  29   6   2   2   0  71]
 [  4   1 197   5   2   0  55   0  32]
 [  8   9   2 590   0   0   2   0  22]
 [ 45   3   4   2 300  31   2   0   9]
 [ 25   0   0   0  17 228   0   0   0]
 [  3   4  40  13  11   0 220  28  14]
 [  1   0   5   0   2   0   9 475   0]
 [  5  21   9  29   2   0   8   0 400]]

******************************************************
Logistic Regression - mul:

0.837362637363
[[245  10   4   3  29  21   2   0   1]
 [  9 337   5  22   3   0   0   0  55]
 [  2   0 221   3   2   1  57   0  10]
 [  4  12   1 587   0   0   4   0  25]
 [ 33   5   2   2 324  23   1   0   6]
 [ 20   0   0   0  33 216   0   1   0]
 [  2   3  37   7   4   0 261  16   3]
 [  0   0   3   0   4   0  10 475   0]
 [  6  36  18  22   1   1   8   0 382]]
######################################################
(5460, 148) (3640, 148)

******************************************************
Decision Tree:

0.65989010989
[[199  14  11   7  68  32  10   0  13]
 [ 14 225  20  65  10   3   8   0  75]
 [  9   4 168   2  12   6  68   6  44]
 [  7  59   6 478   4   0   5   0  63]
 [ 50   8   7   4 249  41   5   1   4]
 [ 23   3   3   2  54 202   2   1   3]
 [ 11   9  52   2  10   1 194  41  19]
 [  1   0   9   0   1   2  34 421   2]
 [ 18  72  24  49   6   3  15   1 266]]

******************************************************
Gaussian Naive Bayes:

0.523351648352
[[ 94   9   4  30   7  84  59   0  45]
 [  3 139   1 163   0  27   1   0  60]
 [  3  17  38  49   3  32 128   2  28]
 [  0  68   0 525   0   3   1   0  12]
 [ 67   0  10   2 137 162  27   0   9]
 [ 47   0   1   0  13 220   4   0   5]
 [  9   6   9  30  10  16 228  27   6]
 [  1   0   3   0  16   3  71 377   0]
 [  2  76   5 205   2  26  26   0 147]]

******************************************************
KNN:
---------------------
KNN ==  5 :

0.582417582418
[[214  18   8   4  62  18   4   0   4]
 [ 31 180  12  91  18  10   1   0  51]
 [ 24  16 128   4  13  12  59   4  40]
 [ 10  54   4 507   1   3   0   0  30]
 [125  28  11   4 176  48  12   5   5]
 [ 46   1   2   0  63 175   1   1   1]
 [ 36  18  59   3  13   3 141  53  15]
 [  7   0  13   0   9   1  35 406   0]
 [ 20 120  36  94   9   6  11   0 193]]
---------------------
KNN ==  9 :

0.581318681319
[[207  19   6   8  52  37   1   0   2]
 [ 28 175  13  93  11  11   0   0  63]
 [ 30  22 103   7  12  13  56   7  50]
 [ 13  53   2 513   0   3   0   0  25]
 [118  21  12   8 166  65  12  10   2]
 [ 42   1   1   0  61 182   1   1   1]
 [ 35  11  53   5  23   3 141  57  13]
 [  7   0  14   1  11   0  26 412   0]
 [ 17 101  27  99  14   7   7   0 217]]
---------------------
KNN ==  11 :

0.573076923077
[[203  21   6   7  50  40   1   0   4]
 [ 27 173  12  94  11  12   1   0  64]
 [ 28  26  96   6  11  16  57   8  52]
 [ 13  49   1 514   0   3   0   0  29]
 [111  15  12  10 154  76  12  20   4]
 [ 40   2   1   0  58 187   0   1   1]
 [ 34  15  40   5  23   3 142  64  15]
 [  2   2  12   0  10   2  29 413   1]
 [ 15 113  31  98  16   8   4   0 204]]
---------------------
KNN ==  13 :

0.567032967033
[[195  20   5   7  54  46   2   0   3]
 [ 29 177  11  97  12  12   0   0  56]
 [ 24  24  93   6  14  17  58  10  54]
 [ 16  49   1 515   2   2   0   0  24]
 [116  23  12   9 149  68  15  19   3]
 [ 41   2   0   0  58 187   0   1   1]
 [ 40  10  39   6  17   3 137  70  19]
 [  6   1  11   0  10   2  31 408   2]
 [ 17 116  24 106  12   7   3   1 203]]

******************************************************
SVM:

0.854945054945

******************************************************
Perceptron:

0.440659340659
[[240   0   0   1   0  17   0   0  74]
 [ 38   0   0  30   0   9   0   0 317]
 [  8   0  13   2   0   3   0  48 226]
 [ 40   0   0 295   0   0   0   0 274]
 [228   0   0   4   0  94   0   3  85]
 [ 93   0   0   0   0 176   0   0  21]
 [ 52   0   0   7   0   0   0 169 113]
 [ 19   0   1   0   0   1   0 445   5]
 [ 16   0   0  34   0   2   0   2 435]]

******************************************************
LDA:

0.177747252747
[[  1 191   0   0   5   0 135   0   0]
 [  0 249   0   0   0   0 145   0   0]
 [  0  98   0   0   1   0 198   3   0]
 [  0 118   0   0   0   0 491   0   0]
 [  0 221   0   0  74   1 116   2   0]
 [  0 146   0   0  48  18  78   0   0]
 [  0  78   0   0   0   0 259   4   0]
 [  0   9   0   0   0   0 416  46   0]
 [  0 213   0   0   0   0 275   1   0]]

******************************************************
Logistic Regression - ovr:

0.812912087912
[[239  12   6   6  35  18   0   1  15]
 [ 11 284   2  40   1   2   2   0  52]
 [  6   1 204   4   2   1  41   6  35]
 [  3  11   3 581   0   0   1   0  10]
 [ 45   2   3   1 317  38   0   0   8]
 [ 23   1   0   0  16 248   0   2   0]
 [  5   3  41  10   7   1 236  28  10]
 [  0   0   1   0   3   0   7 460   0]
 [  4  34   7  44   1   0   9   0 390]]

******************************************************
Logistic Regression - mul:

0.83489010989
[[253  14   6   2  34  16   2   1   4]
 [ 11 307   1  24   1   1   2   0  47]
 [  2   1 227   2   0   1  48   2  17]
 [  4  14   0 575   0   0   0   0  16]
 [ 42   1   5   0 326  32   2   0   6]
 [ 20   1   0   0  30 238   0   1   0]
 [  2   3  41   4   3   0 269  17   2]
 [  0   0   2   0   3   0   8 458   0]
 [  3  45  12  32   1   1   9   0 386]]
######################################################
(5460, 148) (3640, 148)

******************************************************
Decision Tree:

0.642582417582
[[185  13  13  10  60  18   9   0   8]
 [ 21 207  14  56   5   2   6   0  95]
 [ 10  12 133   3  16   4  57  13  30]
 [ 16  64   6 490   3   0   7   0  74]
 [ 54   5   9   1 253  61   6   1   7]
 [ 24   3   2   0  44 179   1   0   0]
 [ 12   8  57   2   8   7 190  39  15]
 [  0   0  13   0   1   0  57 430   2]
 [ 10  75  44  63   7   1  17   0 272]]

******************************************************
Gaussian Naive Bayes:

0.512637362637
[[ 93  15  14  36   9  67  58   0  40]
 [  5 130   1 167   2  33   1   0  48]
 [  5  21  39  53   5  30 113   4  21]
 [  0  67   0 542   0   1   4   0  11]
 [ 45   0  11   9 133 141  48   0  10]
 [ 43   1   2   0  14 205   2   0   5]
 [  7   8  18  27  19  10 221  32   8]
 [  0   0   2   1  16   4  76 384   0]
 [  4  76   9 253   2  20  20   0 119]]

******************************************************
KNN:
---------------------
KNN ==  5 :

0.586263736264
[[213  13  13   4  46  30   4   0   9]
 [ 24 189  12  89  13   8   3   0  49]
 [ 22  28 138   4  12  13  29   2  43]
 [ 19  60   1 511   0   1   3   0  30]
 [122  12  10   6 173  60   8   0   6]
 [ 51   2   4   0  54 160   1   0   0]
 [ 47  18  52   9  20   2 130  53  19]
 [  6   0  18   0  11   1  37 410   0]
 [ 18 127  32  90  13   5   8   0 210]]
---------------------
KNN ==  9 :

0.579945054945
[[208  16   8   7  45  37   4   0   7]
 [ 23 181   7  92  18   6   0   0  60]
 [ 23  32 123   5  11  14  37   5  41]
 [ 16  61   3 513   0   2   1   0  29]
 [116  15   9   6 174  55   8   4  10]
 [ 42   2   3   0  62 163   0   0   0]
 [ 42  17  46   9  27   2 136  51  20]
 [  9   1  16   0  14   1  34 407   1]
 [ 19 129  28  98  16   5   2   0 206]]
---------------------
KNN ==  11 :

0.575274725275
[[201  19   8   7  49  39   3   0   6]
 [ 27 186   7  92  14   6   1   0  54]
 [ 17  29 120   6  12  18  35   5  49]
 [ 17  65   2 514   0   1   1   0  25]
 [118  17   7  10 169  55   8   4   9]
 [ 45   3   2   1  56 164   1   0   0]
 [ 44  21  47   8  31   2 130  51  16]
 [ 11   1  14   0  13   2  41 400   1]
 [ 20 121  27 103  12   9   1   0 210]]
---------------------
KNN ==  13 :

0.564285714286
[[193  17   7   9  52  44   4   0   6]
 [ 27 180   7  92  17   5   2   0  57]
 [ 22  34 116  10  11  16  36   5  41]
 [ 17  65   1 515   0   1   1   0  25]
 [119  12   8   9 168  57   8   7   9]
 [ 47   4   1   0  58 161   0   0   1]
 [ 47  18  49  12  31   2 118  58  15]
 [  9   1  18   0  15   3  43 392   2]
 [ 17 127  22 102  12   8   4   0 211]]

******************************************************
SVM:

0.85521978022

******************************************************
Perceptron:

0.267032967033
[[  0   0   0   0   0   0   1   3 328]
 [  0   0   0   0   0   0   0   0 387]
 [  0   0   0   0   0   0   1  28 262]
 [  0   0   0   0   0   0  30   0 595]
 [  0   0   0   0   0   0   0  48 349]
 [  0   0   0   0   0   0   0   0 272]
 [  0   0   0   0   0   0   1 173 176]
 [  0   0   0   0   0   0   0 471  12]
 [  0   0   0   0   0   0   0   3 500]]

******************************************************
LDA:

0.0799450549451
[[  0   0 332   0   0   0   0   0   0]
 [  0   0 387   0   0   0   0   0   0]
 [  0   0 291   0   0   0   0   0   0]
 [  0   0 625   0   0   0   0   0   0]
 [  0   0 397   0   0   0   0   0   0]
 [  0   0 272   0   0   0   0   0   0]
 [  0   0 350   0   0   0   0   0   0]
 [  0   0 483   0   0   0   0   0   0]
 [  0   0 503   0   0   0   0   0   0]]

******************************************************
Logistic Regression - ovr:

0.811538461538
[[241   9   7  13  35  14   2   0  11]
 [  8 275   2  40   8   1   2   0  51]
 [ 10   0 205   3   1   0  36   3  33]
 [  2  12   3 598   0   0   2   0   8]
 [ 38   6   5   3 297  36   2   0  10]
 [ 26   2   0   0  18 225   0   0   1]
 [  6   4  48  14   7   1 229  29  12]
 [  1   0  10   1   2   0   4 465   0]
 [  4  20   8  40   1   0  10   1 419]]

******************************************************
Logistic Regression - mul:

0.835164835165
[[256  11  10   7  25  12   4   0   7]
 [  7 302   1  25   4   1   1   0  46]
 [  5   0 218   4   1   0  47   3  13]
 [  3  16   0 591   0   0   2   0  13]
 [ 42   3   3   0 314  25   1   0   9]
 [ 26   1   0   0  24 221   0   0   0]
 [  1   5  53   7   4   0 259  18   3]
 [  0   0   3   0   3   0  10 467   0]
 [  2  34  10  32   2   0  11   0 412]]
######################################################
(5460, 148) (3640, 148)

******************************************************
Decision Tree:

0.658791208791
[[175  17   9  10  50  21   7   0   8]
 [ 26 226  14  58   6   4   4   0  80]
 [  9   5 152   2  16   2  51  13  38]
 [  7  57   1 533   1   0   2   0  85]
 [ 55   3  11   0 250  58  10   1  12]
 [ 31   3   4   0  39 199   1   0   3]
 [ 10  11  56   9  10   3 188  33  11]
 [  2   0  13   0   1   1  47 429   1]
 [ 14  74  26  54   9   0  21   2 246]]

******************************************************
Gaussian Naive Bayes:

0.524175824176
[[ 85  12  14  29   4  78  71   0  36]
 [  4 145   0 165   1  29   3   0  49]
 [  5  26  44  44   4  30 108   5  20]
 [  0  66   0 574   0   5  10   0  11]
 [ 49   0  16   3 112 154  41   0   7]
 [ 50   0   4   0   8 223   1   0   2]
 [  6   9  14  27  13   8 217  30   7]
 [  0   0   2   0  24   2  73 377   0]
 [  6  73  11 221   2  24  16   0 131]]

******************************************************
KNN:
---------------------
KNN ==  5 :

0.596428571429
[[215  14  11   8  53  23   1   0   4]
 [ 33 204   7  77  13   4   2   0  56]
 [ 18  32 131   6  13  10  39   6  31]
 [ 21  57   6 538   2   1   1   0  40]
 [ 96  16  14   6 181  56   8   1   4]
 [ 42   3   6   0  73 164   0   0   0]
 [ 31  14  55   3  22   2 144  45  15]
 [  3   0  24   0   9   1  41 400   0]
 [ 21 128  37  76  13   3  11   1 194]]
---------------------
KNN ==  9 :

0.588736263736
[[202  15   8   6  49  38   8   1   2]
 [ 30 203   6  82  11   8   1   0  55]
 [ 16  36 116   9  14  14  43   4  34]
 [ 18  57   3 551   4   0   2   0  31]
 [ 97  13   7   6 180  60  10   1   8]
 [ 35   2   4   0  81 165   1   0   0]
 [ 34  18  54   3  16   1 139  51  15]
 [  5   0  20   0  11   1  40 401   0]
 [ 20 128  31  91  17   6   4   1 186]]
---------------------
KNN ==  11 :

0.578846153846
[[205  13   8   9  42  39   8   1   4]
 [ 32 179   6  91  18   6   1   0  63]
 [ 13  36 114  10  16  17  41   4  35]
 [ 18  57   3 552   5   1   2   0  28]
 [ 97  12   9   7 173  60  10   3  11]
 [ 37   2   4   0  86 158   1   0   0]
 [ 37  17  49   2  15   2 142  52  15]
 [  9   0  19   0  10   1  39 399   1]
 [ 19 133  30  93  16   5   3   0 185]]
---------------------
KNN ==  13 :

0.578571428571
[[209  11   7  13  41  38   4   1   5]
 [ 27 180   5  89  17   9   2   0  67]
 [ 13  40  98   9  20  18  42   5  41]
 [ 17  58   1 546   3   3   2   0  36]
 [ 89  15   9   8 181  59   9   6   6]
 [ 37   2   2   0  86 161   0   0   0]
 [ 34  17  42   4  16   2 145  55  16]
 [  8   1  19   0  11   1  39 398   1]
 [ 21 127  27  91  17   8   5   0 188]]

******************************************************
SVM:

0.848901098901

******************************************************
Perceptron:

0.423351648352
[[ 32   0   0   7 250   0   1   0  39]
 [  1   0   0  27 102   0   0   0 266]
 [  0   0   0   7  44   0  23   3 209]
 [  3   0   0 383  49   0   0   0 231]
 [ 11   0   0   3 337   0   2   0  29]
 [  2   0   0   0 283   0   0   0   3]
 [  3   0   0   4  89   0  61  51 123]
 [  0   0   0   0 117   0   6 331  24]
 [  1   0   0  31  55   0   0   0 397]]

******************************************************
LDA:

0.0909340659341
[[  0   0   0   0   0   0 329   0   0]
 [  0   0   0   0   0   0 396   0   0]
 [  0   0   0   0   0   0 286   0   0]
 [  0   0   0   0   0   0 666   0   0]
 [  0   0   0   0   0   0 382   0   0]
 [  0   0   0   0   0   0 288   0   0]
 [  0   0   0   0   0   0 331   0   0]
 [  0   0   0   0   0   0 478   0   0]
 [  0   0   0   0   0   0 484   0   0]]

******************************************************
Logistic Regression - ovr:

0.809615384615
[[239  11   7   4  42  15   4   1   6]
 [  8 282   3  31   9   0   4   0  59]
 [  5   2 190   4   1   0  51   1  32]
 [  7  17   0 627   0   0   6   0   9]
 [ 37   0   4   4 297  30   3   0   7]
 [ 23   1   0   0  16 248   0   0   0]
 [  5   0  47  12  10   0 218  26  13]
 [  1   0   6   1   3   0   5 461   1]
 [  3  27   7  46   7   0   9   0 385]]

******************************************************
Logistic Regression - mul:

0.837362637363
[[255   9   7   3  28  14   7   1   5]
 [  5 312   0  25   2   0   2   0  50]
 [  2   0 209   1   1   1  55   0  17]
 [  4  22   0 620   0   0   8   0  12]
 [ 29   0   2   2 318  23   2   0   6]
 [ 16   1   0   0  28 242   0   1   0]
 [  2   1  48   8   6   0 249  14   3]
 [  0   0   6   0   2   0  15 455   0]
 [  3  31  14  36   3   1   8   0 388]]
######################################################
######################################################
DT: 
[ 0.66950549  0.65824176  0.63983516  0.65686813  0.66126374  0.65796703
  0.65384615  0.65989011  0.64258242  0.65879121]
0.655879120879
gnb: 
[ 0.53296703  0.51483516  0.50769231  0.51950549  0.51648352  0.52197802
  0.53049451  0.52335165  0.51263736  0.52417582]
0.520412087912
knn: 
[ 0.59835165  0.58104396  0.57747253  0.57115385  0.57857143  0.55769231
  0.55357143  0.55192308  0.59697802  0.5793956   0.5728022   0.57362637
  0.5782967   0.56538462  0.56318681  0.55494505  0.59807692  0.57774725
  0.57967033  0.5717033   0.58983516  0.58324176  0.57005495  0.56703297
  0.59120879  0.57417582  0.5717033   0.56648352  0.58241758  0.58131868
  0.57307692  0.56703297  0.58626374  0.57994505  0.57527473  0.56428571
  0.59642857  0.58873626  0.57884615  0.57857143]
0.576188186813
9  =  0.576868131868
11  =  0.571565934066
5  =  0.589642857143
13  =  0.566675824176
svm: 
[ 0.85659341  0.85494505  0.84505495  0.84642857  0.84807692  0.84450549
  0.85741758  0.85494505  0.85521978  0.8489011 ]
0.851208791209
per: 
[ 0.35604396  0.28186813  0.34285714  0.13461538  0.39615385  0.25247253
  0.11648352  0.44065934  0.26703297  0.42335165]
0.301153846154
lda: 
[ 0.09945055  0.0978022   0.08763736  0.08296703  0.08873626  0.30989011
  0.11840659  0.17774725  0.07994505  0.09093407]
0.123351648352
lr_ovr: 
[ 0.80714286  0.80576923  0.80274725  0.80549451  0.81016484  0.8032967
  0.81016484  0.81291209  0.81153846  0.80961538]
0.807884615385
lr_mul: 
[ 0.83379121  0.83159341  0.825       0.83571429  0.83681319  0.82664835
  0.83736264  0.83489011  0.83516484  0.83736264]
0.833434065934
