Starting read from Train file...
(9100, 149)
train.shape = (9100, 148)
train_labels.shape = (9100, 1)
(5460, 148) (3640, 148)

******************************************************
Decision Tree:

0.648626373626
[[181  10  17  11  70  32  11   0  10]
 [ 21 262   7  80   7   3   6   0  72]
 [ 12  13 139   1  14   3  64   9  41]
 [ 10  51   4 464   2   0   4   0  55]
 [ 60  10   6   3 250  44  11   1  12]
 [ 32   4   2   0  54 209   0   2   2]
 [ 14   7  73   1   8   0 173  37  19]
 [  0   0  13   0   5   1  42 405   1]
 [  7  53  31  55  12   1  14   2 278]]

******************************************************
Gaussian Naive Bayes:

0.512362637363
[[ 87   9  13  32  14  75  74   0  33]
 [  8 155   2 159   0  35   1   0  50]
 [  5  18  39  50   5  33 124   5  13]
 [  1  66   0 528   0   1   8   0  11]
 [ 50   0  15   9 129 167  47   0   5]
 [ 44   1   4   0  11 226   3   0   4]
 [  3   3  18  35   9  14 217  20   6]
 [  0   0   4   0  19   4  74 355   0]
 [  4  73  10 226   3  26  19   0 129]]

******************************************************
KNN:
---------------------
KNN ==  5 :

0.589285714286
[[214  16   7   7  57  23   8   1   4]
 [ 36 192   8  85  21   8   3   0  57]
 [ 16  27 139  10  19   9  42   3  27]
 [ 14  58   4 506   2   1   2   0  28]
 [107  10  10   9 196  74  10   1   5]
 [ 58   2   7   0  59 165   1   0   1]
 [ 28  10  56   7  18   7 142  45  12]
 [  8   1  12   0   4   1  36 392   2]
 [ 21 122  34  83  15   7   8   1 199]]
---------------------
KNN ==  9 :

0.575274725275
[[210  16   5  13  49  28   6   1   9]
 [ 33 183   7  93  23  10   1   0  60]
 [ 14  34 111  11  18  11  52   4  37]
 [ 21  38   4 523   1   0   1   0  27]
 [121   8   9   5 181  77  11   5   5]
 [ 51   5   3   0  75 157   1   0   1]
 [ 28  12  54   6  19   4 145  44  13]
 [ 12   1  10   1   7   1  33 390   1]
 [ 25 126  29  86  16   6   8   0 194]]
---------------------
KNN ==  11 :

0.57032967033
[[205  10   5  14  50  35   8   1   9]
 [ 29 180   7 101  29  11   2   0  51]
 [ 10  32 112  15  19  11  48   4  41]
 [ 19  37   2 533   1   0   0   0  23]
 [111  11  12   9 165  90  12   8   4]
 [ 55   2   1   0  73 160   0   1   1]
 [ 27  14  54   7  21   3 143  45  11]
 [ 10   1  12   1   9   1  33 388   1]
 [ 23 123  30  96  12   8   7   1 190]]
---------------------
KNN ==  13 :

0.568131868132
[[203  14   5  16  49  36   6   1   7]
 [ 32 179   8  99  29  10   0   0  53]
 [ 12  29 103  14  23  13  48   6  44]
 [ 19  37   1 531   1   0   0   0  26]
 [112  13  10   9 172  81  10  11   4]
 [ 54   3   1   0  73 160   0   0   2]
 [ 30   9  46   8  26   3 138  51  14]
 [ 10   1  10   0  10   1  32 388   4]
 [ 25 122  25  93  10   9  10   2 194]]

******************************************************
SVM:

0.169230769231

******************************************************
Perceptron:

0.338186813187
[[327   0   0   0   0   0   0   0  10]
 [166   0   0   1   0   0   0   0 243]
 [ 80   0   0   0   0   0  15  17 180]
 [108   0   0 118   0   0   6   0 383]
 [404   0   0   0   0   0   0   0  18]
 [283   0   0   0   0   1   0   0   9]
 [108   0   0   0   0   0  15 122  80]
 [ 78   0   0   0   0   0   0 373   5]
 [ 88   0   0   1   0   0   3   1 397]]

******************************************************
LDA:

0.343956043956
[[ 36   0   0  90   9  13 161   0  28]
 [  4   0   0 307   1   0  20   0  78]
 [  4   0   0  37   0   1 215   0  35]
 [  1   0   0 555   0   0  52   0   7]
 [ 22   0   0  82  80  42 166   0  30]
 [ 15   0   0  51  50 129  35   0  13]
 [  0   0   0  13   1   0 306   0   5]
 [  0   0   0   4   4   0 427  19   2]
 [  1   0   0 241   3   0 118   0 127]]

******************************************************
Logistic Regression - ovr:

0.805769230769
[[256   4   5   7  42   9   3   1  10]
 [ 12 283   5  32  13   2   2   0  61]
 [  9   0 195   3   2   0  50   2  31]
 [  5  19   2 570   0   0   3   0  16]
 [ 39   7   5   6 314  41   1   0   9]
 [ 23   0   0   0   9 260   0   0   1]
 [  6   3  38  12   9   0 220  25  12]
 [  0   0   8   1   2   0  11 434   0]
 [  3  15  10  47   3   0  11   0 401]]

******************************************************
Logistic Regression - mul:

0.831043956044
[[265   6   5   3  36  10   5   1   6]
 [ 11 308   2  15   5   2   2   0  65]
 [  4   1 207   4   2   1  57   1  15]
 [  5  20   0 567   0   0   3   0  20]
 [ 34   2   1   3 335  40   1   0   6]
 [ 23   0   0   0  17 252   0   1   0]
 [  1   3  38   8   4   0 252  14   5]
 [  0   0   3   0   3   0  16 434   0]
 [  3  25  13  33   0   1  10   0 405]]
######################################################
(5460, 148) (3640, 148)

******************************************************
Decision Tree:

0.649450549451
[[182  15  13   8  69  33   4   0   7]
 [ 17 232  16  75   6   2   7   0  93]
 [ 10   5 157   2  14   5  69   9  28]
 [ 12  55   2 451   1   0   6   0  62]
 [ 48   3  13   3 244  43   9   2   5]
 [ 31   2   3   0  47 197   3   0   2]
 [ 12  11  57   7  11   1 178  50  12]
 [  0   0   5   0   0   0  36 425   1]
 [ 15  73  34  51  13   3  20   5 298]]

******************************************************
Gaussian Naive Bayes:

0.50521978022
[[ 85   9  13  37  11  70  63   0  39]
 [  5 151   1 138   2  41   2   0  56]
 [  8  21  36  45   4  36 123   3  24]
 [  1  68   0 507   0   3   6   0  12]
 [ 56   0  13   9 107 177  36   0   7]
 [ 43   0   4   0  20 213   2   0   2]
 [  8   6  12  29  11  15 213  27  11]
 [  0   0   1   0  25   2  84 379   0]
 [  3  89   3 215   3  29  18   0 148]]

******************************************************
KNN:
---------------------
KNN ==  5 :

0.57967032967
[[198  19  14   9  45  33   5   0   4]
 [ 31 194  14  72  17   8   1   0  59]
 [ 24  20 138  12  22  11  39   6  28]
 [ 19  50   6 492   1   1   2   0  26]
 [116  14   9   6 170  76   6   2   6]
 [ 37   2   3   0  56 185   0   1   0]
 [ 29  23  63  10  24   2 129  43   9]
 [ 10   1  17   0   9   1  41 412   0]
 [ 22 134  29  99  12   5  15   0 192]]
---------------------
KNN ==  9 :

0.583241758242
[[198  16  11   6  48  37   4   0   7]
 [ 29 190  12  82  16  13   1   0  53]
 [ 32  26 119  10  20  12  44   6  31]
 [ 18  47   2 494   1   2   0   0  33]
 [106  14   7   5 173  85   6   4   5]
 [ 36   2   1   0  51 192   1   1   0]
 [ 37  18  54  12  21   2 129  48  11]
 [  7   1  14   0   8   4  39 418   0]
 [ 18 134  27  91  12   7   9   0 210]]
---------------------
KNN ==  11 :

0.574725274725
[[193  14   7   8  50  42   5   0   8]
 [ 30 179   8  84  17  14   2   0  62]
 [ 25  24 115  11  25  12  45   7  36]
 [ 18  52   2 497   0   2   0   0  26]
 [117  10   6   7 164  81   9   6   5]
 [ 36   2   2   0  51 191   1   1   0]
 [ 40  20  55   9  23   1 127  46  11]
 [  8   0  16   0  10   2  33 422   0]
 [ 15 136  25  99  11   8  10   0 204]]
---------------------
KNN ==  13 :

0.577747252747
[[200  11  11   8  46  40   4   0   7]
 [ 33 172   7  84  19  13   1   0  67]
 [ 22  27 118  12  21  13  50   6  31]
 [ 19  49   2 496   1   3   0   0  27]
 [119  12   7   7 160  80   7   7   6]
 [ 43   2   2   0  45 190   1   1   0]
 [ 35  22  53  10  20   1 129  50  12]
 [  9   0  14   0  10   3  36 419   0]
 [ 17 128  22  95  12   6   9   0 219]]

******************************************************
SVM:

0.16456043956

******************************************************
Perceptron:

0.344505494505
[[  0   0   0 146   0  17   0 164   0]
 [  0   0   0 345   0  13   0  38   0]
 [  0   0  10  53   0   0   0 237   0]
 [  0   0   0 595   0   1   0   1   0]
 [  0   0   0  71   0  44   0 290   0]
 [  0   0   0  11   0 158   0 115   0]
 [  0   0   0  51   0   0   0 281   0]
 [  0   0   0   0   0   0   0 491   0]
 [  0   0   6 428   0   4   0  70   0]]

******************************************************
LDA:

0.14010989011
[[  0   0   0  16   0   0   0   0 311]
 [  0   0   0   0   0   0   0   0 396]
 [  0   0   0   0   0   0   0   0 300]
 [  0   0   0   2   0   0   0   0 595]
 [  0   0   0  40   0   0   0   0 365]
 [  0   0   0  56   0   0   0   0 228]
 [  0   0   0   0   0   0   0   0 332]
 [  0   0   0   1   0   0   0   0 490]
 [  0   0   0   0   0   0   0   0 508]]

******************************************************
Logistic Regression - ovr:

0.804120879121
[[230   7   7  10  43  16   4   1   9]
 [ 11 278   4  37  11   2   5   0  48]
 [  6   1 213   4   6   0  42   5  23]
 [  6   5   3 566   0   0   3   0  14]
 [ 38   3   7   3 314  28   2   0  10]
 [ 25   2   0   0  16 240   0   0   1]
 [  3   4  41  13  16   1 214  28  12]
 [  0   0   4   0   2   0  12 473   0]
 [  2  35  12  43   3   0  14   0 399]]

******************************************************
Logistic Regression - mul:

0.831318681319
[[251   7   9   4  34  13   3   1   5]
 [ 11 303   1  28   5   1   2   0  45]
 [  4   2 215   4   2   0  56   5  12]
 [  5  10   0 561   1   0   3   0  17]
 [ 30   1   4   2 335  23   1   0   9]
 [ 21   0   0   0  22 241   0   0   0]
 [  0   7  39   6   7   0 248  22   3]
 [  0   0   1   0   1   0  21 468   0]
 [  2  44  12  34   2   1   9   0 404]]
######################################################
(5460, 148) (3640, 148)

******************************************************
Decision Tree:

0.653571428571
[[164  16   9  11  55  38   8   2  13]
 [ 26 225  12  66   4   0   6   1  74]
 [ 27  11 134   0  11   2  52   3  34]
 [  9  57   5 490   3   0   0   0  72]
 [ 52   7   7   0 284  45  10   3   9]
 [ 33   8   4   0  42 193   2   0   2]
 [ 10   6  65   6  10   1 208  43  27]
 [  2   0   5   0   1   2  37 429   0]
 [ 17  64  36  55   7   2  12   2 252]]

******************************************************
Gaussian Naive Bayes:

0.515934065934
[[ 86  12  10  31  21  78  63   0  39]
 [  5 141   1 153   1  38   1   0  54]
 [  3  12  32  50   3  24 118   3  32]
 [  0  66   0 543   0   4   6   0   9]
 [ 53   0   9  10 126 164  42   0  13]
 [ 42   1   4   0  12 217   4   0   3]
 [  4   5  17  34  16  10 213  28   8]
 [  0   0   1   1  23   5  71 382   0]
 [  2  78   9 215   2  25  14   0 138]]

******************************************************
KNN:
---------------------
KNN ==  5 :

0.590384615385
[[216  12  17   6  52  28   5   0   4]
 [ 24 188  16  82  18   6   1   0  59]
 [ 13  22 147   9  10   6  36   4  30]
 [ 19  70   0 507   0   2   1   0  29]
 [123  13   6   7 188  61  11   3   5]
 [ 41   2   3   0  52 185   0   0   0]
 [ 33  10  63   4  28   1 127  52  17]
 [ 10   0  17   0  10   1  36 408   1]
 [ 20 144  34  78  11   4   8   1 183]]
---------------------
KNN ==  9 :

0.586538461538
[[196  12  13   8  55  43   6   1   6]
 [ 32 173  15  91  17   8   2   0  56]
 [ 12  20 134   7   9  11  41   5  38]
 [ 14  55   2 522   1   2   1   0  31]
 [113   9  14   8 177  71  13   5   7]
 [ 39   1   0   0  60 182   0   0   1]
 [ 33  13  52   4  21   1 141  52  18]
 [  9   1  16   0   9   2  29 417   0]
 [ 16 132  26  86  16   7   7   0 193]]
---------------------
KNN ==  11 :

0.585164835165
[[182  11  16  10  58  49   7   0   7]
 [ 23 188  15  87  23   3   2   0  53]
 [ 12  23 127  11   7  12  45   4  36]
 [ 13  63   1 522   2   2   1   0  24]
 [113   8  12   8 181  72  10   7   6]
 [ 36   1   0   0  60 185   0   0   1]
 [ 31  12  53   3  24   1 136  58  17]
 [ 11   1  17   0   9   1  31 413   0]
 [ 11 132  26  92  15   7   4   0 196]]
---------------------
KNN ==  13 :

0.582417582418
[[190   8  14  12  49  45   7   1  14]
 [ 25 193  11  84  20   6   1   0  54]
 [ 13  21 120  12   6  14  46   5  40]
 [ 12  69   0 515   2   2   1   0  27]
 [119   8  12  11 172  74   9   7   5]
 [ 37   1   0   0  62 182   0   0   1]
 [ 30  14  46   6  23   1 139  60  16]
 [ 14   0  15   1  11   1  25 416   0]
 [ 13 127  21  98  13  10   7   1 193]]

******************************************************
SVM:

0.173076923077

******************************************************
Perceptron:

0.377472527473
[[315   0   6  19   0   0   0   0   0]
 [145   0   7 242   0   0   0   0   0]
 [ 66   0  98 103   0   0   3   4   3]
 [ 47   0   0 581   0   0   0   0   0]
 [378   0  11  27   1   0   0   0   0]
 [279   0   3   0   0   1   0   0   0]
 [100   0  39 102   0   0  30  64   0]
 [118   0  13   6   0   0   1 345   0]
 [109   0  34 337   0   0   0   0   3]]

******************************************************
LDA:

0.132967032967
[[  1   0   0   0   0   0   0   0 339]
 [  0   0   0   0   0   0   0   0 394]
 [  0   0   0   0   0   0   0   0 277]
 [  0   0   0   0   0   0   0   0 628]
 [  0   0   0   0   0   0   0   0 417]
 [  0   0   0   0   0   0   0   0 283]
 [  0   0   0   0   0   0   0   0 335]
 [  0   0   0   0   0   0   0   0 483]
 [  0   0   0   0   0   0   0   0 483]]

******************************************************
Logistic Regression - ovr:

0.809340659341
[[259   6  11   5  31  17   2   1   8]
 [ 11 285   1  25   6   3   4   0  59]
 [  4   2 197   5   2   0  37   2  28]
 [  9  12   2 584   0   0   2   0  19]
 [ 53   2   4   3 311  33   1   0  10]
 [ 25   2   0   0  21 234   0   1   0]
 [  4   1  44  10  12   2 219  26  17]
 [  0   0   6   2   1   0   8 466   0]
 [  3  33  11  37   3   1   4   0 391]]

******************************************************
Logistic Regression - mul:

0.834340659341
[[269  10   9   2  33  10   3   1   3]
 [ 12 312   1  20   2   1   1   0  45]
 [  2   1 213   4   4   0  37   1  15]
 [  8  17   0 576   0   0   4   0  23]
 [ 49   3   1   1 332  23   1   0   7]
 [ 27   0   0   0  31 225   0   0   0]
 [  0   2  46   2   8   0 255  18   4]
 [  0   0   2   0   4   0  13 464   0]
 [  1  40  17  27   2   0   5   0 391]]
######################################################
(5460, 148) (3640, 148)

******************************************************
Decision Tree:

0.638461538462
[[182  15  15   5  70  36  15   1  13]
 [ 19 236  10  76  10   2   5   0  60]
 [ 10  14 134   3  17   4  47   7  29]
 [  9  72   6 472   4   0   6   0  73]
 [ 58   6  13   1 207  43  10   0  13]
 [ 25   5   0   0  56 186   4   0   2]
 [  9   3  75   4  18   2 198  47  16]
 [  2   0  18   0   2   1  39 415   1]
 [ 16  70  25  55   8   2  13   1 294]]

******************************************************
Gaussian Naive Bayes:

0.512637362637
[[ 92  11  13  31  13  68  68   0  34]
 [  7 157   1 168   2  42   2   0  42]
 [  8  10  39  41   2  37 139   2  18]
 [  0  69   0 530   0   2   4   0  11]
 [ 55   0  12   8 130 141  33   0  13]
 [ 43   1   4   0  13 208   4   1   2]
 [  7   5  15  23  14  17 231  19   6]
 [  0   0   3   0  13   2  98 355   0]
 [  6  73   4 233   1  30  30   0 124]]

******************************************************
KNN:
---------------------
KNN ==  5 :

0.575274725275
[[192  15  10   8  62  29   6   1   7]
 [ 35 183  21  99  18   8   0   0  57]
 [ 23  19 130   9  15  17  51   2  30]
 [ 15  49   4 512   1   1   2   0  32]
 [108  18  12  10 168  64   9   2   1]
 [ 44   3   2   0  49 175   0   2   1]
 [ 37  19  48   7  18   3 159  39   7]
 [  5   1  19   0   9   0  44 393   0]
 [ 26 121  39 104  12   7   9   1 182]]
---------------------
KNN ==  9 :

0.564285714286
[[187  16   7  11  53  40  10   0   6]
 [ 33 183  13  95  21  12   2   0  62]
 [ 22  23 111   9   9  24  59   5  34]
 [ 19  52   2 506   0   1   0   0  36]
 [103  18  12  11 167  68   4   5   4]
 [ 46   1   0   0  51 175   0   2   1]
 [ 42  14  47  11  25   2 144  45   7]
 [  7   1  18   0   7   1  46 391   0]
 [ 19 122  35 106  13   6   8   2 190]]
---------------------
KNN ==  11 :

0.563186813187
[[187  19   7  12  51  39   7   0   8]
 [ 29 183  13  90  27  15   0   0  64]
 [ 19  23 105  12   8  24  58   6  41]
 [ 20  60   3 496   1   1   0   0  35]
 [102  19   9  10 167  66   5   7   7]
 [ 44   1   0   0  51 178   0   2   0]
 [ 39  14  44  11  25   4 145  47   8]
 [  7   1  17   0   7   1  42 395   1]
 [ 22 110  34 115  14   7   4   1 194]]
---------------------
KNN ==  13 :

0.56043956044
[[180  19   9  14  49  45   7   1   6]
 [ 37 182   9  91  23  15   0   0  64]
 [ 23  18  96  18   7  26  55   7  46]
 [ 17  54   2 505   1   1   0   0  36]
 [104  20  11  12 161  66   4   9   5]
 [ 42   1   0   0  58 173   0   2   0]
 [ 40  13  37   9  25   5 150  47  11]
 [  7   0  14   1  11   1  37 399   1]
 [ 23 108  38 114  13   8   2   1 194]]

******************************************************
SVM:

0.16978021978

******************************************************
Perceptron:

0.356868131868
[[281   0   0   0   0  49   0   0   0]
 [334   0   0  42   0  40   0   0   5]
 [172   0   0  23   0  40   0  29  32]
 [243   0   0 366   0   0   0   0   7]
 [234   0   0   0   0 157   0   0   1]
 [ 61   0   0   0   0 215   0   0   0]
 [209   0   0  15   0  10   0 100   3]
 [151   0   0   0   0   9   0 311   0]
 [232   1   0 102   0  39   0   1 126]]

******************************************************
LDA:

0.107142857143
[[  0   0   0  17 313   0   0   0   0]
 [  0   0   0  56 365   0   0   0   0]
 [  0   0   0  23 272   0   0   0   1]
 [  0   0   0  11 605   0   0   0   0]
 [  0   0   0  13 379   0   0   0   0]
 [  0   0   0   5 271   0   0   0   0]
 [  0   0   1  15 321   0   0   0   0]
 [  0   0   3  17 451   0   0   0   0]
 [  0   0   0  17 484   0   0   0   0]]

******************************************************
Logistic Regression - ovr:

0.807967032967
[[236   9   8   9  37  15   4   1  11]
 [  7 310   5  39   9   2   0   0  49]
 [  6   2 194   5   3   1  53   6  26]
 [  7  14   4 584   0   0   0   0   7]
 [ 36   2   5   6 295  35   2   0  11]
 [ 24   1   0   0  14 236   0   1   0]
 [  5   3  37   7  15   1 230  29  10]
 [  0   0   5   0   1   0   9 456   0]
 [  2  22   7  51   4   0  15   0 400]]

******************************************************
Logistic Regression - mul:

0.836263736264
[[259  12   6   2  30  13   3   1   4]
 [  6 354   1  23   1   1   1   0  34]
 [  3   1 206   6   0   1  57   4  18]
 [  4  24   0 575   0   0   1   0  12]
 [ 34   1   4   3 311  27   3   0   9]
 [ 24   1   0   0  25 226   0   0   0]
 [  0   6  31   5   9   0 262  20   4]
 [  0   0   1   0   1   0  10 459   0]
 [  2  39  12  40   1   0  15   0 392]]
######################################################
(5460, 148) (3640, 148)

******************************************************
Decision Tree:

0.643131868132
[[185  17  13  13  60  34  18   1  15]
 [ 18 262  11  63  13   6   7   0  82]
 [  9   9 153   7  17   1  48  12  26]
 [  6  69   5 479   2   1   6   0  70]
 [ 54   4  16   6 246  42   7   2  11]
 [ 41   0   8   1  49 180   1   0   1]
 [ 12   5  52   1  12   4 186  48  17]
 [  0   0  10   0   1   1  52 403   1]
 [ 15  57  29  55   3   1  20   1 247]]

******************************************************
Gaussian Naive Bayes:

0.513461538462
[[ 92  10  13  35  14  70  72   0  34]
 [ 13 160   1 154   1  37   0   0  57]
 [  4  16  45  44   3  34 124   4  23]
 [  2  74   0 522   0   1   8   0  18]
 [ 51   0  16   6 139 139  39   0  13]
 [ 45   1   3   0  13 202   6   0   0]
 [ 11   6  13  29  14   8 223  35   6]
 [  1   0   2   1  17   8  69 369   0]
 [  6  77   2 218   2  25  23   0 117]]

******************************************************
KNN:
---------------------
KNN ==  5 :

0.578846153846
[[194  14  12   8  63  35   4   0  10]
 [ 41 194  10  88  18   6   6   0  60]
 [ 16  25 154   8  16  11  30   4  33]
 [ 18  57   4 508   0   1   1   0  36]
 [107  21  17   5 173  66   8   2   4]
 [ 42   4   3   0  51 166   3   1   0]
 [ 37  11  79   5  16   3 139  46   9]
 [  7   1  16   2  11   0  33 396   1]
 [ 19 136  25  74  15   7  10   1 183]]
---------------------
KNN ==  9 :

0.568131868132
[[196  14  16  11  51  41   3   0   8]
 [ 32 190   6  99  26   6   1   0  63]
 [ 14  25 140   8  12  17  35   6  40]
 [ 14  53   5 511   1   2   1   0  38]
 [115  17  14   5 155  73  13   6   5]
 [ 56   2   2   0  49 157   2   2   0]
 [ 39  15  52   4  18   3 147  55  12]
 [  8   1  16   1  15   0  31 393   2]
 [ 17 129  23  89  19   6   8   0 179]]
---------------------
KNN ==  11 :

0.562912087912
[[191  18  10  13  52  41   5   0  10]
 [ 31 189   8  96  25   9   1   0  64]
 [ 13  31 133  10  15  15  38   6  36]
 [ 14  58   4 507   2   2   1   0  37]
 [116  16  11   6 159  70  12   6   7]
 [ 52   3   1   0  52 158   2   2   0]
 [ 43  17  51   7  15   2 144  56  10]
 [ 10   1  14   1  14   0  33 391   3]
 [ 17 125  24  94  21   6   6   0 177]]
---------------------
KNN ==  13 :

0.563186813187
[[187  15  11  14  52  45   4   1  11]
 [ 31 181   5  98  30   5   1   0  72]
 [ 15  30 125  10  13  17  38   7  42]
 [ 13  53   2 515   2   2   1   0  37]
 [102  17  14   9 162  72  15   7   5]
 [ 49   3   2   0  56 155   2   2   1]
 [ 41  18  38  10  15   2 143  66  12]
 [  8   0  14   2  15   1  33 393   1]
 [ 19 110  20 101  17   8   6   0 189]]

******************************************************
SVM:

0.171978021978

******************************************************
Perceptron:

0.348626373626
[[117   0  61   0 110   0  23   0  29]
 [  8  42  22   0  66   0   3   0 282]
 [  0   0 196   0  18   0  41   0  42]
 [ 27  49   4   3  15   0  97   0 430]
 [ 40   0  56   0 271   2  23   0  11]
 [ 26   0  19   0 196  28   0   0   1]
 [  6   2 109   0  35   0 176   2  15]
 [  0   0 190   0  78   0 148  51   0]
 [  2   0  34   0  27   0  22   0 385]]

******************************************************
LDA:

0.13021978022
[[  0   0   0   0   0   0   0   0 340]
 [  0   0   0   0   0   0   0   0 423]
 [  0   0   0   0   0   0   0   0 297]
 [  0   0   0   0   0   0   0   0 625]
 [  0   0   0   0   0   1   0   0 402]
 [  0   1   0   0   0   4   0   0 265]
 [  0   0   0   0   0   0   0   0 345]
 [  0   0   0   0   0   0   0   0 467]
 [  0   0   0   0   0   0   0   0 470]]

******************************************************
Logistic Regression - ovr:

0.8
[[252  11  10   4  32  15   5   1  10]
 [ 10 297   0  31   8   0   4   0  73]
 [  6   3 197   3   4   0  36   5  43]
 [  7  14   4 574   0   0   3   0  23]
 [ 43   5   2   1 288  47   2   0  15]
 [ 21   1   0   0  15 232   0   1   0]
 [  6   4  45  10   6   1 230  28  15]
 [  0   0   4   1   2   0   9 451   0]
 [  1  18   9  38   4   0   9   0 391]]

******************************************************
Logistic Regression - mul:

0.831593406593
[[263  13   8   1  24  17   6   1   7]
 [  8 331   0  20   2   0   3   0  59]
 [  2   1 222   4   2   1  42   5  18]
 [  3  16   1 578   0   0   2   0  25]
 [ 45   3   1   1 310  33   4   0   6]
 [ 17   0   0   0  22 230   0   1   0]
 [  1   3  49   8   3   0 263  17   1]
 [  0   0   3   0   4   0  20 440   0]
 [  3  23  11  30   2   1  10   0 390]]
######################################################
(5460, 148) (3640, 148)

******************************************************
Decision Tree:

0.658791208791
[[191  21  14   6  67  23   7   0   5]
 [ 13 252   7  51   5   4   5   0  89]
 [  9   2 142   4  11   3  48   7  35]
 [ 15  71   5 477   3   0   5   0  80]
 [ 39   9  10   3 261  43   6   3  13]
 [ 42   5   2   1  51 190   1   0   2]
 [ 10   4  69   3   3   1 174  45  18]
 [  0   0   6   0   5   0  46 426   0]
 [ 11  67  33  55   3   1  15   2 285]]

******************************************************
Gaussian Naive Bayes:

0.509615384615
[[ 82  10  17  32   9  68  72   0  40]
 [  7 162   2 162   1  35   3   0  59]
 [  9  22  38  42   3  36 113   3  22]
 [  0  75   0 504   0   3   5   0  13]
 [ 52   0  15   5 135 147  45   0  10]
 [ 39   0   3   0  10 206   3   1   3]
 [  8   4  19  30   8  12 195  24   7]
 [  1   0   2   0  16   4  80 380   0]
 [ 10  81   6 222   2  32  21   0 153]]

******************************************************
KNN:
---------------------
KNN ==  5 :

0.582967032967
[[211  11  11   1  51  31   5   0   9]
 [ 43 199  12  90  17   8   2   0  60]
 [ 32  20 136   6  13   9  36   7  29]
 [ 22  53   3 492   2   2   2   0  24]
 [125  11  15   1 180  62   9   2   4]
 [ 39   0   5   0  48 170   1   1   1]
 [ 28  15  44   9  18   4 136  42  11]
 [ 12   1  15   0   5   2  41 405   2]
 [ 30 132  33 109  10   7  12   1 193]]
---------------------
KNN ==  9 :

0.575
[[195  13  13   4  50  39   7   1   8]
 [ 36 196  12  99  19   8   2   0  59]
 [ 24  28 111   9  10  16  44   6  40]
 [ 22  45   2 499   2   2   0   0  28]
 [127  14  12   4 165  63  14   7   3]
 [ 31   1   5   0  36 189   0   1   2]
 [ 36  15  34   9  15   3 135  48  12]
 [ 12   3  16   0  10   3  38 398   3]
 [ 29 121  27 108  17  10   9   1 205]]
---------------------
KNN ==  11 :

0.571978021978
[[196  15   9   7  43  45   6   1   8]
 [ 41 187   9 103  20   9   0   0  62]
 [ 26  27 103   6  11  16  51   5  43]
 [ 19  42   2 505   3   2   0   0  27]
 [117   9  12   4 172  67  15   8   5]
 [ 34   0   4   0  36 188   0   2   1]
 [ 31  19  30   9  15   3 138  49  13]
 [ 13   2  18   0  10   4  39 395   2]
 [ 30 121  31 115  16  10   5   1 198]]
---------------------
KNN ==  13 :

0.55989010989
[[187  13   7   9  46  51   7   1   9]
 [ 39 173  11 105  18  12   1   0  72]
 [ 26  31  93   7   8  21  53   7  42]
 [ 18  40   2 505   4   1   0   0  30]
 [118   9  15   3 165  69  14  11   5]
 [ 36   0   3   0  41 182   0   2   1]
 [ 35  19  30   7  15   2 132  56  11]
 [ 14   2  15   0  13   3  38 396   2]
 [ 33 121  30 107  15   9   6   1 205]]

******************************************************
SVM:

0.164835164835

******************************************************
Perceptron:

0.406043956044
[[264   0   0  55   0   0   0   9   2]
 [ 97   0   0 310   3   0   0   2  19]
 [ 43   0   0  78   1   0   0 123  43]
 [ 28   0   0 572   0   0   0   0   0]
 [230   0   0  48  60   0   0  71   0]
 [180   0   0   0  21   0   0  64   0]
 [ 38   0   0  69   2   0   2 189   7]
 [  6   0   0   0   0   0   0 477   0]
 [ 73   0   0 336   0   0   0  15 103]]

******************************************************
LDA:

0.0728021978022
[[  0   0   0   0   0 330   0   0   0]
 [  0   0   0   0   0 431   0   0   0]
 [  0   0   0   0   0 288   0   0   0]
 [  0   0   0   0   0 600   0   0   0]
 [  0   0   0   0   0 409   0   0   0]
 [  0   0   0   0   0 265   0   0   0]
 [  0   0   0   0   0 307   0   0   0]
 [  0   0   0   0   0 483   0   0   0]
 [  0   0   0   0   0 527   0   0   0]]

******************************************************
Logistic Regression - ovr:

0.821153846154
[[239  11   8   9  45   9   2   0   7]
 [  7 317   3  27   7   4   3   0  63]
 [  6   0 214   2   3   0  36   3  24]
 [  1  11   2 571   0   0   1   0  14]
 [ 38   6   6   4 308  39   0   0   8]
 [  8   0   0   0  15 238   0   3   1]
 [  7   1  36  11  13   0 208  25   6]
 [  0   0   4   0   2   0   8 469   0]
 [  3  22   9  50   3   0  14   1 425]]

******************************************************
Logistic Regression - mul:

0.84478021978
[[256  12   8   3  34  12   2   0   3]
 [  6 338   4  22   4   3   2   0  52]
 [  1   1 227   0   2   1  43   2  11]
 [  1  10   0 570   0   0   2   0  17]
 [ 33   4   5   2 335  28   1   0   1]
 [  7   0   0   0  27 230   0   1   0]
 [  3   3  45   5   4   0 228  14   5]
 [  0   0   2   0   2   0  15 464   0]
 [  6  35  13  34   2   0  10   0 427]]
######################################################
(5460, 148) (3640, 148)

******************************************************
Decision Tree:

0.646428571429
[[176  18   7   7  47  22   8   0  13]
 [ 36 216   8  66   4   2   6   0  80]
 [ 16  10 136   1  24   6  55   5  25]
 [ 13  68   2 508   1   0   8   0  58]
 [ 66   4  11   1 239  65  14   6   5]
 [ 37   1   2   0  38 174   0   1   4]
 [ 12   4  62   2   8   2 181  40  18]
 [  0   0  10   0   1   2  39 457   4]
 [  8  81  43  56   6   0  15   3 266]]

******************************************************
Gaussian Naive Bayes:

0.523076923077
[[105  12  17  31  12  83  73   0  31]
 [  4 155   1 142   1  40   1   0  58]
 [ 11  25  29  44   6  33 111   6  16]
 [  1  74   0 549   0   2   4   0  11]
 [ 47   0  20   6 122 132  36   0   5]
 [ 46   0   4   0  10 210   1   0   2]
 [ 10   5  14  33  13  11 203  31   6]
 [  0   0   1   0  19   2  72 418   0]
 [  4  68   9 226   2  28  23   0 113]]

******************************************************
KNN:
---------------------
KNN ==  5 :

0.595604395604
[[205  21   8   7  57  47  11   1   7]
 [ 34 204  12  73  17   7   6   0  49]
 [ 22  25 133   9  15  11  36   3  27]
 [ 25  62   4 517   1   1   0   0  31]
 [ 96  14   9   6 154  74  13   0   2]
 [ 23   3   2   0  65 178   2   0   0]
 [ 34  16  61   4  25   2 120  54  10]
 [  6   1  11   0  10   1  38 444   1]
 [ 19 116  32  69  13   3   8   0 213]]
---------------------
KNN ==  9 :

0.582692307692
[[209  15  11   6  53  52   8   3   7]
 [ 31 176  10  88  21  10   1   0  65]
 [ 21  22 106  13  15  17  47   4  36]
 [ 20  59   3 520   3   1   1   0  34]
 [ 96  16  13   5 145  73  13   3   4]
 [ 28   4   2   0  50 187   1   1   0]
 [ 36  14  56   3  25   2 122  55  13]
 [  5   1  12   0  13   0  38 442   1]
 [ 14 115  35  73  13   4   4   1 214]]
---------------------
KNN ==  11 :

0.581593406593
[[207  12  11   8  56  54   7   3   6]
 [ 25 169   9  87  25  14   1   0  72]
 [ 20  29 110  14  16  18  41   3  30]
 [ 22  60   2 517   4   1   1   0  34]
 [ 92  17  11   6 151  69  13   3   6]
 [ 26   4   2   0  54 185   1   1   0]
 [ 42  11  51   5  25   1 118  60  13]
 [  5   1  12   0  12   0  37 445   0]
 [ 12 116  32  74  14   5   4   1 215]]
---------------------
KNN ==  13 :

0.577472527473
[[197  19   9   6  56  62   6   3   6]
 [ 22 173   6  88  29  15   0   0  69]
 [ 12  32  90  15  18  21  48   6  39]
 [ 23  58   1 523   1   2   0   0  33]
 [ 90  15   7   6 151  77  10   4   8]
 [ 24   2   2   0  61 180   2   1   1]
 [ 34  14  43   5  21   3 130  61  15]
 [  3   2  14   0  13   0  38 442   0]
 [ 15 109  27  79  13   9   4   1 216]]

******************************************************
SVM:

0.176373626374

******************************************************
Perceptron:

0.101373626374
[[  0   0   0   0 364   0   0   0   0]
 [  0   0   0   0 402   0   0   0   0]
 [  0   0   0   0 281   0   0   0   0]
 [  0   0   0   1 640   0   0   0   0]
 [  0   0   0   0 368   0   0   0   0]
 [  0   0   0   0 273   0   0   0   0]
 [  0   0   0   0 326   0   0   0   0]
 [  0   0   0   0 512   0   0   0   0]
 [  0   0   0   1 472   0   0   0   0]]

******************************************************
LDA:

0.176098901099
[[  0   0   0 364   0   0   0   0   0]
 [  0   0   0 402   0   0   0   0   0]
 [  0   0   0 281   0   0   0   0   0]
 [  0   0   0 641   0   0   0   0   0]
 [  0   0   0 368   0   0   0   0   0]
 [  0   0   0 273   0   0   0   0   0]
 [  0   0   0 326   0   0   0   0   0]
 [  0   0   0 512   0   0   0   0   0]
 [  0   0   0 473   0   0   0   0   0]]

******************************************************
Logistic Regression - ovr:

0.816208791209
[[270  17  10   8  34  14   4   0   7]
 [  5 291   3  38   7   2   0   0  56]
 [  8   0 181   4   3   0  45   8  32]
 [  7  11   2 602   0   0   3   0  16]
 [ 33   4   7   3 286  28   1   0   6]
 [ 17   1   0   0  21 234   0   0   0]
 [  4   1  48  11  12   2 217  23   8]
 [  0   0   1   0   3   0   5 503   0]
 [  5  19   7  42   4   0   8   1 387]]

******************************************************
Logistic Regression - mul:

0.838186813187
[[281  17   9   4  28  16   6   0   3]
 [  6 313   3  27   3   1   0   0  49]
 [  2   1 201   5   4   1  49   5  13]
 [  6  12   1 600   0   0   3   0  19]
 [ 28   3   3   1 303  24   2   0   4]
 [ 12   1   0   0  26 233   0   1   0]
 [  0   6  44   9   9   1 241  15   1]
 [  0   0   2   0   2   0  14 494   0]
 [  3  35  16  27   1   0   6   0 385]]
######################################################
(5460, 148) (3640, 148)

******************************************************
Decision Tree:

0.655769230769
[[165  12  17   6  54  35  11   0  16]
 [ 15 213  10  57   9   1   5   0  58]
 [ 15  10 130   6  13   0  53   9  39]
 [ 17  47   5 525   0   1   6   0  49]
 [ 55   7  12   1 251  43  13   3   6]
 [ 30   2   4   2  47 185   0   0   1]
 [  6  11  59   4  13   0 201  43  27]
 [  0   0   6   0   0   0  36 433   0]
 [ 15  86  47  60  12   8  16   2 284]]

******************************************************
Gaussian Naive Bayes:

0.522802197802
[[ 96  14   7  32  10  64  59   0  36]
 [  5 149   1 151   1  25   2   0  54]
 [ 10  15  33  49   5  30 123   2  23]
 [  1  65   0 571   0   3   8   0  13]
 [ 58   0   7   7 132 147  38   0  10]
 [ 47   1   3   0  12 204   3   0   3]
 [ 12   6  20  27  20  13 222  17   4]
 [  1   0   5   0  18   4  88 374   0]
 [  6  68   2 217   1  26  38   0 122]]

******************************************************
KNN:
---------------------
KNN ==  5 :

0.589285714286
[[195  24   4   7  46  28   6   1   7]
 [ 28 176  14  83  13   6   2   0  66]
 [ 20  23 149  11  15   8  33   2  29]
 [ 17  57   6 543   2   1   2   0  33]
 [133  12   7   7 152  73  10   0   5]
 [ 45   2   2   0  56 166   0   0   2]
 [ 37  18  49   7  21   6 134  58  11]
 [  5   1  12   0  11   0  43 418   0]
 [ 20 107  43  76   5   8   8   1 212]]
---------------------
KNN ==  9 :

0.57967032967
[[195  20   7   8  33  41   5   2   7]
 [ 23 180  10  79  19   6   1   0  70]
 [ 12  33 136  12  17   9  38   4  29]
 [ 13  58   2 541   5   1   0   0  41]
 [126  21   6   5 135  84   9   6   7]
 [ 46   4   4   0  50 169   0   0   0]
 [ 44  22  41  10  17   2 128  64  13]
 [  4   2  14   0  16   0  37 417   0]
 [ 19 118  31  81  10   6   6   0 209]]
---------------------
KNN ==  11 :

0.577747252747
[[192  17   6  14  32  43   5   1   8]
 [ 24 178   7  83  18   7   0   0  71]
 [ 12  39 129  11  13  10  42   3  31]
 [ 13  64   2 534   5   2   0   0  41]
 [123  17   8   8 143  80   8   6   6]
 [ 39   2   2   0  59 171   0   0   0]
 [ 43  19  37  10  15   2 130  68  17]
 [  8   2  15   0  17   0  34 414   0]
 [ 17 109  27  91  11   8   5   0 212]]
---------------------
KNN ==  13 :

0.574175824176
[[185  20   5  13  37  46   4   0   8]
 [ 29 171   9  79  18   8   0   0  74]
 [ 13  32 128  11  13  14  40   3  36]
 [ 15  65   2 530   5   2   0   0  42]
 [116  15   7   7 144  86   8  10   6]
 [ 35   2   2   0  59 175   0   0   0]
 [ 38  16  36  13  23   1 131  68  15]
 [  7   3  12   0  19   1  35 412   1]
 [ 16 107  25  94   8   9   6   1 214]]

******************************************************
SVM:

0.182142857143

******************************************************
Perceptron:

0.443131868132
[[ 12   0   0  85 116   0   0   0 105]
 [  0   0   0 103  31   0   0   0 254]
 [  0   0   0  31  16   0  10   0 233]
 [  0   0   0 558  11   0   0   0  92]
 [  4   0   0  55 259   0   0   0  81]
 [  7   0   0   0 202   6   0   0  58]
 [  2   0   0  63  44   0  62  29 141]
 [  0   0   0   2  87   0  26 337  38]
 [  0   0   0  82  19   0   0   0 379]]

******************************************************
LDA:

0.204945054945
[[  0   0   0   3   0   5 310   0   0]
 [  0   0   0 104   0   0 284   0   0]
 [  0   0   0   0   0   2 288   0   0]
 [  0   0   0 362   0   0 299   0   0]
 [  0   0   0   4  10   9 376   0   0]
 [  0   0   0   3  18  34 218   0   0]
 [  0   0   0   1   0   0 340   0   0]
 [  0   0   0   0   0   0 490   0   0]
 [  0   0   0  75   0   2 403   0   0]]

******************************************************
Logistic Regression - ovr:

0.809065934066
[[244  12   2  11  22  11   2   0  14]
 [  7 272   3  36   7   1   4   0  58]
 [  6   0 200   3   5   0  40   3  33]
 [  5  11   3 626   0   0   4   0  12]
 [ 44   6   5   4 301  26   2   0  11]
 [ 28   0   0   0  11 232   0   1   1]
 [  4   5  36  15  21   0 207  42  11]
 [  1   0   4   1   1   0   9 474   0]
 [  4  20   8  48   1   0   9   1 389]]

******************************************************
Logistic Regression - mul:

0.838186813187
[[248  12   3   6  23  13   4   0   9]
 [  7 306   1  26   1   0   3   0  44]
 [  2   0 226   4   5   0  41   1  11]
 [  3  11   2 628   0   0   3   0  14]
 [ 40   2   4   2 324  21   1   0   5]
 [ 25   0   0   0  22 226   0   0   0]
 [  1   6  39   8   8   0 248  27   4]
 [  0   0   4   0   2   0  18 466   0]
 [  4  29  23  33   0   1  11   0 379]]
######################################################
(5460, 148) (3640, 148)

******************************************************
Decision Tree:

0.648626373626
[[178  18   4  10  68  35  13   0  11]
 [ 18 256  17  54   6   3   4   0  80]
 [ 10   7 152   5   9   3  58  11  33]
 [  7  63   9 463   2   0   5   0  50]
 [ 48   6  20   2 255  49   6   3   6]
 [ 39   4   4   0  40 201   2   0   5]
 [ 10   7  61   5  12   1 196  28  18]
 [  0   0  10   0   1   2  49 414   0]
 [ 12  77  43  69  10   3  13   1 246]]

******************************************************
Gaussian Naive Bayes:

0.516208791209
[[ 91  13   7  22  14  69  70   0  36]
 [ 10 162   0 154   1  44   0   0  67]
 [  7  18  34  43   6  31 140   5  36]
 [  0  70   0 511   0   6   5   0  16]
 [ 68   0   8   8 145 125  44   0   5]
 [ 50   0   2   0   6 231   5   0   3]
 [  8   8  17  27  10  14 217  35  10]
 [  0   0   5   0  20   0  70 362   0]
 [  3  63   8 192   2  28  27   0 126]]

******************************************************
KNN:
---------------------
KNN ==  5 :

0.578021978022
[[210  11   9   6  53  17   8   2   6]
 [ 41 191  10  91  19   5   0   0  81]
 [ 22  24 150   6  17   9  52   3  37]
 [ 26  59   3 489   0   1   2   0  28]
 [125  16  14   3 177  55   4   4   5]
 [ 44   0   5   0  79 168   0   1   0]
 [ 36  16  44   8  18   2 150  60  12]
 [ 10   0  15   0   7   1  40 384   0]
 [ 22  99  33  80  13   3  13   1 185]]
---------------------
KNN ==  9 :

0.560164835165
[[206  14   6   5  44  33   8   2   4]
 [ 44 191   8  89  23   6   1   0  76]
 [ 19  25 126   6  15  14  60   6  49]
 [ 27  68   1 479   0   1   2   0  30]
 [127  13  11   7 165  66   5   6   3]
 [ 48   1   4   0  77 166   1   0   0]
 [ 41  16  46   8  17   1 132  71  14]
 [  5   1  15   0  10   4  32 389   1]
 [ 27  84  28  96  14   2  13   0 185]]
---------------------
KNN ==  11 :

0.556043956044
[[201  10   7   4  47  37   7   4   5]
 [ 42 182   7 105  21   7   0   0  74]
 [ 21  28 121   6  16  13  58   5  52]
 [ 30  56   3 480   1   1   1   0  36]
 [122  10  11   6 168  67   5   7   7]
 [ 51   1   3   0  79 163   0   0   0]
 [ 36  14  40  12  20   3 131  76  14]
 [  8   1  13   0  13   4  29 388   1]
 [ 24  90  24  96  14   4   7   0 190]]
---------------------
KNN ==  13 :

0.55521978022
[[210   6   5   3  44  37   6   4   7]
 [ 43 178   4 101  29   6   1   0  76]
 [ 18  30 107   6  15  17  60   5  62]
 [ 25  52   1 491   1   3   2   0  33]
 [121  12  10   9 163  66   4  10   8]
 [ 51   2   0   0  75 169   0   0   0]
 [ 35  17  38  13  21   2 125  77  18]
 [  8   1  12   0  14   3  28 390   1]
 [ 24  88  23 100  15   4   7   0 188]]

******************************************************
SVM:

0.167307692308

******************************************************
Perceptron:

0.371428571429
[[ 77 103  25   0   1  92  20   0   4]
 [  0 308   8   0   1  43   0   0  78]
 [  0  16 169   0   0  31  71   0  33]
 [  5 388   5  40   0   7  54   0 109]
 [ 33  96  40   0  10 200  22   0   2]
 [ 14  15   1   0   0 267   0   0   0]
 [  1  38  79   0   2  11 205   0  10]
 [  0   0 153   0   8  29 236  31   0]
 [  0 126  30   0   0  26  22   0 245]]

******************************************************
LDA:

0.123626373626
[[  0   0   0   7   0   0   0   0 315]
 [  0   0   0   0   0   0   0   0 438]
 [  0   0   0   0   0   0   0   0 320]
 [  0   0   0   1   0   0   0   0 607]
 [  0   0   0  13   0   0   0   0 390]
 [  0   0   0  13   0   0   0   0 284]
 [  0   0   0   0   0   0   0   0 346]
 [  0   0   0   2   0   0   0   0 455]
 [  0   0   0   0   0   0   0   0 449]]

******************************************************
Logistic Regression - ovr:

0.79532967033
[[244   7   5   4  31  18   3   0  10]
 [ 11 301   3  38   9   1   4   0  71]
 [ 10   0 193   3   3   1  55   2  53]
 [ 10  13   3 559   0   0   2   0  21]
 [ 47   7   5   3 295  36   1   0   9]
 [ 22   0   0   0  18 255   0   1   1]
 [  3   5  41  15  12   1 224  32  13]
 [  0   0   3   0   3   0   8 443   0]
 [  4  15   1  35   1   1  11   0 381]]

******************************************************
Logistic Regression - mul:

0.820879120879
[[249  16   4   0  29  16   3   0   5]
 [  7 328   1  28   2   0   2   0  70]
 [  5   0 219   3   3   1  63   1  25]
 [  8  19   0 557   0   0   4   0  20]
 [ 42   3   4   2 313  31   2   0   6]
 [ 15   0   0   0  27 254   0   1   0]
 [  1   7  33   9   8   0 257  24   7]
 [  0   0   2   0   3   0  12 440   0]
 [  6  23   6  29   2   0  12   0 371]]
######################################################
(5460, 148) (3640, 148)

******************************************************
Decision Tree:

0.643681318681
[[182  16  15  11  54  27  10   0  17]
 [ 22 223   7  54   8   1   7   0  94]
 [ 13   7 134   2   8   5  34   9  34]
 [ 13  69   6 498   3   0   5   0  81]
 [ 60  10  17   2 258  30   9   7  14]
 [ 36   1   2   0  46 194   1   0   3]
 [ 12   8  57   4  10   1 188  31  13]
 [  2   0  10   0   0   1  64 405   4]
 [ 13  82  41  44  11   5  13   1 261]]

******************************************************
Gaussian Naive Bayes:

0.518956043956
[[ 90  16  15  34  13  62  88   0  35]
 [  7 159   0 171   1  28   2   0  48]
 [ 12  18  48  37   5  37 100   7  25]
 [  2  68   0 524   0   3   5   0  13]
 [ 42   0  12  10 152 131  40   0  11]
 [ 35   0   2   0   6 214   4   1   2]
 [ 10   6  16  29  16   9 203  35   7]
 [  0   0   3   1  19   4  59 367   0]
 [  7  89  10 237   1  26  19   0 132]]

******************************************************
KNN:
---------------------
KNN ==  5 :

0.578021978022
[[215  11   9   6  62  34   6   1   9]
 [ 36 191  11  91  11   7   1   0  68]
 [ 20  25 134   5  16  16  39   5  29]
 [ 19  50   3 513   0   3   1   0  26]
 [100  15  14   6 166  77  12   3   5]
 [ 35   0   5   0  60 163   0   1   0]
 [ 31  14  58   8  19   3 144  45   9]
 [  8   1  14   0   7   2  35 385   1]
 [ 29 134  40 100  12   4   9   0 193]]
---------------------
KNN ==  9 :

0.577197802198
[[225  14   7   8  51  36   4   1   7]
 [ 34 174   9  97  21   9   1   0  71]
 [ 22  22 129   6  19  20  36   5  30]
 [ 17  42   4 521   2   3   0   0  26]
 [107  16  10  10 156  86   8   3   2]
 [ 29   0   2   0  62 169   0   2   0]
 [ 37  19  49   9  15   1 141  47  13]
 [  7   1  12   0  11   2  35 383   2]
 [ 26 123  29 113  15   7   5   0 203]]
---------------------
KNN ==  11 :

0.569505494505
[[210  14   6  15  60  35   5   1   7]
 [ 35 174   6  99  24  10   1   0  67]
 [ 16  31 122   2  17  23  36   5  37]
 [ 22  40   2 518   1   2   1   0  29]
 [ 98  15  10  10 161  87   9   6   2]
 [ 29   0   3   0  60 170   0   2   0]
 [ 39  20  46  11  15   1 134  54  11]
 [  8   1  13   2  16   1  33 378   1]
 [ 26 119  27 120  14   7   2   0 206]]
---------------------
KNN ==  13 :

0.568956043956
[[220  13   4  11  51  40   5   1   8]
 [ 35 184   6  95  22  10   1   0  63]
 [ 22  33 112   3  15  24  41   5  34]
 [ 19  44   3 512   4   3   1   0  29]
 [ 91  17  11  11 162  88  10   4   4]
 [ 26   1   7   0  61 167   0   2   0]
 [ 37  19  42  12  15   2 131  61  12]
 [  8   2  11   1  15   4  31 378   3]
 [ 26 122  22 123  14   7   2   0 205]]

******************************************************
SVM:

0.168956043956

******************************************************
Perceptron:

0.40521978022
[[  0   0   0  10 335   0   0   3   5]
 [  0   0   0 125 175   0   0   0 116]
 [  0   0   0  29 101   0   0  51 108]
 [  0   0   0 504  83   0   0   0  28]
 [  0   0   0  15 378   0   0   1   4]
 [  0   0   0   0 264   0   0   0   0]
 [  0   0   0  21 108   0   0 169  33]
 [  0   0   0   0 118   0   0 333   2]
 [  0   0   0 125 132   0   0   4 260]]

******************************************************
LDA:

0.109340659341
[[  0   0   0   0 353   0   0   0   0]
 [  0   0   0   0 416   0   0   0   0]
 [  0   0   0   0 289   0   0   0   0]
 [  0   0   0   0 615   0   0   0   0]
 [  0   0   0   0 398   0   0   0   0]
 [  0   0   0   0 264   0   0   0   0]
 [  0   0   0   0 331   0   0   0   0]
 [  0   0   0   0 453   0   0   0   0]
 [  0   0   0   0 521   0   0   0   0]]

******************************************************
Logistic Regression - ovr:

0.806043956044
[[258   9   6   8  42  14   7   0   9]
 [  7 298   0  38   7   0   4   0  62]
 [  6   1 198   3   8   0  41   5  27]
 [ 11  14   2 572   0   0   2   0  14]
 [ 33   4   5   7 309  28   2   0  10]
 [ 12   1   0   0  15 233   0   3   0]
 [  4   4  39  13  13   0 210  37  11]
 [  1   0  10   1   3   0   4 434   0]
 [  5  21  14  51   1   0   7   0 422]]

******************************************************
Logistic Regression - mul:

0.834340659341
[[272   7   4   2  42  12   9   0   5]
 [  8 326   2  26   4   0   2   0  48]
 [  2   2 211   2   6   1  45   2  18]
 [ 11  16   0 569   0   0   3   0  16]
 [ 37   1   2   4 325  20   2   0   7]
 [ 11   0   0   0  23 229   0   1   0]
 [  1   3  39   6   7   0 245  27   3]
 [  0   0   5   0   3   0   8 437   0]
 [  4  31  14  44   2   0   3   0 423]]
######################################################
######################################################
DT: 
[ 0.64862637  0.64945055  0.65357143  0.63846154  0.64313187  0.65879121
  0.64642857  0.65576923  0.64862637  0.64368132]
0.648653846154
gnb: 
[ 0.51236264  0.50521978  0.51593407  0.51263736  0.51346154  0.50961538
  0.52307692  0.5228022   0.51620879  0.51895604]
0.515027472527
knn: 
[ 0.58928571  0.57527473  0.57032967  0.56813187  0.57967033  0.58324176
  0.57472527  0.57774725  0.59038462  0.58653846  0.58516484  0.58241758
  0.57527473  0.56428571  0.56318681  0.56043956  0.57884615  0.56813187
  0.56291209  0.56318681  0.58296703  0.575       0.57197802  0.55989011
  0.5956044   0.58269231  0.58159341  0.57747253  0.58928571  0.57967033
  0.57774725  0.57417582  0.57802198  0.56016484  0.55604396  0.55521978
  0.57802198  0.5771978   0.56950549  0.56895604]
0.574759615385
9  =  0.57521978022
11  =  0.571318681319
5  =  0.583736263736
13  =  0.568763736264
svm: 
[ 0.16923077  0.16456044  0.17307692  0.16978022  0.17197802  0.16483516
  0.17637363  0.18214286  0.16730769  0.16895604]
0.170824175824
per: 
[ 0.33818681  0.34450549  0.37747253  0.35686813  0.34862637  0.40604396
  0.10137363  0.44313187  0.37142857  0.40521978]
0.349285714286
lda: 
[ 0.34395604  0.14010989  0.13296703  0.10714286  0.13021978  0.0728022
  0.1760989   0.20494505  0.12362637  0.10934066]
0.154120879121
lr_ovr: 
[ 0.80576923  0.80412088  0.80934066  0.80796703  0.8         0.82115385
  0.81620879  0.80906593  0.79532967  0.80604396]
0.8075
lr_mul: 
[ 0.83104396  0.83131868  0.83434066  0.83626374  0.83159341  0.84478022
  0.83818681  0.83818681  0.82087912  0.83434066]
0.834093406593
