Starting read from Train file...
(9100, 121)
train.shape = (9100, 120)
train_labels.shape = (9100, 1)
(5460, 120) (3640, 120)

******************************************************
Decision Tree:

0.725
[[226   7   8   0  64  28   4   2   2]
 [ 13 295  44   0  11   0  23  17  17]
 [  7  44 136  15   7   0  37  11  40]
 [  2   0   7 579   5   0  29   0  25]
 [ 60   6   5   0 260  34   5   2  12]
 [ 23   0   0   0  29 223   0   0   0]
 [ 10  20  40   9   2   0 212  15  31]
 [  2  13  11   1   1   0  20 395  11]
 [  4  17  49  47  13   0  27  13 313]]

******************************************************
Gaussian Naive Bayes:

0.521978021978
[[ 96  26   2   0 180  43   0   0   0]
 [  0 247  45   1  35   0  10  64   0]
 [  0  65  69  32  18   0  61  55   0]
 [  0   0   7 528  24   0  86   5   1]
 [ 62  50   3   5 250  22   0   0   0]
 [ 23   0   0   0  55 207   0   0   0]
 [  0  23  36  62  13   0 144  79   0]
 [  0  46  11   3   2   0  34 359   0]
 [  7  35  71  87  12   0 158  81   0]]

******************************************************
KNN:
---------------------
KNN ==  5 :

0.840659340659
[[288   8   8   3  20  17   0   1   2]
 [  5 362  27   0   1   0   2   4   1]
 [  4  28 209   1   0   0  25   1  32]
 [  0   0   3 623   0   0   7   0  18]
 [ 45   5   8   5 298  24   1   0   6]
 [ 19   0   0   0  19 247   0   0   0]
 [  1  11  64  28   1   0 228  10  14]
 [  5   1   6   1   0   0  10 425   7]
 [  4   2  38  15   3   0   3   6 380]]
---------------------
KNN ==  9 :

0.827472527473
[[293   2  10   3  21  15   0   1   2]
 [  9 356  28   1   0   0   1   4   3]
 [  5  28 202   1   0   0  24   1  39]
 [  0   0   4 617   0   0   8   0  22]
 [ 53   8   6   7 287  23   0   0   8]
 [ 19   0   0   0  20 246   0   0   0]
 [  4   8  63  32   1   0 220  11  18]
 [  4   1   7   1   0   0  13 421   8]
 [  9   4  38  15   2   0   5   8 370]]
---------------------
KNN ==  11 :

0.820054945055
[[283   4   9   3  29  16   0   0   3]
 [  7 359  26   0   0   0   2   5   3]
 [  4  28 185   2   0   0  27   1  53]
 [  0   0   8 617   0   0   7   0  19]
 [ 52   9   6   8 284  26   0   0   7]
 [ 18   0   0   0  20 247   0   0   0]
 [  2  11  65  30   1   0 209  10  29]
 [  2   1   7   1   0   0  12 424   8]
 [  7   4  34  14   2   0   5   8 377]]
---------------------
KNN ==  13 :

0.820604395604
[[274   5  10   3  33  18   0   1   3]
 [  6 361  24   1   0   0   1   6   3]
 [  3  28 193   1   0   0  25   1  49]
 [  0   0   7 619   0   0   6   0  19]
 [ 52  11   6   9 280  28   0   0   6]
 [ 16   0   0   0  17 252   0   0   0]
 [  4  10  59  31   1   0 213   9  30]
 [  3   4   4   1   0   0  16 422   5]
 [ 10   2  38  13   3   0   2  10 373]]

******************************************************
SVM:

0.916483516484

******************************************************
Perceptron:

0.593681318681
[[ 42 105   0   0 198   0   0   0   2]
 [  0 395   0   0   0   0   0   5   2]
 [  0 216   1   0  12   0   1   0  70]
 [  0  33   0 458  60   0   6   0  94]
 [  3   6   0   0 371   0   0   0  12]
 [  6  18   0   0 226  35   0   0   0]
 [  0 194   1   7  14   0  71  21  49]
 [  0  34   0   0   0   0   3 409   9]
 [  0  25   0   2  39   0   0   6 379]]

******************************************************
LDA:

0.897802197802
[[314   1   8   0   9   8   0   0   7]
 [  2 366  26   0   0   0   0   4   4]
 [  1   6 248   6   0   0   9   0  30]
 [  0   0   3 611   0   0  17   0  20]
 [ 29   2   1   3 347   7   0   0   3]
 [ 11   0   0   0   5 269   0   0   0]
 [  1  14  45  15   0   0 275   2   5]
 [  0   3   3   0   0   0  28 420   1]
 [  3   0  16  10   1   0   1   2 418]]

******************************************************
Logistic Regression - ovr:

0.775824175824
[[237  31   2   7  51  17   0   0   2]
 [  1 375   0   1   0   0   0  18   7]
 [  7  84  61  20   0   0  33   3  92]
 [  0   0   1 632   0   0   4   0  14]
 [ 38   4   0   9 297  23   0   0  21]
 [ 23   0   0   0  27 235   0   0   0]
 [  9  38  17  58   1   0 195  19  20]
 [  1   5   0   1   0   0  14 422  12]
 [ 10   8   4  41   5   0   0  13 370]]

******************************************************
Logistic Regression - mul:

0.798626373626
[[228  22   1   6  65  21   0   0   4]
 [  2 381   4   1   0   0   1   9   4]
 [  6  55  96  15   2   0  39   1  86]
 [  0   0   0 621   2   0  12   0  16]
 [ 28   3   0   9 318  21   0   0  13]
 [ 22   0   0   0  22 241   0   0   0]
 [  3  28  21  38   4   0 230  13  20]
 [  0   9   0   1   0   1  24 413   7]
 [ 12   3   8  27   9   0   1  12 379]]
######################################################
(5460, 120) (3640, 120)

******************************************************
Decision Tree:

0.726648351648
[[249  12   7   1  44  21   4   3  13]
 [  8 295  55   0   2   0  20  16  11]
 [  5  46 121  12   6   0  46  10  46]
 [  1   1   9 522   2   0  29   1  27]
 [ 59  10   2   3 316  26   3   0  10]
 [ 24   0   0   0  38 233   0   0   0]
 [  4  28  46  13   4   0 204  20  26]
 [  3   9  10   2   3   1  11 402  20]
 [  2  19  42  31  18   0  38  12 303]]

******************************************************
Gaussian Naive Bayes:

0.527472527473
[[111  28   2   0 159  55   0   0   0]
 [  1 275  33   3  41   0   7  58   2]
 [  1  73  65  23  28   0  60  41   1]
 [  0   0   7 456  33   0  83   5   0]
 [ 75  53   3   2 274  26   0   0   0]
 [ 12   0   0   0  50 219   0   0   0]
 [  0  30  38  49  15   0 153  68   2]
 [  0  59   9   3   0   0  40 353   0]
 [ 11  46  63  75  14   0 152  81  14]]

******************************************************
KNN:
---------------------
KNN ==  5 :

0.836813186813
[[302   3   3   4  20  19   0   3   1]
 [  9 377  19   0   2   0   4   7   2]
 [  5  29 197   3   2   0  27   2  27]
 [  0   0   8 560   0   0   4   1  11]
 [ 59   6   7   5 324  29   0   0   3]
 [ 16   0   0   0  13 252   0   0   0]
 [  4  13  48  26   1   0 238   5  20]
 [  2   3   4   1   0   0  15 433   6]
 [ 13   5  48  17   0   0   2   8 363]]
---------------------
KNN ==  9 :

0.821153846154
[[302   4   5   4  20  17   0   2   1]
 [ 10 377  19   0   1   0   3   6   4]
 [  9  34 183   2   1   0  24   2  37]
 [  1   0   8 549   0   0   4   0  22]
 [ 56  10   9   8 307  37   0   0   6]
 [ 14   0   0   0  13 254   0   0   0]
 [  6  16  47  24   2   0 224   8  28]
 [  1   2   9   1   0   0  17 429   5]
 [ 18   2  43  16   1   0   2  10 364]]
---------------------
KNN ==  11 :

0.817857142857
[[301   3   6   3  20  19   0   2   1]
 [ 10 372  21   0   1   0   3   7   6]
 [  7  31 182   2   1   0  25   2  42]
 [  0   0   7 551   0   0   3   0  23]
 [ 60   7   9   9 307  37   0   0   4]
 [ 15   0   0   0  11 255   0   0   0]
 [  5  17  39  26   1   0 226   7  34]
 [  1   5   8   1   0   0  20 425   4]
 [ 19   2  45  17   2   0   2  11 358]]
---------------------
KNN ==  13 :

0.813186813187
[[296   8   4   4  23  17   0   2   1]
 [  8 373  21   0   1   0   2   8   7]
 [  6  29 186   1   1   0  28   2  39]
 [  1   0   8 548   0   0   5   0  22]
 [ 52   9   8   9 305  43   0   0   7]
 [ 14   0   0   0   9 258   0   0   0]
 [  4  19  44  23   2   0 217   7  39]
 [  1   5  10   1   0   0  21 422   4]
 [ 18   3  45  19   3   0   1  12 355]]

******************************************************
SVM:

0.913736263736

******************************************************
Perceptron:

0.571428571429
[[333  11   0   0   0  11   0   0   0]
 [ 24 388   0   0   0   0   0   8   0]
 [ 58 213   0   0   0   0  16   5   0]
 [ 47   7   0 493   0   0  35   2   0]
 [279  62   0   2   9  77   0   0   4]
 [ 51   3   0   0   0 227   0   0   0]
 [ 51  95   0  14   0   0 181  14   0]
 [  9  21   0   0   0   0  12 422   0]
 [105 229   0  25   0   1  19  50  27]]

******************************************************
LDA:

0.895879120879
[[314   0   7   1  11  20   0   0   2]
 [  5 388  15   1   0   0   3   5   3]
 [  4   6 240   3   0   0  10   1  28]
 [  1   0   2 564   0   0  10   0   7]
 [ 36   1   4   0 379   6   0   0   7]
 [  8   0   0   0   8 265   0   0   0]
 [  0  21  45  13   0   0 268   2   6]
 [  0   1   7   2   0   0  23 429   2]
 [  4   1  24   8   4   0   0   1 414]]

******************************************************
Logistic Regression - ovr:

0.773626373626
[[259  25   1   5  35  26   1   0   3]
 [  6 375   1   1   0   0   2  17  18]
 [ 13  72  77  20   0   0  24   5  81]
 [  2   0   1 559   0   0   3   0  19]
 [ 49   3   1  10 314  32   0   0  24]
 [ 17   1   0   0  17 246   0   0   0]
 [ 10  45  12  57   0   0 193  13  25]
 [  0   6   1   2   0   0  19 427   9]
 [ 15   7   8  40   7   0   0  13 366]]

******************************************************
Logistic Regression - mul:

0.792307692308
[[246  19   2   3  53  30   0   0   2]
 [  5 376   1   1   2   1   4  12  18]
 [ 11  53  99  14   2   0  34   3  76]
 [  0   0   0 548   4   0  12   0  20]
 [ 34   2   1   5 352  29   0   0  10]
 [ 14   0   0   0  20 247   0   0   0]
 [  6  26  20  29   4   0 228  11  31]
 [  0   9   0   1   0   0  29 418   7]
 [ 12   4  12  30  13   1   0  14 370]]
######################################################
(5460, 120) (3640, 120)

******************************************************
Decision Tree:

0.743956043956
[[226   8   2   0  54  25   4   1  12]
 [ 14 316  44   0   7   0  12  10  14]
 [  9  39 121   5   9   0  50  16  51]
 [  3   0  15 573   2   0  27   0  27]
 [ 38   3   2   3 285  32   3   1  10]
 [ 28   0   0   0  30 239   0   0   0]
 [  1  11  46  13   4   0 207  16  21]
 [  2  13  13   1   0   0  20 421  23]
 [  6  13  52  28   9   1  14  15 320]]

******************************************************
Gaussian Naive Bayes:

0.545879120879
[[ 92  16   3   0 170  45   0   1   0]
 [  0 258  25   2  26   0  19  73   0]
 [  0  65  58  30  13   0  74  55   0]
 [  0   1   3 512  23   0  80   4   0]
 [ 49  39   4   1 280  27   0   0   0]
 [ 26   0   0   0  30 241   0   0   0]
 [  0  22  25  61  17   0 145  66   1]
 [  0  46   5   0   2   0  31 396   0]
 [  6  58  62  90  16   0 158  83   5]]

******************************************************
KNN:
---------------------
KNN ==  5 :

0.827747252747
[[273   5   5   3  21  17   0   0   3]
 [ 11 352  25   1   2   0   3   5   4]
 [  6  23 202   1   0   0  27   3  33]
 [  1   0   1 597   0   0  11   0  13]
 [ 55   6   8   6 290  31   0   0   4]
 [ 25   0   0   0  16 256   0   0   0]
 [  2  13  49  32   1   0 214   7  19]
 [  2   4   5   1   0   0  19 444   5]
 [ 13   5  50  15   1   0   3   6 385]]
---------------------
KNN ==  9 :

0.826923076923
[[274   5   5   3  19  17   0   1   3]
 [ 12 354  21   0   1   1   2   7   5]
 [  5  16 205   2   0   0  28   3  36]
 [  0   0   2 599   0   0   9   0  13]
 [ 58   8   8   9 284  29   0   0   4]
 [ 24   0   0   0  14 259   0   0   0]
 [  5  13  54  36   0   0 202   6  21]
 [  2   6   7   1   0   0  14 447   3]
 [  9   8  48  16   2   0   2   7 386]]
---------------------
KNN ==  11 :

0.816483516484
[[267   9   4   2  22  19   0   1   3]
 [  7 358  22   0   2   0   3   8   3]
 [  5  15 200   2   0   0  30   2  41]
 [  0   0   2 597   0   0  10   0  14]
 [ 58   7   8   9 275  38   0   0   5]
 [ 28   0   0   0  15 254   0   0   0]
 [  2  15  51  37   1   0 202   7  22]
 [  2   6   7   1   0   0  16 445   3]
 [ 10   8  54  18   3   0   3   8 374]]
---------------------
KNN ==  13 :

0.810989010989
[[266   7   7   3  20  20   0   1   3]
 [  7 351  29   0   2   2   2   7   3]
 [  5  18 198   3   0   0  27   2  42]
 [  0   0   2 599   0   0   9   0  13]
 [ 69   6   8   8 269  36   0   0   4]
 [ 30   0   0   0  15 252   0   0   0]
 [  4  12  48  36   1   0 202   7  27]
 [  2   5   6   1   0   0  18 446   2]
 [ 11   7  57  18   4   0   5   7 369]]

******************************************************
SVM:

0.917857142857

******************************************************
Perceptron:

0.610164835165
[[285   1  27  13   0   0   0   0   1]
 [  4 182 198   4   0   0   7   3   5]
 [  1   0 227  50   0   0   6   0  11]
 [  0   0   2 619   0   0   2   0   0]
 [143   3  93  38  35  10   0   0  78]
 [ 94   0   7   0   2 194   0   0   0]
 [  7   5  54 140   0   0 131   0   0]
 [  3   6  46   4   0   0  68 344   9]
 [ 11   0  67 193   0   0   2   1 204]]

******************************************************
LDA:

0.896978021978
[[288   0   8   2  12  12   0   0   5]
 [  3 358  33   0   0   0   0   3   6]
 [  2   6 240   9   0   0  10   0  28]
 [  0   0   2 600   0   0   9   0  12]
 [ 33   2   1   1 353   6   0   0   4]
 [  5   0   0   0   9 283   0   0   0]
 [  0  14  31  19   0   0 268   1   4]
 [  0   0   6   1   0   0  30 442   1]
 [  3   0  25  16   1   0   0   0 433]]

******************************************************
Logistic Regression - ovr:

0.795054945055
[[254  14   4   4  38  10   0   0   3]
 [  0 369   3   1   1   1   0  18  10]
 [  3  71  85  21   0   0  36   2  77]
 [  0   0   1 608   0   0   5   0   9]
 [ 46   3   0   6 304  19   0   0  22]
 [ 33   0   0   0  25 239   0   0   0]
 [  7  29  15  68   1   0 190  15  12]
 [  0   4   0   1   0   1  17 453   4]
 [ 12   9   9  41   5   0   1   9 392]]

******************************************************
Logistic Regression - mul:

0.808516483516
[[233  11   4   4  56  15   0   0   4]
 [  1 367   5   1   2   1   1  12  13]
 [  3  54 101  17   2   0  45   2  71]
 [  0   0   0 602   2   0  12   0   7]
 [ 34   2   1   5 318  27   0   0  13]
 [ 26   0   0   0  22 249   0   0   0]
 [  3  22  22  44   2   0 224   9  11]
 [  1   8   1   1   0   1  17 450   1]
 [ 13   4  10  27  12   0   2  11 399]]
######################################################
(5460, 120) (3640, 120)

******************************************************
Decision Tree:

0.730494505495
[[227   5   3   1  64  20   4   5   7]
 [  9 291  40   2   5   0  25  18  15]
 [  6  54 123  12   8   0  42  12  61]
 [  1   0   8 570   2   0  27   0  29]
 [ 53   8   5   1 250  22   2   1  12]
 [ 24   0   0   0  35 241   0   0   0]
 [  0  17  37  19   1   0 215  24  30]
 [  2   9   9   0   1   0  16 410  15]
 [  5  11  48  26  15   0  27  21 332]]

******************************************************
Gaussian Naive Bayes:

0.53543956044
[[100  18   4   0 156  49   0   0   0]
 [  0 255  24   2  34   0   5  70   5]
 [  0  60  60  28  19   0  47  54   5]
 [  0   1   5 489  33   0  96   6   1]
 [ 68  37   2   3 245  26   0   0   0]
 [ 24   0   0   0  41 218   0   0   0]
 [  0  22  34  64  14   0 151  67   6]
 [  0  66   7   2   2   0  28 382   4]
 [ 11  54  56 100  13   0 124  94  49]]

******************************************************
KNN:
---------------------
KNN ==  5 :

0.823626373626
[[273   4   6   0  19  17   1   1   6]
 [  7 346  30   0   0   0   3   7   2]
 [  5  17 193   2   1   0  22   0  33]
 [  3   0   4 601   0   0   6   0  17]
 [ 55   5   6   5 276  27   0   0   7]
 [ 21   1   0   0  11 250   0   0   0]
 [  3  12  66  28   0   0 221   7  21]
 [  4   6   8   1   0   0  20 445   7]
 [ 17   2  63  13   0   0   3  10 393]]
---------------------
KNN ==  9 :

0.820604395604
[[273   3   6   0  23  15   0   1   6]
 [  7 344  31   0   0   0   2   7   4]
 [  6  19 191   2   0   0  15   0  40]
 [  0   0   5 597   0   0   6   0  23]
 [ 53   7   7   5 273  29   0   0   7]
 [ 21   0   0   0  11 251   0   0   0]
 [  4  11  58  28   0   0 226   6  25]
 [  2   6   8   1   0   0  24 442   8]
 [ 17   2  66  13   0   0   3  10 390]]
---------------------
KNN ==  11 :

0.815659340659
[[267   7   6   0  26  16   0   0   5]
 [  7 341  35   0   0   0   2   5   5]
 [  5  22 187   1   1   0  20   1  36]
 [  0   0   4 598   0   0   5   0  24]
 [ 52   5   6   6 274  33   0   0   5]
 [ 24   0   0   0   9 250   0   0   0]
 [  3  15  56  29   1   0 222   4  28]
 [  3   6   8   1   0   0  25 440   8]
 [ 16   4  62  14   0   0   3  12 390]]
---------------------
KNN ==  13 :

0.814835164835
[[269   6   6   0  26  17   0   0   3]
 [  7 335  39   0   0   0   2   7   5]
 [  3  18 190   1   1   0  21   0  39]
 [  0   0   4 598   0   0   9   0  20]
 [ 49   4   7   6 277  35   0   0   3]
 [ 22   0   0   0   9 252   0   0   0]
 [  2  16  59  30   1   0 213   3  34]
 [  3   6   7   1   0   0  21 443  10]
 [ 16   4  63  13   0   1   2  13 389]]

******************************************************
SVM:

0.920054945055

******************************************************
Perceptron:

0.552747252747
[[168 131   0   0  16  12   0   0   0]
 [  0 395   0   0   0   0   0   0   0]
 [  0 267   3   1   0   0   0   0   2]
 [  0  46  12 573   0   0   0   0   0]
 [ 38 101   1   4 207  26   0   0   4]
 [ 28  21   0   0  12 222   0   0   0]
 [  0 328   5  21   0   0   0   4   0]
 [  0 118   0   1   0   0   0 372   0]
 [  7 368  27  16   3   1   0   7  72]]

******************************************************
LDA:

0.891208791209
[[284   0   6   0  15  20   0   0   2]
 [  3 360  25   0   0   0   2   4   1]
 [  0   5 230   5   0   0   5   0  28]
 [  0   0   4 598   0   0  14   0  15]
 [ 31   1   0   1 332  12   0   0   4]
 [ 10   0   0   0   7 266   0   0   0]
 [  0  17  42  17   0   0 277   0   5]
 [  0   1  10   1   0   0  31 445   3]
 [ 10   1  27   8   1   0   1   1 452]]

******************************************************
Logistic Regression - ovr:

0.791758241758
[[247  24   3   3  26  21   0   0   3]
 [  1 373   1   0   0   1   0  12   7]
 [  7  55  88  20   0   0  18   4  81]
 [  0   0   0 605   0   0  10   0  16]
 [ 55   2   1   5 271  24   0   0  23]
 [ 29   1   0   0  16 237   0   0   0]
 [  9  49  11  60   0   0 205  10  14]
 [  0   5   1   2   0   1  18 455   9]
 [ 17  10  10  40   2   1   0  20 401]]

******************************************************
Logistic Regression - mul:

0.806593406593
[[235  18   0   2  44  23   0   0   5]
 [  1 361   8   0   1   1   3   9  11]
 [  4  36 106  14   3   0  32   2  76]
 [  0   0   0 591   4   0  13   0  23]
 [ 41   2   1   5 296  26   0   0  10]
 [ 20   0   0   0  14 249   0   0   0]
 [  3  30  16  42   1   0 239   5  22]
 [  0  12   1   1   0   1  26 445   5]
 [ 17   5  13  26   6   2   1  17 414]]
######################################################
(5460, 120) (3640, 120)

******************************************************
Decision Tree:

0.723901098901
[[211   8   5   2  55  28   5   3   9]
 [ 12 288  49   1   5   0  31   9  23]
 [  1  48 134  15   8   0  38   7  60]
 [  2   0   9 553   5   0  23   1  28]
 [ 48   1   7   2 296  26   3   0   9]
 [ 26   0   0   0  29 249   0   0   0]
 [  3  21  37  14   1   0 185  20  23]
 [  4  14  16   1   1   0  16 416  12]
 [  6  26  36  39  16   0  40  18 303]]

******************************************************
Gaussian Naive Bayes:

0.540384615385
[[ 98  21   4   0 141  49   0   0   0]
 [  0 254  44   2  25   0   7  73   1]
 [  0  69  57  27  19   0  60  61   0]
 [  0   0  11 519  25   0  67   5   0]
 [ 84  42   4   1 263  22   0   0   0]
 [ 26   0   0   0  42 235   0   0   0]
 [  0  19  45  39  15   0 152  71   0]
 [  0  51   6   2   2   0  30 382   1]
 [  8  46  86  73  12   0 151  84   7]]

******************************************************
KNN:
---------------------
KNN ==  5 :

0.826923076923
[[258   7   6   2  22  17   0   0   1]
 [  7 354  27   0   0   0   3  10   5]
 [  6  29 194   1   0   0  27   3  33]
 [  0   0   8 600   0   0  12   0   7]
 [ 53   5   7   5 313  30   0   0   3]
 [ 23   0   0   0  19 261   0   0   0]
 [  6  18  48  20   1   0 222  10  16]
 [  2   3   5   1   0   0  15 445   3]
 [  9   3  56  14   3   0   7  12 363]]
---------------------
KNN ==  9 :

0.820054945055
[[253   8   8   3  23  17   0   0   1]
 [  7 350  28   0   0   0   3  13   5]
 [  7  30 187   1   0   0  26   3  39]
 [  0   0   8 602   0   0   8   0   9]
 [ 61   5   6   7 305  29   0   0   3]
 [ 25   0   0   0  12 266   0   0   0]
 [  3  17  42  19   2   0 221   9  28]
 [  3   3   5   0   0   0  18 443   2]
 [ 11   3  56  18   2   0   3  16 358]]
---------------------
KNN ==  11 :

0.82032967033
[[253  10   6   3  26  15   0   0   0]
 [  5 349  26   0   0   0   3  14   9]
 [  4  32 194   1   0   0  22   2  38]
 [  0   0   8 602   0   0   6   0  11]
 [ 57   5   7   8 307  30   0   0   2]
 [ 24   0   0   0  12 267   0   0   0]
 [  6  13  49  22   1   0 214   8  28]
 [  2   3   5   0   0   0  18 444   2]
 [ 11   4  53  19   3   0   3  18 356]]
---------------------
KNN ==  13 :

0.814010989011
[[249  11   7   4  27  15   0   0   0]
 [  4 349  27   0   0   0   4  14   8]
 [  6  27 193   2   0   0  19   3  43]
 [  0   0   7 600   0   0   6   0  14]
 [ 56   5   8   9 304  31   0   0   3]
 [ 27   0   0   0  14 262   0   0   0]
 [  5  17  45  21   1   0 210   7  35]
 [  2   4   6   0   0   0  20 440   2]
 [ 13   4  56  17   3   0   5  13 356]]

******************************************************
SVM:

0.91456043956

******************************************************
Perceptron:

0.61510989011
[[305   5   0   0   0   3   0   0   0]
 [ 38 366   0   0   0   0   0   2   0]
 [ 69 189   0   7   1   0   0   0  27]
 [ 27   6   0 585   0   0   0   0   9]
 [230  11   0   3 150  10   0   0  12]
 [139   1   0   0  20 143   0   0   0]
 [ 81 193   0  41   0   0   4  17   5]
 [ 24  58   0   0   0   0   0 389   3]
 [ 72  44   0  41   6   0   0   7 297]]

******************************************************
LDA:

0.896703296703
[[278   0   5   1  10  15   0   0   4]
 [  2 373  20   0   0   0   1   6   4]
 [  1   7 243   4   0   0  10   1  27]
 [  1   0   6 593   0   0  13   0  14]
 [ 32   4   1   0 365   7   0   0   7]
 [ 10   0   0   0  12 281   0   0   0]
 [  0  17  44  12   0   0 259   3   6]
 [  0   1   4   1   0   0  23 444   1]
 [  3   0  24  12   0   0   0   0 428]]

******************************************************
Logistic Regression - ovr:

0.77967032967
[[239  19   3   3  30  17   0   0   2]
 [  4 359   0   2   0   0   1  28  12]
 [  8  76  68  17   0   0  39   4  81]
 [  1   0   0 608   0   0   5   0  13]
 [ 53   2   1   9 300  22   0   0  29]
 [ 30   0   0   0  22 251   0   0   0]
 [  8  39  16  45   1   0 189  17  26]
 [  0   1   0   1   0   0  15 448   9]
 [ 11   5   9  43   6   0   0  17 376]]

******************************************************
Logistic Regression - mul:

0.799175824176
[[222  12   2   3  50  21   0   0   3]
 [  3 357   2   1   0   0   5  19  19]
 [  6  58  91  14   5   0  46   5  68]
 [  0   0   0 600   2   0  11   0  14]
 [ 35   2   1   8 334  22   0   0  14]
 [ 20   0   0   0  20 263   0   0   0]
 [  4  21  20  29   3   0 226  13  25]
 [  1  11   1   0   0   0  19 437   5]
 [ 13   4   9  33  11   2   1  15 379]]
######################################################
(5460, 120) (3640, 120)

******************************************************
Decision Tree:

0.747527472527
[[237  14   4   2  52  30   3   6   7]
 [ 11 313  48   1   3   0  21   6  19]
 [  4  41 133   7   3   0  38   7  42]
 [  2   1   7 572   4   0  13   1  35]
 [ 37   2   4   1 302  27   1   0   9]
 [ 25   0   0   0  25 226   0   0   0]
 [  4   9  46  19   1   0 203  12  33]
 [  3  15  16   3   0   0  20 399  15]
 [  5  17  48  39   9   0  29  13 336]]

******************************************************
Gaussian Naive Bayes:

0.541758241758
[[ 99  26   3   1 142  57   0   0   0]
 [  1 278  21   1  30   0   3  77   1]
 [  1  83  71  33  17   0  45  56   0]
 [  0   0   5 530  26   0  74   9   0]
 [ 81  41   1   3 253  19   0   1   0]
 [ 18   0   0   0  37 228   0   0   0]
 [  0  25  35  49  13   0 140  65   1]
 [  0  46   7   1   4   0  19 367   0]
 [ 10  60  74 100  14   0 138  94   6]]

******************************************************
KNN:
---------------------
KNN ==  5 :

0.833791208791
[[277   2   8   2  21  17   0   0   1]
 [ 12 364  26   1   2   0   1   4   2]
 [  4  37 201   3   1   0  24   2  34]
 [  1   0   5 619   0   0   7   0  12]
 [ 59   6   6   7 296  22   1   0   2]
 [ 19   0   0   0  13 251   0   0   0]
 [  3  15  53  19   0   0 217   5  16]
 [  6   6   3   1   0   0   9 415   4]
 [ 13   2  51  18   3   0   7   7 395]]
---------------------
KNN ==  9 :

0.832692307692
[[270   2   9   4  17  24   0   1   1]
 [ 12 362  28   1   1   1   1   4   2]
 [  3  31 202   4   1   0  21   4  40]
 [  0   0   2 619   0   0   8   0  15]
 [ 52   4   8   7 298  27   0   0   3]
 [ 20   0   0   0  11 252   0   0   0]
 [  3  15  45  20   0   0 222   7  16]
 [  5   6   5   1   0   0  10 413   4]
 [ 11   2  55  17   4   0   1  13 393]]
---------------------
KNN ==  11 :

0.831043956044
[[274   3   8   3  18  20   0   0   2]
 [ 12 365  27   1   1   0   1   4   1]
 [  2  33 198   4   1   0  21   3  44]
 [  1   0   3 616   0   0   7   0  17]
 [ 59   5   6   8 289  30   0   0   2]
 [ 18   0   0   0  11 254   0   0   0]
 [  3  17  43  20   0   0 221   6  18]
 [  4   4   7   1   0   0   8 416   4]
 [ 12   2  58  16   4   0   1  11 392]]
---------------------
KNN ==  13 :

0.823626373626
[[268   4  10   3  21  19   0   2   1]
 [ 13 364  20   1   1   0   3   7   3]
 [  4  29 196   4   1   0  23   3  46]
 [  0   0   2 615   0   0   8   0  19]
 [ 59   8   6   9 285  30   0   0   2]
 [ 18   0   0   0  12 253   0   0   0]
 [  3  19  42  19   0   0 214   8  23]
 [  4   5   6   1   0   0  10 415   3]
 [ 15   3  57  18   5   0   0  10 388]]

******************************************************
SVM:

0.912362637363

******************************************************
Perceptron:

0.533791208791
[[129  12   0   0 182   5   0   0   0]
 [  0 340   0   0  72   0   0   0   0]
 [  2 121   2   1 174   0   0   0   6]
 [  0   2   0 515 126   0   0   0   1]
 [  4   1   0   0 391   3   0   0   0]
 [ 11   0   0   0 153 119   0   0   0]
 [  5 176   6  17  90   0  11   5  18]
 [  1  89   0   0   5   0   4 329  16]
 [  7   3   1   7 370   0   0   1 107]]

******************************************************
LDA:

0.903571428571
[[292   0   9   1   7  15   0   0   4]
 [  5 378  22   0   0   0   1   3   3]
 [  3   6 255   5   0   0  13   1  23]
 [  0   0   2 621   0   0  10   0  11]
 [ 28   2   0   1 362   5   0   0   1]
 [ 10   0   0   0  13 260   0   0   0]
 [  1  16  36   9   0   0 260   3   3]
 [  0   2   7   1   0   0  27 405   2]
 [  7   0  19  11   1   0   1   1 456]]

******************************************************
Logistic Regression - ovr:

0.783516483516
[[244  25   2   3  32  18   1   0   3]
 [  2 377   2   1   1   1   0  21   7]
 [ 10  87  66  22   0   0  34   4  83]
 [  1   0   0 625   0   0   4   0  14]
 [ 52   2   0   5 309  19   0   0  12]
 [ 21   0   0   0  28 234   0   0   0]
 [  9  41  19  46   0   0 179  19  15]
 [  0   5   0   1   0   0  12 422   4]
 [ 16   4   8  48   9   0   0  15 396]]

******************************************************
Logistic Regression - mul:

0.804945054945
[[238  18   1   3  40  24   1   0   3]
 [  2 376   5   1   2   1   4  15   6]
 [  7  58 100  16   1   0  45   4  75]
 [  0   0   0 614   2   0  11   0  17]
 [ 42   2   0   4 321  19   0   0  11]
 [ 14   0   0   0  22 247   0   0   0]
 [  5  26  21  26   0   0 216  15  19]
 [  1   9   0   1   0   0  16 415   2]
 [ 13   2  12  37  11   1   1  16 403]]
######################################################
(5460, 120) (3640, 120)

******************************************************
Decision Tree:

0.741758241758
[[224   7   6   0  69  37   3   3   6]
 [ 13 279  33   0   4   0  19  12  13]
 [  8  33 130  11   3   0  50  12  47]
 [  5   0   5 614   3   0  24   4  33]
 [ 51   4   5   0 279  39   3   0  10]
 [ 20   0   0   0  20 230   0   0   0]
 [  2  14  47  26   1   0 192  15  15]
 [  5   6  10   0   1   0  20 411  17]
 [ 12   9  49  33   7   0  27   9 341]]

******************************************************
Gaussian Naive Bayes:

0.542582417582
[[102  25   4   0 166  42   0   1   0]
 [  0 221  31   2  35   0   9  53   1]
 [  0  79  57  29  18   0  57  45   0]
 [  0   0   6 558  26   0  86   8   0]
 [ 70  38   2   2 261  14   0   0   0]
 [ 25   0   0   0  50 231   0   0   0]
 [  0  22  30  49  16   0 156  64   1]
 [  0  60   4   0   1   0  25 373   3]
 [ 12  57  52  92  11   0 162  80  16]]

******************************************************
KNN:
---------------------
KNN ==  5 :

0.834340659341
[[281   8   7   6  20  14   1   0   3]
 [ 11 314  20   0   0   0   2   2   3]
 [  4  26 184   2   0   0  23   4  42]
 [  0   0   6 652   0   0   9   0  17]
 [ 60   8   6   3 286  18   0   0   6]
 [ 26   0   0   0  18 262   0   0   0]
 [  5   9  52  20   2   0 223  11  16]
 [  4   4   2   0   0   0  17 436   3]
 [  8   3  49  11   3   0   3   6 399]]
---------------------
KNN ==  9 :

0.829395604396
[[279   7  11   8  18  13   0   0   4]
 [  8 310  26   0   0   0   0   2   6]
 [  5  30 176   3   0   0  20   3  48]
 [  0   0   4 654   0   0  11   0  15]
 [ 59   6   4   6 288  19   0   0   5]
 [ 26   0   0   0  15 265   0   0   0]
 [  3  14  48  25   1   0 218  10  19]
 [  3   3   3   0   0   0  17 437   3]
 [ 13   3  47  12   3   0   3   9 392]]
---------------------
KNN ==  11 :

0.825274725275
[[280   6   9   8  19  13   1   0   4]
 [  5 312  24   0   0   0   1   4   6]
 [  3  34 170   2   0   0  21   3  52]
 [  0   0   4 651   0   0  10   0  19]
 [ 56   6   4   7 287  22   0   0   5]
 [ 27   0   0   0  17 262   0   0   0]
 [  4  13  50  23   2   0 216   8  22]
 [  2   3   4   0   0   0  19 435   3]
 [ 14   5  46  13   3   0   1   9 391]]
---------------------
KNN ==  13 :

0.820879120879
[[275  10   9   6  21  13   1   1   4]
 [  6 308  26   0   0   0   0   5   7]
 [  3  27 175   2   0   0  20   3  55]
 [  0   0   5 651   0   0  11   0  17]
 [ 56   8   4   8 284  22   0   0   5]
 [ 27   0   0   0  18 261   0   0   0]
 [  3  16  49  23   3   0 213   9  22]
 [  2   4   4   0   0   0  18 436   2]
 [ 15   4  47  18   3   0   1   9 385]]

******************************************************
SVM:

0.918681318681

******************************************************
Perceptron:

0.577197802198
[[237  50   0   9   1  43   0   0   0]
 [  0 327   0   0   0   1   0  24   0]
 [  4 212   4  27   0   1   0  37   0]
 [  1   5   0 669   0   0   0   9   0]
 [100  41   0  19 107 117   0   0   3]
 [ 15   0   0   0   3 288   0   0   0]
 [ 11 104   5  94   0   4   0 120   0]
 [  0  12   0   1   0   0   0 453   0]
 [ 16 147   6 164   4   5   0 124  16]]

******************************************************
LDA:

0.900549450549
[[300   1  11   1  12  12   0   0   3]
 [  3 322  21   0   0   0   1   3   2]
 [  1   7 225   5   0   0  11   1  35]
 [  0   0   4 651   0   0  15   0  14]
 [ 28   1   1   0 345   7   0   0   5]
 [ 10   0   0   0  11 285   0   0   0]
 [  1  12  40  15   0   0 265   1   4]
 [  0   2   2   0   0   0  22 438   2]
 [  7   0  22   5   1   0   0   0 447]]

******************************************************
Logistic Regression - ovr:

0.78956043956
[[249  29   4   9  34  14   0   0   1]
 [  1 324   1   0   0   0   0  17   9]
 [  7  68  69  20   0   0  31   6  84]
 [  1   0   0 662   0   0  12   0   9]
 [ 52   6   0   7 284  19   0   0  19]
 [ 27   1   0   0  26 252   0   0   0]
 [  8  37  16  55   2   0 196  12  12]
 [  0   5   0   0   0   0  17 442   2]
 [ 14   7   8  40   4   0   0  13 396]]

******************************************************
Logistic Regression - mul:

0.802472527473
[[233  19   6   8  51  20   1   0   2]
 [  2 317   4   0   2   1   1  11  14]
 [  4  43  95  14   4   0  37   3  85]
 [  0   0   0 648   4   0  19   0  13]
 [ 41   2   0   4 307  21   0   0  12]
 [ 24   0   0   0  23 259   0   0   0]
 [  3  26  21  33   4   0 224  10  17]
 [  0  11   0   0   0   0  19 434   2]
 [ 13   3   8  32   8   0   0  14 404]]
######################################################
(5460, 120) (3640, 120)

******************************************************
Decision Tree:

0.744230769231
[[237   6   6   1  55  25   3   5   8]
 [  7 301  31   0   4   0  18  12  12]
 [ 12  43 118  11  10   0  42  17  50]
 [  1   0   9 551   3   0  19   2  37]
 [ 48   1   0   3 287  28   5   0   8]
 [ 26   0   0   0  29 242   0   0   0]
 [  2   9  41  27   4   0 208  19  22]
 [  3  15   8   1   2   0  14 433  12]
 [  8  25  48  28  13   0  24   9 332]]

******************************************************
Gaussian Naive Bayes:

0.535164835165
[[ 92  25   1   0 177  48   0   0   1]
 [  0 254  46   2  19   0   9  67   3]
 [  0  49  61  34  16   0  52  47   2]
 [  0   0   2 496  26   0  91   4   3]
 [ 63  42   5   4 274  18   0   0   1]
 [ 19   0   0   0  47 229   0   0   0]
 [  0  21  31  52  13   0 146  65   5]
 [  0  68   8   2   2   0  30 387   0]
 [  7  49  61  90   9   0 166  90   9]]

******************************************************
KNN:
---------------------
KNN ==  5 :

0.842032967033
[[298   5   5   1  21  13   0   0   1]
 [  2 352  31   0   1   0   3   3   8]
 [  1  14 192   4   0   0  19   0  31]
 [  2   0   8 590   0   0   9   0  13]
 [ 56   6   5   7 311  19   0   0   3]
 [ 20   0   0   0  24 251   0   0   0]
 [  2  15  53  22   0   0 215   6  20]
 [  4   4  10   1   0   0  16 459   3]
 [  8   4  43  14   6   0   3   6 397]]
---------------------
KNN ==  9 :

0.834065934066
[[287   8   6   3  25  13   0   0   2]
 [  2 350  32   0   0   0   3   4   9]
 [  3  18 188   2   1   0  12   1  36]
 [  0   0   6 592   0   0   6   0  18]
 [ 58   6   5   7 307  22   0   0   2]
 [ 18   0   0   0  19 258   0   0   0]
 [  3  16  49  23   1   0 210   5  26]
 [  4   5  10   0   0   0  19 457   2]
 [  5   4  58  14   5   0   1   7 387]]
---------------------
KNN ==  11 :

0.833241758242
[[290   7   6   3  19  15   0   1   3]
 [  2 351  30   0   0   0   3   5   9]
 [  1  18 183   4   1   0  15   1  38]
 [  0   0   4 591   0   0   7   0  20]
 [ 56   6   4   7 306  23   0   0   5]
 [ 22   0   0   0  20 253   0   0   0]
 [  3  14  47  25   0   0 212   6  26]
 [  4   6  10   0   0   0  19 455   3]
 [  6   3  48  14   5   0   2  11 392]]
---------------------
KNN ==  13 :

0.824725274725
[[291   7   4   3  17  16   0   2   4]
 [  0 350  32   0   0   1   2   5  10]
 [  0  21 176   2   1   0  17   1  43]
 [  0   0   4 591   0   0   8   0  19]
 [ 57   6   6   7 304  23   0   0   4]
 [ 21   0   0   0  22 252   0   0   0]
 [  3  16  47  26   0   0 202   7  32]
 [  4   5  10   0   0   0  20 453   5]
 [  6   3  56  14   6   0   0  13 383]]

******************************************************
SVM:

0.925549450549

******************************************************
Perceptron:

0.602197802198
[[ 64   1  17   8  83 171   0   0   0]
 [  1 113 232   2  21  22   0   7   2]
 [  0   0 196  38  12   8   0   0   7]
 [  0   0   8 614   0   0   0   0   0]
 [  4   1   0  14 308  78   0   0   2]
 [  2   0   0   0  11 282   0   0   0]
 [  0   5 175 136   4   2   0   8   3]
 [  0   2  57   3   1   3   0 426   5]
 [  4   0  65 155  55   6   0   7 189]]

******************************************************
LDA:

0.902747252747
[[304   1   9   1  11  15   0   0   3]
 [  2 375  19   0   0   0   0   0   4]
 [  0   4 211  12   0   0  12   0  22]
 [  1   0   1 595   0   0  12   0  13]
 [ 38   5   2   0 350   8   0   0   4]
 [ 10   0   0   0  11 274   0   0   0]
 [  0  19  33  17   0   0 259   3   2]
 [  0   1   5   0   0   0  24 465   2]
 [  2   1  17   7   0   0   1   0 453]]

******************************************************
Logistic Regression - ovr:

0.795604395604
[[245  29   5   5  41  17   0   0   2]
 [  1 371   1   0   0   1   0  14  12]
 [  3  58  78  24   0   0  20   2  76]
 [  1   0   1 605   0   0   6   0   9]
 [ 46   4   1   8 302  17   0   0  29]
 [ 26   2   0   0  26 241   0   0   0]
 [  7  39  17  56   0   0 189  12  13]
 [  1   5   2   1   0   0  16 466   6]
 [  9   9   3  38   5   0   0  18 399]]

******************************************************
Logistic Regression - mul:

0.812637362637
[[237  21   4   4  53  22   0   0   3]
 [  1 361   9   0   0   1   1  10  17]
 [  1  42  97  20   1   0  29   2  69]
 [  0   0   1 596   2   0  14   0   9]
 [ 32   3   1   7 331  16   0   0  17]
 [ 18   0   0   0  28 249   0   0   0]
 [  2  21  27  36   2   0 221   8  16]
 [  0   7   1   0   0   1  24 462   2]
 [ 10   4   8  27   9   0   0  19 404]]
######################################################
(5460, 120) (3640, 120)

******************************************************
Decision Tree:

0.743956043956
[[242  11   6   2  57  16   5   1   5]
 [  6 314  40   0   7   0  14  14  12]
 [  8  52 118  17   4   0  43  16  34]
 [  0   1  11 552   2   0  25   0  25]
 [ 49   6   7   0 314  29   6   2   8]
 [ 20   0   0   0  33 224   0   0   0]
 [  2  12  35  14   3   0 188  14  27]
 [  2  13  11   2   0   0   9 423  14]
 [  2  17  59  36   8   0  38  20 333]]

******************************************************
Gaussian Naive Bayes:

0.545604395604
[[ 94  22   2   0 168  45   0   0   0]
 [  0 266  40   1  29   0  14  74   2]
 [  0  74  62  22  21   0  53  55   0]
 [  0   0  10 519  25   0  63   6   0]
 [ 57  54   4   3 286  23   0   1   0]
 [ 17   0   0   0  35 217   0   0   0]
 [  0  21  40  46  17   0 153  49   2]
 [  0  55   7   2   2   0  38 386   0]
 [  5  44  83  78  10   0 158  77   3]]

******************************************************
KNN:
---------------------
KNN ==  5 :

0.839285714286
[[281   3   3   1  24  17   0   0   2]
 [  6 377  31   0   0   1   2   5   4]
 [  3  32 195   2   0   0  19   1  35]
 [  1   0   2 596   0   0   8   0  16]
 [ 48   2   8   3 322  37   0   0   8]
 [ 20   0   0   0  12 237   0   0   0]
 [  8  17  50  22   2   0 211   5  13]
 [  2   4   9   2   0   0  17 452   4]
 [  8   4  33  16   1   0   7   5 384]]
---------------------
KNN ==  9 :

0.840934065934
[[280   3   6   2  22  14   0   1   3]
 [  8 372  28   0   0   1   3   6   8]
 [  4  24 201   1   0   0  18   2  37]
 [  0   0   3 599   0   0   7   0  14]
 [ 40   4   6   4 329  37   0   0   8]
 [ 23   0   0   0  10 236   0   0   0]
 [ 10  18  54  22   1   0 204   3  16]
 [  1   5   9   2   0   0  18 451   4]
 [ 10   6  31  13   0   0   3   6 389]]
---------------------
KNN ==  11 :

0.835714285714
[[276   6   7   2  21  15   0   1   3]
 [  9 371  26   0   0   1   4   7   8]
 [  2  28 197   2   0   0  18   3  37]
 [  0   0   3 595   0   0   6   0  19]
 [ 42   3   5   7 324  38   0   0   9]
 [ 22   0   0   0   9 238   0   0   0]
 [  8  19  54  22   0   0 200   4  21]
 [  1   5   9   2   0   0  16 454   3]
 [ 10   3  30  13   1   0   5   9 387]]
---------------------
KNN ==  13 :

0.83489010989
[[279   4   7   2  20  16   0   1   2]
 [  8 368  28   0   0   1   4   9   8]
 [  2  30 202   3   0   1  15   2  32]
 [  0   0   3 596   0   0   6   0  18]
 [ 45   4   5   7 316  42   0   0   9]
 [ 22   0   0   0  10 237   0   0   0]
 [  9  17  58  22   1   0 198   2  21]
 [  2   5   8   2   0   0  18 451   4]
 [  8   4  27  14   0   0   4   9 392]]

******************************************************
SVM:

0.924725274725

******************************************************
Perceptron:

0.672802197802
[[318   8   0   1   0   4   0   0   0]
 [ 28 388   0   1   0   0   0   7   2]
 [ 52 132   1  38   1   0   4   2  57]
 [  4   0   0 612   0   0   1   0   6]
 [181   9   0  23 154  21   0   0  40]
 [ 57   2   0   0  11 199   0   0   0]
 [ 44  54   0 140   0   0  73   7  10]
 [ 15  12   0   2   0   0  14 443   4]
 [ 30  11   0 145   1   0   0  10 261]]

******************************************************
LDA:

0.904120879121
[[303   2   3   0  11  10   0   0   2]
 [  4 390  26   0   0   0   2   2   2]
 [  2   4 240   4   0   0  10   0  27]
 [  1   0   2 613   0   0   4   0   3]
 [ 38   1   1   0 372  10   0   0   6]
 [ 10   0   0   0   7 252   0   0   0]
 [  1  23  38  12   0   0 247   2   5]
 [  0   2   4   2   0   0  30 452   0]
 [  6   1  15  10   2   0   1   1 422]]

******************************************************
Logistic Regression - ovr:

0.794230769231
[[248  19   4   2  38  17   0   0   3]
 [  2 394   0   1   0   1   0  17  11]
 [  9  62  83  18   0   0  25   4  86]
 [  1   0   1 603   0   0   5   0  13]
 [ 49   1   1   8 305  28   0   0  36]
 [ 25   2   0   0  15 227   0   0   0]
 [ 11  43  16  52   2   0 185   5  14]
 [  1   3   1   2   0   0  18 457   8]
 [  8   5   6  33   3   1   0  13 389]]

******************************************************
Logistic Regression - mul:

0.808516483516
[[233  15   3   1  57  18   1   0   3]
 [  2 387   5   0   0   1   2  12  17]
 [  6  55 100  16   1   0  30   3  76]
 [  0   0   0 591   4   0  17   0  11]
 [ 37   0   1   4 342  26   0   0  18]
 [ 23   0   0   0  15 231   0   0   0]
 [  6  24  23  33   4   0 213   3  22]
 [  0  12   1   2   0   0  18 451   6]
 [  8   3  10  21   6   1   1  13 395]]
######################################################
(5460, 120) (3640, 120)

******************************************************
Decision Tree:

0.741483516484
[[245  10   3   0  44  21   1   2   6]
 [  7 318  36   1   3   0  18  13  19]
 [ 12  55 125   9   4   0  42  17  49]
 [  3   0  11 545   3   0  29   0  32]
 [ 55   8   3   3 307  28   4   1  16]
 [ 26   0   0   0  27 225   0   0   0]
 [  2  27  35  12   2   0 176  18  18]
 [  1  16  10   0   1   0  19 406   9]
 [  6  15  33  40  13   0  33  10 352]]

******************************************************
Gaussian Naive Bayes:

0.539010989011
[[ 91  27   6   0 181  52   0   0   0]
 [  0 278  38   4  29   0  16  83   1]
 [  0  56  60  24  13   0  48  55   0]
 [  0   0   5 501  23   0  80   1   0]
 [ 45  55   4   2 272  25   0   1   0]
 [ 15   0   0   0  34 225   0   0   0]
 [  0  20  35  49  17   0 143  57   1]
 [  0  50   6   2   1   0  24 384   0]
 [ 10  46  79  87  13   0 151 107   8]]

******************************************************
KNN:
---------------------
KNN ==  5 :

0.835714285714
[[294   6   9   3  22  20   0   0   3]
 [  8 382  46   0   0   0   6   4   3]
 [  1  18 188   0   0   0  20   3  26]
 [  0   0   8 590   0   0   4   0   8]
 [ 40  10   8   2 304  35   0   0   5]
 [ 16   1   1   0  16 240   0   0   0]
 [  3  14  48  20   1   0 209   9  18]
 [  2   5   5   1   0   0  15 435   4]
 [  6   2  56  16   8   0   4   9 400]]
---------------------
KNN ==  9 :

0.832967032967
[[289   3  11   3  27  21   0   0   3]
 [  6 378  46   0   0   0   6   7   6]
 [  1  20 188   0   0   0  19   2  26]
 [  0   0   6 587   0   0   4   0  13]
 [ 35   9  10   4 307  35   0   0   4]
 [ 15   0   0   0  14 245   0   0   0]
 [  2  18  47  24   0   0 204   7  20]
 [  3   5   7   1   0   0  15 435   1]
 [  9   3  57  16   7   0   3   7 399]]
---------------------
KNN ==  11 :

0.833516483516
[[287   4  14   2  25  23   0   0   2]
 [  6 382  41   0   0   0   8   8   4]
 [  1  19 187   0   0   0  19   2  28]
 [  0   0   5 588   0   0   5   0  12]
 [ 40  11   7   5 305  33   0   0   3]
 [ 16   0   0   0  12 246   0   0   0]
 [  1  16  42  26   0   0 204   6  27]
 [  2   4   7   1   0   0  16 434   3]
 [  7   4  58  16   5   0   3   7 401]]
---------------------
KNN ==  13 :

0.828296703297
[[286   7  12   3  26  21   0   0   2]
 [  5 382  44   0   0   0   7   8   3]
 [  1  21 182   1   0   0  19   2  30]
 [  0   0   5 587   0   0   5   0  13]
 [ 39  12   8   6 303  34   0   0   2]
 [ 16   0   0   0  14 244   0   0   0]
 [  2  15  44  27   0   0 201   6  27]
 [  2   6   7   1   0   0  16 432   3]
 [ 12   2  55  16   5   0   3  10 398]]

******************************************************
SVM:

0.921703296703

******************************************************
Perceptron:

0.612637362637
[[198  27   0   4 120   8   0   0   0]
 [  0 434   0   2   1   0   0  12   0]
 [  3 193   1  20  34   0   0   5   0]
 [  0   3   0 604   2   0   0   1   0]
 [ 16   5   0   4 374   5   0   0   0]
 [ 18   1   0   0  85 170   0   0   0]
 [  1 165   0  90  16   0   0  50   0]
 [  0  20   0   2   0   0   0 445   0]
 [ 11 107   0 118 214   0   0  47   4]]

******************************************************
LDA:

0.899450549451
[[313   0  11   0  18  12   0   0   3]
 [  1 403  34   0   0   0   0   3   8]
 [  0   3 212   5   0   0  12   1  23]
 [  0   0   0 591   0   0  12   0   7]
 [ 32   3   1   0 358   6   0   0   4]
 [ 14   0   0   0   7 253   0   0   0]
 [  0  13  35  16   0   0 252   0   6]
 [  0   1   6   0   0   0  31 428   1]
 [  5   0  22   6   3   0   1   0 464]]

******************************************************
Logistic Regression - ovr:

0.803021978022
[[238  29   3   5  55  22   1   0   4]
 [  4 406   6   2   0   0   3  17  11]
 [  6  48  93  16   0   0  28   3  62]
 [  0   0   2 596   0   0   7   0   5]
 [ 37   6   1   6 310  17   0   0  27]
 [ 18   1   0   0  18 237   0   0   0]
 [  9  29  16  55   2   0 186  12  13]
 [  0   3   2   2   0   0  15 440   5]
 [ 13   8   9  36   8   0   0  10 417]]

******************************************************
Logistic Regression - mul:

0.812637362637
[[235  16   4   5  70  23   0   0   4]
 [  5 395  12   2   0   0   6  13  16]
 [  3  39  98  13   2   0  36   3  62]
 [  0   0   1 589   1   0  10   0   9]
 [ 31   5   1   4 333  16   0   0  14]
 [ 18   0   0   0  18 238   0   0   0]
 [  3  16  23  32   4   0 220   7  17]
 [  1   7   0   1   0   0  19 435   4]
 [ 14   4  16  27  11   0   2  12 415]]
######################################################
######################################################
DT: 
[ 0.725       0.72664835  0.74395604  0.73049451  0.7239011   0.74752747
  0.74175824  0.74423077  0.74395604  0.74148352]
0.736895604396
gnb: 
[ 0.52197802  0.52747253  0.54587912  0.53543956  0.54038462  0.54175824
  0.54258242  0.53516484  0.5456044   0.53901099]
0.537527472527
knn: 
[ 0.84065934  0.82747253  0.82005495  0.8206044   0.83681319  0.82115385
  0.81785714  0.81318681  0.82774725  0.82692308  0.81648352  0.81098901
  0.82362637  0.8206044   0.81565934  0.81483516  0.82692308  0.82005495
  0.82032967  0.81401099  0.83379121  0.83269231  0.83104396  0.82362637
  0.83434066  0.8293956   0.82527473  0.82087912  0.84203297  0.83406593
  0.83324176  0.82472527  0.83928571  0.84093407  0.83571429  0.83489011
  0.83571429  0.83296703  0.83351648  0.8282967 ]
0.82706043956
9  =  0.828626373626
11  =  0.824917582418
5  =  0.834093406593
13  =  0.820604395604
svm: 
[ 0.91648352  0.91373626  0.91785714  0.92005495  0.91456044  0.91236264
  0.91868132  0.92554945  0.92472527  0.9217033 ]
0.918571428571
per: 
[ 0.59368132  0.57142857  0.61016484  0.55274725  0.61510989  0.53379121
  0.5771978   0.6021978   0.6728022   0.61263736]
0.594175824176
lda: 
[ 0.8978022   0.89587912  0.89697802  0.89120879  0.8967033   0.90357143
  0.90054945  0.90274725  0.90412088  0.89945055]
0.898901098901
lr_ovr: 
[ 0.77582418  0.77362637  0.79505495  0.79175824  0.77967033  0.78351648
  0.78956044  0.7956044   0.79423077  0.80302198]
0.788186813187
lr_mul: 
[ 0.79862637  0.79230769  0.80851648  0.80659341  0.79917582  0.80494505
  0.80247253  0.81263736  0.80851648  0.81263736]
0.804642857143
