Starting read from Train file...
(9100, 257)
train.shape = (9100, 256)
train_labels.shape = (9100, 1)
(5460, 256) (3640, 256)

******************************************************
Decision Tree:

0.582692307692
[[174  19   8   0  85  42   5   5  14]
 [ 26 227  22   2  16   0  32  27  42]
 [  8  25 136   3   9   0  26  18  78]
 [  1   1   3 547   1   0  26  40   5]
 [ 73  23   2   0 226  31  10   6  13]
 [ 23   0   0   0  26 209   0   0   2]
 [  9  30  29  35   8   1 110  78  55]
 [  4  20  12  43   9   0  68 260  45]
 [ 13  33  91   8  16   2  71  41 232]]

******************************************************
Gaussian Naive Bayes:

0.35
[[ 15  34   2   0 112 164   2   1   1]
 [  0 243   0   2  29  86   8   1   9]
 [  1  69  27   7  90  13  36  44  16]
 [  0  13   4 219  47   2 224 123   6]
 [  1  35   4   0 187 158   6   4   1]
 [  0   0   0   0   5 280   0   0   0]
 [  0  61   7   5 107  11  91  62   4]
 [  0  69   1  10  67  32  93 203   0]
 [  5 127   7   9 154  17  97  61   9]]

******************************************************
KNN:
---------------------
KNN ==  5 :

0.629395604396
[[136  19   7   0  98  66   2   1   2]
 [ 10 314  12   0   8   0  10   7  17]
 [  5  43 134   0   3   0  13   8  97]
 [  0   3   1 549   0   0  33  50   2]
 [ 57  21  10   0 273  27   0   2   6]
 [ 26   1   0   0  15 243   0   0   0]
 [  0  48  39  21   6   0 109  69  56]
 [  3  57  10  36   1   0  60 288  20]
 [  8  67  91   2   8   0  39  26 245]]
---------------------
KNN ==  9 :

0.631318681319
[[124  25   7   0 104  69   0   0   2]
 [  5 320  12   0   9   0   7   4  21]
 [  5  47 127   0   3   0  15   5 101]
 [  0   6   1 552   0   0  32  47   0]
 [ 47  25   9   0 278  30   1   2   4]
 [ 26   0   0   0  20 239   0   0   0]
 [  1  49  32  18   6   0 109  64  69]
 [  3  56  10  37   2   0  64 281  22]
 [  9  72  82   2   9   0  27  17 268]]
---------------------
KNN ==  11 :

0.630494505495
[[120  25   7   0 105  71   0   0   3]
 [  5 321  12   0   9   0   8   4  19]
 [  6  47 126   0   3   0  14   5 102]
 [  0   6   0 551   0   0  35  45   1]
 [ 46  23  11   0 279  30   1   2   4]
 [ 21   0   0   0  22 242   0   0   0]
 [  0  51  35  18   8   0 104  66  66]
 [  1  58   9  38   3   0  57 285  24]
 [  9  77  77   2  10   0  27  17 267]]
---------------------
KNN ==  13 :

0.632692307692
[[122  26   6   0 100  74   0   0   3]
 [  4 324  12   0   8   0   7   5  18]
 [  4  49 131   0   4   0  10   5 100]
 [  0   6   0 548   0   0  35  48   1]
 [ 36  28  10   0 282  34   0   2   4]
 [ 16   0   0   0  22 247   0   0   0]
 [  0  49  34  19   7   0  97  68  74]
 [  2  61  11  38   2   0  56 285  20]
 [  8  79  74   2  11   0  27  18 267]]

******************************************************
SVM:

0.175274725275

******************************************************
Perceptron:

0.372802197802
[[187  24  35   7  10  50  18   0   0]
 [ 30 272  24   0  17  33   2   0   0]
 [ 13  31 162  34  52   4   7   0   0]
 [  0  15  31 573  19   0   0   0   0]
 [ 90  84 109  19   7  48  39   0   0]
 [122   2   1   1   4 150   5   0   0]
 [ 16  42 100  87  95   2   6   0   0]
 [  9  59 158 180  57   5   7   0   0]
 [ 26  64 276  20  94   4   2   0   0]]

******************************************************
LDA:

0.459065934066
[[166  28   9  12  47  55   2   4   8]
 [ 11 243   2   0  59  12   6   4  41]
 [  9  35  87  12  27   5  12  41  75]
 [  5   3  15 439  13   0  48  80  35]
 [ 59 102  15  28 105  29  16  12  30]
 [ 59  15   0   6  26 179   0   0   0]
 [  4  43  19  26  40   3  63  73  77]
 [  4  58  13  51  15   1  36 231  66]
 [ 14  76  55   9  51   4  38  81 158]]

******************************************************
Logistic Regression - ovr:

0.483791208791
[[170  29   9  12  42  44   2  10  13]
 [ 18 250   3   4  40  19   6  12  26]
 [ 22  27  86  37  39   1   8  25  58]
 [  5  10  16 493  13   1  25  56  19]
 [ 53 100  20  29  86  44  11  19  34]
 [ 46  13   0   6  14 203   1   1   1]
 [  9  38  17  44  39   1  57  71  72]
 [  9  60  14  45  16   3  30 266  32]
 [ 13  56  60  21  70   1  31  84 150]]

******************************************************
Logistic Regression - mul:

0.500824175824
[[161  24  10  16  46  48   2  12  12]
 [ 11 253   2   2  51  13   5  11  30]
 [ 20  23  95  28  35   1  11  21  69]
 [  4  10  14 489  15   0  35  52  19]
 [ 52  89  21  34  99  45   7  19  30]
 [ 41  13   1   3  15 208   0   2   2]
 [ 11  32  17  38  45   2  75  66  62]
 [  8  49  14  32  19   4  38 279  32]
 [ 15  42  58  21  68   2  38  78 164]]
######################################################
(5460, 256) (3640, 256)

******************************************************
Decision Tree:

0.610714285714
[[188  19  11   0  78  48   5   1  18]
 [ 17 243  21   1  16   0  25  24  38]
 [  9  34 141   4   4   0  26  14  75]
 [  0   1   2 562   0   0  33  36   4]
 [ 68  14   6   0 257  32   2   3   5]
 [ 43   1   0   0  23 206   0   0   1]
 [  3  27  32  31   5   0 106  77  67]
 [  1  14   9  38   2   0  70 280  29]
 [ 11  53  73   6  11   2  58  36 240]]

******************************************************
Gaussian Naive Bayes:

0.348901098901
[[ 15  39   4   0 115 166   0   0   1]
 [  3 263   0   3  43  86   0   3   5]
 [  0  67  30   7  95  11  11  63  11]
 [  2  17   3 232  80   0  60 241   7]
 [  3  45   5   0 195 145   0   3   0]
 [  0   0   0   0   9 279   0   0   0]
 [  1  63   5   6 119   7  21 101   2]
 [  0  74   0   7 122  29  10 228   1]
 [  4 136   9   5 213  18  14  71   7]]

******************************************************
KNN:
---------------------
KNN ==  5 :

0.642032967033
[[140  20   7   0 100  72   1   0   0]
 [ 13 337   9   0  13   0  10   4  20]
 [  7  51 136   0   4   0  10   2  85]
 [  0   2   1 575   0   0  27  36   1]
 [ 49  22   1   0 285  29   1   1   8]
 [ 27   0   0   0  22 239   0   0   0]
 [  4  47  35  17   3   0 104  66  49]
 [  4  48  17  40   3   0  52 291  16]
 [ 14  68  94   2  14   0  36  19 230]]
---------------------
KNN ==  9 :

0.646428571429
[[124  22   8   0 109  74   0   0   3]
 [ 12 336   9   0  17   0   5   2  25]
 [ 11  45 130   0   3   0   8   3  95]
 [  0   3   0 575   0   0  22  40   2]
 [ 43  26   1   0 288  31   3   1   3]
 [ 24   0   0   0  23 241   0   0   0]
 [  4  42  30  16   2   0 115  63  53]
 [  2  48  18  40   3   0  46 297  17]
 [ 14  75  74   2  15   0  30  20 247]]
---------------------
KNN ==  11 :

0.646428571429
[[121  25   9   0 107  77   0   0   1]
 [ 11 334   8   0  19   0   2   4  28]
 [  8  49 130   0   4   0   5   3  96]
 [  0   4   0 570   0   0  32  34   2]
 [ 41  24   1   0 293  30   2   1   4]
 [ 24   0   0   0  21 243   0   0   0]
 [  3  47  26  16   2   0 108  66  57]
 [  2  51  14  40   4   0  41 301  18]
 [ 14  71  76   2  14   0  28  19 253]]
---------------------
KNN ==  13 :

0.643681318681
[[117  19   9   0 112  82   1   0   0]
 [ 11 338   7   0  18   0   3   5  24]
 [  7  48 127   0   5   0   6   4  98]
 [  0   4   0 571   0   0  27  39   1]
 [ 39  26   0   0 291  34   3   1   2]
 [ 16   0   0   0  19 253   0   0   0]
 [  0  44  28  17   4   0  94  74  64]
 [  2  51  13  38   4   0  45 297  21]
 [ 13  74  70   1  15   0  32  17 255]]

******************************************************
SVM:

0.176373626374

******************************************************
Perceptron:

0.342582417582
[[ 15   2   1  19 272   4   1   3  23]
 [  0  11   0   0 247   0   0   3 145]
 [  0   0   3  58  78   0   0  43 113]
 [  0   1   0 592  11   0   0   6  32]
 [ 12  12   8  28 233   0   5  15  83]
 [ 21   0   0   8 233  23   0   0   3]
 [  0   1   3  89 103   0   0  47  82]
 [  0   8   0 153  77   0   0 153  80]
 [  5   2   0  41 138   0   0  74 217]]

******************************************************
LDA:

0.463461538462
[[161  20  13  15  52  60   5   4  10]
 [ 13 246   6   1  84   7  10   2  37]
 [  6  24  79  11  31   5  17  44  78]
 [  4   2  23 440  10   0  40  89  34]
 [ 54 102  15  27 111  29  13   9  36]
 [ 56  11   0  12  28 181   0   0   0]
 [  6  34  24  18  35   3  55  80  70]
 [  4  42  17  46  21   2  28 242  69]
 [ 15  61  48   6  63   6  37  69 172]]

******************************************************
Logistic Regression - ovr:

0.499175824176
[[184  24  16  12  40  37   5   9  13]
 [ 18 255   5   4  60  15   9  11  29]
 [ 11  22  76  29  32   2  23  25  75]
 [  5   2  27 500  10   0  25  50  23]
 [ 47 102  17  29  95  46   9  15  36]
 [ 36   9   0  12  22 206   0   1   2]
 [  7  29  22  47  35   0  58  69  58]
 [  9  47  12  42  21   0  21 281  38]
 [ 23  52  47  21  60   2  39  71 162]]

******************************************************
Logistic Regression - mul:

0.507692307692
[[179  20  16  16  47  41   3  10   8]
 [ 17 260   4   1  68  13   7  12  24]
 [  9  16  85  28  35   1  19  21  81]
 [ 10   6  22 484  11   0  33  52  24]
 [ 40  96  13  32 106  51   6  17  35]
 [ 23   9   0  11  26 217   0   1   1]
 [  7  28  24  46  37   0  61  63  59]
 [  9  42  13  32  19   0  30 289  37]
 [ 23  46  52  23  64   1  34  67 167]]
######################################################
(5460, 256) (3640, 256)

******************************************************
Decision Tree:

0.603846153846
[[189  19   2   2  90  47   0   2  16]
 [ 17 224  26   8  11   0  26  13  42]
 [  3  24 149   2   6   1  27  13  82]
 [  1   2   7 533   0   0  34  38   4]
 [ 53  24   3   1 241  32   6   3   9]
 [ 41   0   1   0  31 212   0   1   1]
 [  5  29  37  26   8   0 123  71  57]
 [  2  31  10  46   3   0  79 297  39]
 [ 17  43  74   7  10   0  51  26 230]]

******************************************************
Gaussian Naive Bayes:

0.341208791209
[[  7  51   4   0  88 174   1   1   2]
 [  1 267   0   3  20  97   2   0   6]
 [  2  76  40   9 102  11   1  60   8]
 [  0  29   7 208  75   2  57 247   0]
 [  1  51   3   0 156 187   0   2   0]
 [  0   0   1   0   4 287   0   0   0]
 [  2  65   9   3 125  10  25 104   3]
 [  0  70   1   6 108  24   9 246   0]
 [  2 166  14   5 188  25  11  63   6]]

******************************************************
KNN:
---------------------
KNN ==  5 :

0.629120879121
[[134  20   8   0  98  60   2   1   5]
 [  8 329  12   0  11   0   8  10  18]
 [  5  50 131   0   4   0  12   2 105]
 [  0   4   1 538   0   0  25  55   2]
 [ 54  30   5   0 263  43   1   1   3]
 [ 23   0   0   0  22 247   0   0   0]
 [  3  43  35  21   5   0 126  64  49]
 [  2  44  12  42   1   0  48 291  24]
 [ 13  81  86   3   9   2  31  24 231]]
---------------------
KNN ==  9 :

0.635164835165
[[114  21   9   0 106  77   0   0   1]
 [  5 342  11   0  13   0   6   5  14]
 [  1  57 130   0   4   0   5   2 110]
 [  0   4   1 547   0   0  19  51   3]
 [ 52  28   5   0 269  41   0   2   3]
 [ 23   0   0   0  19 250   0   0   0]
 [  1  40  30  15   6   0 119  76  59]
 [  2  45  15  42   1   0  46 293  20]
 [ 11  78  77   1   9   2  35  19 248]]
---------------------
KNN ==  11 :

0.636813186813
[[115  22   7   0 103  80   0   0   1]
 [  7 338  11   0  11   0   4   6  19]
 [  2  54 129   0   3   0   3   2 116]
 [  0   4   1 545   0   0  20  53   2]
 [ 51  27   6   0 271  39   1   2   3]
 [ 18   0   0   0  23 251   0   0   0]
 [  2  40  27  15   5   0 120  77  60]
 [  1  46  15  41   0   0  45 292  24]
 [ 13  77  66   1   7   2  32  25 257]]
---------------------
KNN ==  13 :

0.638736263736
[[112  21   9   0 107  78   0   0   1]
 [  8 336  10   0  11   0   5   6  20]
 [  1  54 126   0   3   0   4   3 118]
 [  0   5   1 547   0   0  21  49   2]
 [ 47  30   7   0 274  37   1   2   2]
 [ 20   0   0   0  21 251   0   0   0]
 [  1  40  30  17   5   0 121  76  56]
 [  1  47  16  44   0   0  41 293  22]
 [ 13  82  58   1   9   2  31  19 265]]

******************************************************
SVM:

0.171703296703

******************************************************
Perceptron:

0.368956043956
[[220   9   7   3  49  39   0   0   1]
 [ 97 249   0   0   5  38   0   0   7]
 [ 58  53  15  61  37   2   0   0  83]
 [  3  33   1 554  27   0   4   0   3]
 [192  53  22   4  57  62   0   0  10]
 [202   5   0   1   4  80   0   0   0]
 [ 32  74   3 123  39   3   3   0  69]
 [ 19  84   2 243  18   5   2   0  91]
 [107 128   5  44  26   5   0   0 165]]

******************************************************
LDA:

0.476098901099
[[169  21   7  12  39  62   3   4  11]
 [ 12 267   4   1  60  11   3   7  31]
 [  7  31  75  20  36   3  15  41  81]
 [  7   5  22 423  10   0  47  78  33]
 [ 63 103  16  29 107  36  17   7  22]
 [ 55  16   0   7  23 190   0   1   0]
 [  4  34  18  26  37   1  60  90  76]
 [  4  34  17  51  15   1  26 257  59]
 [ 12  71  43  10  48   4  40  67 185]]

******************************************************
Logistic Regression - ovr:

0.492032967033
[[174  26   8  13  38  39   3  11  16]
 [ 15 267   3   4  50  11   6  15  25]
 [ 17  21  81  37  28   2  17  33  73]
 [  9   8  20 476  11   0  25  49  27]
 [ 58  95  15  39  84  58  11  17  23]
 [ 41  15   0   5  13 216   1   0   1]
 [  8  39  21  47  37   2  55  70  67]
 [  8  38  22  41  15   4  25 274  37]
 [ 19  54  51  18  59   4  41  70 164]]

******************************************************
Logistic Regression - mul:

0.504945054945
[[170  24  14  13  36  45   3  13  10]
 [ 16 272   4   0  55   8   4  15  22]
 [ 15  20  77  34  36   1  14  26  86]
 [  8  10  14 467  12   0  30  56  28]
 [ 55  89  16  28  98  59  13  14  28]
 [ 26  17   1   3  17 226   0   1   1]
 [  7  32  25  42  37   2  66  74  61]
 [  6  33  22  36  14   4  35 283  31]
 [ 16  48  54  13  63   4  37  66 179]]
######################################################
(5460, 256) (3640, 256)

******************************************************
Decision Tree:

0.601373626374
[[172  11   7   0  74  31   5   0  14]
 [ 24 226  18   5  21   1  23  25  38]
 [  2  20 164   1   3   0  25  12  71]
 [  2   1   1 496   3   0  29  46   5]
 [ 89  16   3   0 246  30   5   8   8]
 [ 36   0   0   0  36 226   0   1   0]
 [  8  42  30  38   4   0 122  73  47]
 [  4  18  10  50   6   0  85 285  36]
 [ 10  48  78   9  16   1  48  40 252]]

******************************************************
Gaussian Naive Bayes:

0.370604395604
[[  7  39   1   0 121 175   1   1   2]
 [  0 271   0   1  21  78   3   3   5]
 [  5  79  35   3  71  15   5  70  28]
 [  0  19   7 262  60   3  26 220   2]
 [  5  49   4   0 191 152   0   7   1]
 [  0   0   1   0  11 277   0   0   0]
 [  3  59  10   4 102   9  19 133   3]
 [  0  81   1  17  77  33   8 271   2]
 [  3 142   9   8 138  27  10 118  16]]

******************************************************
KNN:
---------------------
KNN ==  5 :

0.629945054945
[[141  17   4   0 103  70   6   0   6]
 [  9 320   3   0   4   0  16   6  24]
 [  8  47 140   0   3   0  14   9  90]
 [  0   4   0 514   0   0  32  47   2]
 [ 63  30   6   0 265  38   3   0   4]
 [ 22   0   0   0  22 245   0   0   0]
 [  4  39  35  17   5   0 124  66  52]
 [  1  50  14  54   0   0  62 285  24]
 [  9  67  75   3  10   0  32  16 259]]
---------------------
KNN ==  9 :

0.634065934066
[[134  24   5   0 102  79   0   0   3]
 [  6 329   9   0   3   0  10   3  22]
 [  8  46 139   0   3   0   4   4 107]
 [  0   5   0 518   0   0  32  42   2]
 [ 56  34   8   0 267  39   3   1   1]
 [ 20   0   0   0  23 246   0   0   0]
 [  1  38  34  15   8   0 111  70  65]
 [  1  52  12  40   0   0  61 291  33]
 [  9  67  66   3  11   0  27  15 273]]
---------------------
KNN ==  11 :

0.632692307692
[[131  23   7   0 109  76   0   0   1]
 [  7 331   8   0   5   0  10   4  17]
 [  6  48 131   0   4   0   3   4 115]
 [  0   5   0 521   0   0  31  40   2]
 [ 48  34   7   0 273  39   4   1   3]
 [ 19   0   0   0  23 247   0   0   0]
 [  1  39  35  17   7   0 105  70  68]
 [  2  50  12  39   0   0  59 293  35]
 [  9  66  65   2  13   0  30  15 271]]
---------------------
KNN ==  13 :

0.634340659341
[[132  21   6   0 111  75   0   0   2]
 [  6 329   8   0   5   0   8   4  22]
 [  7  47 126   0   4   0   3   4 120]
 [  0   4   0 523   0   0  28  41   3]
 [ 43  37   9   0 276  39   2   0   3]
 [ 16   0   0   0  25 248   0   0   0]
 [  1  41  31  14   7   0 101  76  71]
 [  1  53  11  44   0   0  56 293  32]
 [  8  67  56   2  13   0  32  12 281]]

******************************************************
SVM:

0.16456043956

******************************************************
Perceptron:

0.35989010989
[[221   1   0  34  11  34   0   0  46]
 [ 69   5   0   0   0   7   0   0 301]
 [ 34   0   0  50   0   2   0   4 221]
 [  4   0   0 537   0   0   0  13  45]
 [135   7   4  53   5  19   0   1 185]
 [143  10   0   7   6 108   0   0  15]
 [ 23   3   1 104   0   1   0  18 192]
 [ 16   7   0 161   0   0   0  57 249]
 [ 42   0   1  39   2   1   0   9 377]]

******************************************************
LDA:

0.442307692308
[[164  29   6  16  64  55   2   5   6]
 [  9 245   0   0  70   9   3   1  45]
 [  9  35  66  12  41   6  19  44  79]
 [  7   5  19 408  15   0  45  71  29]
 [ 50 113  16  34  99  42  13  10  32]
 [ 75  12   0   7  29 166   0   0   0]
 [  4  36  13  34  27   4  67  84  73]
 [  4  52  11  61  13   0  40 241  68]
 [ 11  69  48  13  53   5  36  82 154]]

******************************************************
Logistic Regression - ovr:

0.475
[[176  38   8  16  49  37   3  11   9]
 [ 13 244   5   1  43  16   6   8  46]
 [ 18  23  72  37  43   1  12  27  78]
 [  6   8  17 451  11   0  27  55  24]
 [ 53 102  16  37  80  60  10  13  38]
 [ 45  16   0  10  13 205   0   0   0]
 [  5  29  10  54  38   1  63  81  61]
 [  7  48   7  54  20   6  26 282  40]
 [ 14  59  45  26  55   4  33  79 156]]

******************************************************
Logistic Regression - mul:

0.490659340659
[[167  29  10  16  55  42   2  13  13]
 [ 10 259   3   0  46  13   7   9  35]
 [ 12  20  84  35  43   1  13  22  81]
 [  4  11  17 447  10   0  36  55  19]
 [ 52  99  18  37  77  63  10  15  38]
 [ 39  15   0   6  13 214   0   1   1]
 [  9  27   9  47  41   1  76  79  53]
 [  7  46  13  41  16   5  33 297  32]
 [ 11  47  45  23  58   2  44  76 165]]
######################################################
(5460, 256) (3640, 256)

******************************************************
Decision Tree:

0.601373626374
[[182  10   5   0  70  35   5   4   9]
 [ 22 249  18   5  11   0  30  23  44]
 [  9  22 134   0   4   0  29   9  90]
 [  0   2   3 520   3   0  21  42   9]
 [ 76  23   3   1 246  19   9   2  16]
 [ 46   0   0   0  31 225   0   0   4]
 [  5  23  25  30   6   0 113  64  54]
 [  3  32  14  38   2   0  72 280  28]
 [ 19  56  88  11   9   0  73  35 240]]

******************************************************
Gaussian Naive Bayes:

0.329120879121
[[ 12  63   3   0  90 192   0   1   1]
 [  1 262   3   5  25 110   5   3   3]
 [  1  75  30   9  86  10   7  64   8]
 [  1  22  10 188  58   0  68 257   1]
 [  5  56   4   0 149 161   0   7   0]
 [  1   0   1   0   1 276   0   0   0]
 [  2  79  10   1 130   9  21  99   1]
 [  0  82   2   8  70  29  11 257   0]
 [  4 155  23   5 158  29  10 107   3]]

******************************************************
KNN:
---------------------
KNN ==  5 :

0.630769230769
[[144  24   6   0 111  73   1   0   3]
 [  9 342  15   0  12   0   8   7  24]
 [  6  41 142   0   6   0   8   6  81]
 [  0   4   1 522   0   0  26  49   3]
 [ 40  20   3   0 281  33   1   1   3]
 [ 12   0   0   0  30 237   0   0   0]
 [  4  45  43  18   4   0 120  63  55]
 [  3  42  11  42   1   0  54 285  21]
 [ 13  63 117   2  19   0  37  20 223]]
---------------------
KNN ==  9 :

0.625
[[119  27   6   0 126  82   0   0   2]
 [ 10 338  19   0  11   0   1  12  26]
 [  6  38 131   0   6   0   5   7  97]
 [  0   3   0 522   0   0  23  55   2]
 [ 38  16   2   0 281  36   1   3   5]
 [ 14   0   0   0  22 243   0   0   0]
 [  4  45  41  16   6   0 109  69  62]
 [  2  49   8  41   1   0  51 282  25]
 [ 13  72 100   2  18   0  25  14 250]]
---------------------
KNN ==  11 :

0.627197802198
[[117  27   7   0 126  83   0   0   2]
 [  8 336  21   0  12   0   2   9  29]
 [  6  39 130   0   6   0   4   6  99]
 [  0   3   1 520   0   0  24  57   0]
 [ 35  16   5   0 284  33   3   3   3]
 [ 13   0   0   0  22 244   0   0   0]
 [  3  46  39  12   7   0 107  73  65]
 [  2  49  10  40   1   0  48 283  26]
 [  9  71  93   2  21   0  23  13 262]]
---------------------
KNN ==  13 :

0.632417582418
[[114  28   6   0 132  80   0   0   2]
 [  6 351  16   0  12   0   0   7  25]
 [  6  35 131   0   5   0   5   6 102]
 [  0   4   1 518   0   0  25  56   1]
 [ 31  18   6   0 288  32   3   2   2]
 [ 12   0   0   0  21 246   0   0   0]
 [  2  50  35  12   7   0 107  69  70]
 [  2  51  12  40   1   0  46 280  27]
 [ 11  68  80   2  22   0  29  15 267]]

******************************************************
SVM:

0.166208791209

******************************************************
Perceptron:

0.354395604396
[[158   2   0  21  92  67   0   9  13]
 [ 37   1   0  32 302  12   0  12  21]
 [ 10   1   0 161  67   3   0   4  44]
 [  1   0   0 545   5   0   0  28  26]
 [ 76  14   0  45 169  35   0  10  33]
 [ 87   4   0   9  25 154   0   0   0]
 [ 15   0   0 134  32   1   0  59 111]
 [ 10   0   0 190  35   0   0 181  43]
 [ 10   0   0 241 119   5   0  37  82]]

******************************************************
LDA:

0.467582417582
[[180  21  10  15  61  58   3   4  10]
 [ 18 258   4   0  63  10   7   4  53]
 [  7  21  71  14  27   5  14  43  88]
 [  7   1  18 426   9   0  45  70  29]
 [ 41 104   8  33 100  34  15   9  38]
 [ 59  10   0  12  23 175   0   0   0]
 [  6  40  21  27  34   3  75  63  83]
 [  6  49   7  48  14   1  46 241  47]
 [ 10  55  40   9  60   4  49  91 176]]

******************************************************
Logistic Regression - ovr:

0.487912087912
[[186  26  11  16  56  38   1   9  19]
 [ 22 252   3  11  56  16   8  19  30]
 [ 14  14  75  36  29   0  17  21  84]
 [  6   7  18 481   9   0  23  43  18]
 [ 36  96  11  32  99  47   9  17  35]
 [ 48  15   0   9  15 189   0   1   2]
 [  8  35  23  40  34   1  62  75  74]
 [ 10  47   8  43  16   3  41 269  22]
 [ 19  49  49  23  58   3  44  86 163]]

******************************************************
Logistic Regression - mul:

0.499450549451
[[183  23  12  18  61  36   1   9  19]
 [ 22 257   5   3  67  16   9  13  25]
 [ 16  13  80  34  33   0  15  20  79]
 [  8  12  15 461  12   0  33  44  20]
 [ 40  90   9  31 108  50   7  13  34]
 [ 34  17   0   4  16 206   0   1   1]
 [  8  34  22  35  35   1  77  66  74]
 [ 10  45   7  36  16   1  44 281  19]
 [ 19  48  53  19  61   1  45  83 165]]
######################################################
(5460, 256) (3640, 256)

******************************************************
Decision Tree:

0.602747252747
[[182   9   7   1  63  32   8   2  12]
 [ 36 234  16   5  12   1  27  14  40]
 [  7  24 142   2   6   0  31  16  82]
 [  2   3   2 545   3   0  29  47   4]
 [ 70  24   3   0 252  44   6   3  13]
 [ 39   1   0   0  36 212   0   0   1]
 [  3  19  25  28   8   0 118  79  55]
 [  7  36  16  37   8   0  55 281  34]
 [ 14  47  87  10   9   1  59  26 228]]

******************************************************
Gaussian Naive Bayes:

0.344230769231
[[105  30   3   0  33 185   1   1   2]
 [ 28 241   1   5  12  96   2   3   9]
 [  6  70  24   8  71  11   5  79  24]
 [ 19  14   3 201  47   2  71 271   0]
 [ 84  37   8   0 105 152   0  10   1]
 [  1   0   0   0   3 286   0   0   0]
 [ 42  65   4   2  77   9  14 116   4]
 [ 29  91   2   4  49  28   2 263   0]
 [ 38 165  10   6 110  24   8  94  14]]

******************************************************
KNN:
---------------------
KNN ==  5 :

0.637087912088
[[142  27   6   0 118  61   1   0   5]
 [ 12 323   8   1   6   0  10  11  26]
 [  7  50 144   0   6   0  15   2  74]
 [  0   4   1 554   0   0  30  37   2]
 [ 48  21   6   0 282  31   2   2   5]
 [ 24   0   0   0  25 241   0   0   0]
 [  2  53  49  15   5   0 119  43  47]
 [  2  57  16  38   1   0  57 273  24]
 [ 14  78  81   3  12   0  29  11 241]]
---------------------
KNN ==  9 :

0.642857142857
[[115  31   7   0 135  71   0   0   1]
 [  9 339   7   1  12   0   4   8  17]
 [  5  51 137   0   3   0   6   2  94]
 [  0   4   2 560   0   0  23  37   2]
 [ 32  19   6   0 302  29   3   1   5]
 [ 14   0   0   0  25 251   0   0   0]
 [  1  53  37  15   6   0 109  53  59]
 [  0  55  18  39   1   0  48 283  24]
 [ 16  75  75   2  11   0  31  15 244]]
---------------------
KNN ==  11 :

0.646978021978
[[118  33   5   0 132  71   0   0   1]
 [  6 346   8   0  10   0   4   7  16]
 [  5  48 135   0   4   0   7   1  98]
 [  0   4   0 560   0   0  23  38   3]
 [ 35  23   6   0 297  28   2   1   5]
 [ 15   0   0   0  25 250   0   0   0]
 [  0  51  31  12   7   0 111  56  65]
 [  0  58  16  40   1   0  46 284  23]
 [ 14  79  72   3  12   0  23  12 254]]
---------------------
KNN ==  13 :

0.639010989011
[[114  33   5   0 135  72   0   0   1]
 [  5 347   8   0  12   0   3   6  16]
 [  3  49 129   0   4   0   4   2 107]
 [  0   4   1 553   0   0  26  39   5]
 [ 27  21  12   0 299  32   1   1   4]
 [ 14   0   0   0  28 248   0   0   0]
 [  1  50  32  16   6   0 110  52  66]
 [  0  56  13  40   1   0  53 278  27]
 [ 13  83  76   3  12   0  25   9 248]]

******************************************************
SVM:

0.172527472527

******************************************************
Perceptron:

0.320604395604
[[ 24   6   3  23 234   0   0   2  68]
 [  0  24   1   0 328   0   0   3  41]
 [  0  10  22  19 106   0   2  72  67]
 [  0   0  16 516  11   0   4  18  63]
 [  1  18   2  41 243   0   1  22  69]
 [ 19   2   0   5 226   0   0   0  38]
 [  0   2   9  44  99   0  19  47 113]
 [  0  13   3  70  79   0  12 172 119]
 [  0   9   9  28 216   0  11  49 147]]

******************************************************
LDA:

0.462362637363
[[185  20  12  16  55  55   4   5   8]
 [ 14 252   7   1  69   8   7   1  38]
 [  5  23  69  12  43   2  13  48  83]
 [  6   4  12 448  14   0  41  66  37]
 [ 54 104  11  39  93  28  17  11  40]
 [ 46  15   0   7  28 193   0   1   0]
 [  7  41  18  18  36   3  57  73  80]
 [  8  51   9  54  11   1  30 224  80]
 [ 18  75  37  12  61   4  40  60 162]]

******************************************************
Logistic Regression - ovr:

0.476648351648
[[181  18  15  16  49  52   6   9  14]
 [ 15 254   6  11  47  14  10   9  31]
 [ 15  16  66  43  36   0  11  27  84]
 [  7   4   8 494  13   0  20  52  30]
 [ 48  96  16  39  78  49   8  18  45]
 [ 35  13   0   6  18 215   1   2   0]
 [  6  36  22  50  39   1  54  63  62]
 [ 12  55  12  48  13   2  27 246  53]
 [ 24  62  43  30  60   0  35  68 147]]

******************************************************
Logistic Regression - mul:

0.496428571429
[[183  14  16  21  52  47   5   8  14]
 [ 15 259   6   1  51  14   8   9  34]
 [  9  13  68  37  44   0   9  24  94]
 [  9   7  11 485  14   0  28  49  25]
 [ 35  88  17  40  93  52   8  16  48]
 [ 33  15   1   1  18 220   0   2   0]
 [  8  30  20  40  38   2  63  63  69]
 [ 12  46  11  38  18   1  28 270  44]
 [ 19  55  39  24  60   2  38  66 166]]
######################################################
(5460, 256) (3640, 256)

******************************************************
Decision Tree:

0.59478021978
[[182  23   7   0  87  48   4   3  14]
 [ 22 246  26   5  13   0  26  40  53]
 [  6  26 121   5   3   0  31  11  86]
 [  1   1   0 566   1   0  23  51   3]
 [ 77  22   3   1 237  26   9   6  16]
 [ 29   0   0   0  27 212   0   0   2]
 [  6  27  38  26   6   0 113  70  50]
 [  3  32  11  39   6   0  58 265  22]
 [  6  44  70  12   8   0  67  37 223]]

******************************************************
Gaussian Naive Bayes:

0.358516483516
[[ 18  21   4   0 115 173   1   0   0]
 [  2 266   2   4  30 110   0   0   7]
 [  1  66  42   9  95  11   4  43   5]
 [  3  19   6 247  75   1  47 256   0]
 [  3  21   7   0 178 174   0   5   0]
 [  0   0   0   0   3 283   0   0   0]
 [  1  50   7   2 140  11  11 106   3]
 [  0  53   1  11 128  30   3 257   0]
 [  2 112  23   4 201  38   4  82   3]]

******************************************************
KNN:
---------------------
KNN ==  5 :

0.638186813187
[[132  19   5   0 104  70   1   0   1]
 [ 13 341  17   0  10   0  10   6  24]
 [  3  43 135   0   4   0  14   5  72]
 [  0   5   1 575   0   0  19  51   3]
 [ 50  23   7   0 269  30   1   0   8]
 [ 22   0   0   0  29 235   0   0   0]
 [  4  44  30  20   4   0 120  60  49]
 [  2  52  16  45   1   0  60 290  17]
 [ 14  75  97   2  12   0  24  19 226]]
---------------------
KNN ==  9 :

0.637637362637
[[126  17   3   0 106  79   0   0   1]
 [ 11 344  21   0  10   0   8   6  21]
 [  2  44 132   0   6   0  10   1  81]
 [  0   6   0 572   0   0  24  48   4]
 [ 47  23   6   0 272  33   2   0   5]
 [ 20   0   0   0  23 243   0   0   0]
 [  1  43  31  17   7   0 103  69  60]
 [  1  51  15  38   2   0  56 298  22]
 [ 11  80  97   1  17   0  15  17 231]]
---------------------
KNN ==  11 :

0.631868131868
[[119  20   4   0 108  80   0   0   1]
 [ 13 345  17   0  10   0   6   7  23]
 [  2  40 121   0   6   0  11   2  94]
 [  0   5   0 571   0   0  26  48   4]
 [ 41  21   5   0 277  36   3   0   5]
 [ 21   0   0   0  23 242   0   0   0]
 [  2  40  23  15   7   0 106  72  66]
 [  2  55  16  37   2   0  54 291  26]
 [ 11  83  97   2  17   1  12  18 228]]
---------------------
KNN ==  13 :

0.633516483516
[[116  22   5   0 102  87   0   0   0]
 [ 12 347  17   0  11   0   7   4  23]
 [  1  44 120   0   6   0   9   2  94]
 [  0   6   0 567   0   0  23  55   3]
 [ 36  22   4   0 281  37   3   1   4]
 [ 21   0   0   0  20 245   0   0   0]
 [  0  41  28  15   7   0 103  65  72]
 [  2  57  19  35   2   0  43 293  32]
 [ 11  84  90   2  18   1  13  16 234]]

******************************************************
SVM:

0.17967032967

******************************************************
Perceptron:

0.37032967033
[[220   1   0  52   0  14   3   0  42]
 [139 140   0  14   0   0   0   0 128]
 [ 49   5   2  53   0   0   0   0 167]
 [  3   2   5 628   0   0   1   0  15]
 [144  16   8  74   0   4   1   0 141]
 [168   3   0  26   0  76   0   0  13]
 [ 36   6   2 190   0   0   1   0  96]
 [ 45  20   0 260   0   0   0   0 158]
 [ 97  28   2  60   0   1   0   0 281]]

******************************************************
LDA:

0.463461538462
[[179  19   7  15  39  57   1   5  10]
 [ 14 273   5   0  64   9   4   2  50]
 [ 10  26  64  13  38   2   9  37  77]
 [  6   4  18 448   8   0  44  84  42]
 [ 76  97  15  36  92  31  10   4  27]
 [ 65   9   0  11  23 178   0   0   0]
 [  8  34   9  19  31   1  67  74  88]
 [  4  52   5  64  15   0  30 228  85]
 [ 17  68  49   5  57   6  35  74 158]]

******************************************************
Logistic Regression - ovr:

0.490384615385
[[196  26   9  13  29  37   4   5  13]
 [ 18 269   3   5  50  15   5  18  38]
 [ 17  19  59  36  39   0  12  28  66]
 [ 10   6  21 508   9   0  14  56  30]
 [ 65  89  14  34  73  59   7   8  39]
 [ 53  10   0  10  13 199   0   1   0]
 [ 15  30  12  31  36   1  56  75  75]
 [  8  45  11  54  21   0  24 274  46]
 [ 27  62  46  24  59   5  29  66 151]]

******************************************************
Logistic Regression - mul:

0.503846153846
[[189  19  12  16  34  42   2   7  11]
 [ 15 271   1   1  55  17   7  12  42]
 [ 15  15  75  26  43   0  12  25  65]
 [  8   4  19 498  10   0  30  52  33]
 [ 63  80  11  34  84  60   7  10  39]
 [ 43  10   0  10  17 203   0   3   0]
 [ 12  22  19  29  41   1  68  72  67]
 [  9  37  16  42  20   0  28 294  37]
 [ 22  50  48  23  68   4  33  69 152]]
######################################################
(5460, 256) (3640, 256)

******************************************************
Decision Tree:

0.604395604396
[[158  13   3   0  70  32   4   2  13]
 [ 20 242  20   2  17   1  35  38  46]
 [  8  24 140   2   2   0  28  13  58]
 [  0   1   1 547   0   0  31  45   5]
 [ 82  14   4   0 259  36   4   2  11]
 [ 42   1   0   0  31 197   0   0   1]
 [ 11  21  34  34   5   0 129  76  28]
 [  3  25  14  50   2   0  66 269  45]
 [ 15  50  72   3  13   5  70  36 259]]

******************************************************
Gaussian Naive Bayes:

0.343956043956
[[ 44  46   0   0  75 169   1   0   4]
 [  3 257   0   3  33  84   3   3   5]
 [  1  69  26  11  79   9   3  57  33]
 [  4  22   3 215  73   3  54 261   3]
 [ 14  40   3   0 162 175   0   5   0]
 [  3   0   1   0   6 261   0   0   0]
 [  0  62   7   2 138  12  17 123   6]
 [  0  62   0   6 114  37   5 256   1]
 [  6 131   9   9 199  21   6  71  14]]

******************************************************
KNN:
---------------------
KNN ==  5 :

0.627747252747
[[122  30   5   0 100  72   4   0   6]
 [  6 329  16   0   8   0   7   6  19]
 [  3  45 137   0   6   0   5   2  90]
 [  0   7   2 552   0   0  23  50   4]
 [ 40  22   2   0 288  40   0   1   6]
 [ 27   0   0   0  18 226   0   0   0]
 [  2  49  51  18   3   0 121  62  61]
 [  1  48  11  37   1   0  79 282  22]
 [ 11  79  94   2   8   0  22  22 228]]
---------------------
KNN ==  9 :

0.626923076923
[[113  34   4   0 105  78   1   1   3]
 [  5 338  13   0   7   0   2   8  18]
 [  2  49 136   0   4   0   3   3  91]
 [  0   7   1 546   0   0  24  54   6]
 [ 40  22   2   0 285  42   1   1   6]
 [ 21   0   0   0  20 230   0   0   0]
 [  0  57  34  15   6   0 110  67  78]
 [  1  53  16  38   1   0  63 285  24]
 [ 11  86  84   1   9   0  20  16 239]]
---------------------
KNN ==  11 :

0.619230769231
[[102  33   4   0 112  83   0   1   4]
 [  4 330  17   0   8   0   2   8  22]
 [  2  46 131   0   5   0   4   4  96]
 [  0   8   2 543   1   0  23  57   4]
 [ 39  22   0   0 287  44   0   1   6]
 [ 22   0   0   0  16 233   0   0   0]
 [  0  54  37  15   6   0 107  70  78]
 [  1  50  16  34   1   0  61 288  30]
 [ 12  92  83   0  10   0  20  16 233]]
---------------------
KNN ==  13 :

0.614835164835
[[ 95  38   5   0 114  83   0   0   4]
 [  5 327  15   0   4   0   3   7  30]
 [  1  51 126   0   5   0   3   4  98]
 [  0   7   1 543   0   0  29  53   5]
 [ 39  25   0   0 286  44   0   1   4]
 [ 20   0   0   0  19 232   0   0   0]
 [  0  52  37  16   7   0 105  75  75]
 [  1  55  16  33   1   0  60 286  29]
 [ 12  85  87   0  11   0  18  15 238]]

******************************************************
SVM:

0.175274725275

******************************************************
Perceptron:

0.371153846154
[[235  13   3   6  56   0   0   7  19]
 [165 114   3   2   9   0   0  47  51]
 [ 36   7  16  45  39   0   0 105  40]
 [ 12   0   6 557   8   0   0  50   5]
 [119  56  22  16  88   0   0  21  77]
 [172  32   1   6  47   3   0   0  10]
 [ 59   9   3  77  48   0   0 140  31]
 [ 60   9   0 133  16   0   0 252  11]
 [ 82  16  14  36  33   0   0 199  86]]

******************************************************
LDA:

0.464285714286
[[169  29  10   8  39  68   3   4   9]
 [  9 252   7   0  64   6   6   4  43]
 [  8  25  74  11  42   1   9  49  69]
 [  8   3  18 437  14   0  36  86  36]
 [ 59 109  15  24  97  44  19  11  21]
 [ 38  21   0  10  21 180   0   0   1]
 [  6  43  24  29  33   2  64  85  81]
 [  9  41  11  49  25   1  20 248  77]
 [ 16  71  49   6  48   5  22  80 169]]

******************************************************
Logistic Regression - ovr:

0.484065934066
[[183  27   9   8  41  43   6  13   9]
 [ 14 255   8   1  47  12   7  13  34]
 [ 17  21  58  31  43   1   9  34  74]
 [ 10   5  13 489  12   0  25  63  21]
 [ 50 106  23  25  81  58   8  15  33]
 [ 33  18   1   8  12 199   0   0   0]
 [ 16  39  21  46  30   1  53  94  67]
 [ 10  47   8  57  23   4  18 265  49]
 [ 26  55  44  15  60   1  17  69 179]]

******************************************************
Logistic Regression - mul:

0.485714285714
[[168  26   8  12  46  48   4  17  10]
 [  7 258   7   0  53  14   8  13  31]
 [ 17  15  55  28  47   1   9  30  86]
 [ 13   9  12 465  14   0  37  61  27]
 [ 49  96  22  26  99  60   7  13  27]
 [ 23  19   1   8  14 203   0   1   2]
 [ 14  36  23  32  34   1  74  85  68]
 [  7  41  12  41  23   2  30 282  43]
 [ 25  50  50  16  58   2  24  77 164]]
######################################################
(5460, 256) (3640, 256)

******************************************************
Decision Tree:

0.597252747253
[[177  18   8   0  72  34   4   2  13]
 [ 24 249  22   3  21   1  22  26  44]
 [  5  15 132   3   3   0  28  13  73]
 [  1   1   2 558   0   0  33  44   4]
 [ 85  15   4   0 254  34   6   3   5]
 [ 37   0   0   0  27 220   0   0   0]
 [  3  24  33  29   5   0 104  89  94]
 [  2  35  22  27   7   0  69 262  38]
 [ 13  28  64  10  18   0  63  38 218]]

******************************************************
Gaussian Naive Bayes:

0.352197802198
[[ 35  49   5   0  74 181   0   0   3]
 [  3 258   2   7  28  84   0   0   3]
 [  6  66  44   4  80  13   8  57   9]
 [  1  23   8 231  63   5  85 212   2]
 [ 23  47  12   0 149 176   0   0   0]
 [  2   0   0   0   4 283   0   0   0]
 [  2  68   7   4 114   8  32  91   3]
 [  0  81   5   5  97  28  17 244   0]
 [  8 153  20   5 160  29  21  87   6]]

******************************************************
KNN:
---------------------
KNN ==  5 :

0.618681318681
[[136  24   7   0 103  72   1   0   4]
 [ 10 314  11   0   9   0   7   6  28]
 [  3  43 130   0   7   0   5   4  95]
 [  0   7   0 545   0   0  33  44   1]
 [ 70  26   7   0 270  29   1   1   3]
 [ 19   1   0   0  27 242   0   0   0]
 [  6  48  36  21   5   0 105  63  45]
 [  2  51  16  37   3   0  67 280  21]
 [ 14  81  90   3   9   1  38  23 230]]
---------------------
KNN ==  9 :

0.629395604396
[[129  27   8   0 100  80   0   0   3]
 [  7 328   8   0   8   0   6   7  21]
 [  2  44 126   0   7   0   5   2 101]
 [  0   7   0 540   0   0  33  49   1]
 [ 51  28   9   0 279  35   2   2   1]
 [ 13   0   0   0  23 253   0   0   0]
 [  3  47  40  14   5   0 104  65  51]
 [  0  56  20  31   2   0  60 279  29]
 [ 12  76  80   3  14   2  31  18 253]]
---------------------
KNN ==  11 :

0.628021978022
[[121  27   8   0 108  81   0   0   2]
 [  7 329   8   0  10   0   7   5  19]
 [  2  42 123   0   9   0   3   3 105]
 [  0   7   1 548   0   0  29  44   1]
 [ 53  28   9   0 281  33   2   1   0]
 [ 17   0   0   0  20 252   0   0   0]
 [  4  50  34  15   5   0  97  73  51]
 [  0  53  22  33   3   0  59 271  36]
 [ 11  78  71   3  14   2  34  12 264]]
---------------------
KNN ==  13 :

0.625274725275
[[109  28   7   0 117  83   0   0   3]
 [  9 326  10   0   8   0   7   4  21]
 [  1  46 126   0   7   0   2   2 103]
 [  0   8   0 546   0   0  25  48   3]
 [ 49  27   9   0 285  34   2   1   0]
 [ 14   0   0   0  20 255   0   0   0]
 [  3  49  38  15   6   0  89  70  59]
 [  0  52  22  36   2   0  62 270  33]
 [  9  74  71   3  12   2  36  12 270]]

******************************************************
SVM:

0.173076923077

******************************************************
Perceptron:

0.268406593407
[[102   0   1  11  24  31   0   2 176]
 [ 49   0   0   0   0   2   0   0 334]
 [ 96   0   4  12   1   1   0   0 173]
 [ 27   0   0 393   0   0   0  13 197]
 [180   0   8  20  31   5   0   0 163]
 [ 87   0   0   2  14  70   0   0 116]
 [ 32   0   3  28   1   0   0   0 265]
 [ 43   0   0  76   0   0   0   4 354]
 [113   0   0   3   0   0   0   0 373]]

******************************************************
LDA:

0.448076923077
[[162  32  10  15  47  66   1   5   9]
 [  7 241   2   0  73   7  11   1  43]
 [  7  27  74  13  32   2  22  36  74]
 [  4   4  15 440  13   0  47  72  35]
 [ 60 123  12  36  87  38  10  11  30]
 [ 65  14   0   8  24 178   0   0   0]
 [  5  38  22  26  39   2  58  75  64]
 [  4  50   9  50  20   2  48 226  68]
 [ 15  61  47   9  63   5  48  76 165]]

******************************************************
Logistic Regression - ovr:

0.486813186813
[[180  27  12  15  40  50   4  10   9]
 [ 10 244   3   6  57  13  14  13  25]
 [ 10  18  84  44  35   2  20  17  57]
 [  8   6   9 485  13   0  26  61  22]
 [ 58 112  13  36  78  50   8  15  37]
 [ 36  12   1   8  21 211   0   0   0]
 [  8  31  21  46  36   1  60  73  53]
 [  9  46  17  43  18   3  28 275  38]
 [ 26  50  56  27  56   3  40  76 155]]

******************************************************
Logistic Regression - mul:

0.498901098901
[[178  27   9  14  44  52   1   9  13]
 [ 11 243   2   0  68  12   8  13  28]
 [ 10  18  82  38  33   2  21  16  67]
 [  9   5   9 480  17   0  32  51  27]
 [ 48 103  15  37  89  56   9  15  35]
 [ 30  11   1   6  22 217   0   1   1]
 [  8  21  25  37  49   2  65  70  52]
 [ 11  41  18  30  18   3  37 289  30]
 [ 21  44  52  20  68   4  36  71 173]]
######################################################
(5460, 256) (3640, 256)

******************************************************
Decision Tree:

0.593681318681
[[172  26  10   0  70  42   5   3  14]
 [ 15 240  21   2   9   0  36  23  45]
 [  3  23 126   5   2   0  30  10  69]
 [  0   5   2 559   0   0  28  35   8]
 [ 85  23   4   0 238  35   2   6  13]
 [ 32   0   0   0  25 190   0   0   0]
 [  3  42  26  30   8   0 111  74  60]
 [  3  17  16  60   4   0  64 292  31]
 [ 15  46  91   9   9   2  64  39 233]]

******************************************************
Gaussian Naive Bayes:

0.357417582418
[[  8  37   3   0 102 175   1   2   0]
 [  1 286   2   3  24  99   1   2   4]
 [  2  75  47   4  81  10   2  66   9]
 [  2  26   3 232  63   2  52 284   1]
 [  2  36   2   0 161 159   0   5   0]
 [  0   0   0   0   6 263   0   0   0]
 [  1  66   7   1 118   5  16 126   0]
 [  0  77   3  13  80  21   4 283   1]
 [  5 156  15   4 149  27   8 104   5]]

******************************************************
KNN:
---------------------
KNN ==  5 :

0.630769230769
[[119  18   5   0 108  72   4   0   2]
 [ 16 341  15   0  10   0  14   7  19]
 [  7  49 126   0   4   0  13   5  92]
 [  0   3   0 583   0   0  27  51   1]
 [ 33  20   3   0 272  31   1   2   3]
 [ 20   0   0   0  31 218   0   0   0]
 [ 10  44  38  19   1   0 116  63  49]
 [  4  47  13  43   2   0  55 296  22]
 [ 10  72  87   4  12   1  36  26 225]]
---------------------
KNN ==  9 :

0.637637362637
[[112  22   6   0 110  76   1   0   1]
 [ 16 354  10   0  11   0   8   5  18]
 [  9  47 116   0   5   0   4   6 109]
 [  0   6   0 572   0   0  28  58   1]
 [ 33  21   2   0 271  32   2   2   2]
 [ 21   0   0   0  23 225   0   0   0]
 [  4  46  38  18   4   0 111  69  50]
 [  2  46  11  38   3   0  50 307  25]
 [  8  79  72   4  14   1  25  17 253]]
---------------------
KNN ==  11 :

0.636263736264
[[102  22   6   0 118  78   1   0   1]
 [ 14 347  10   0  14   0  12   6  19]
 [  7  46 113   0   6   0   4   3 117]
 [  0   6   1 570   0   0  31  55   2]
 [ 29  20   3   0 274  34   1   2   2]
 [ 19   0   0   0  22 228   0   0   0]
 [  2  44  42  16   2   0 111  70  53]
 [  1  47  10  38   4   0  44 311  27]
 [  8  82  70   4  17   1  20  11 260]]
---------------------
KNN ==  13 :

0.636538461538
[[102  23   7   0 119  76   1   0   0]
 [ 17 348  13   0  14   0   8   6  16]
 [  7  46 117   0   6   0   4   3 113]
 [  0   6   1 572   0   0  30  56   0]
 [ 26  20   5   0 279  30   1   2   2]
 [ 18   0   0   0  29 222   0   0   0]
 [  3  43  42  19   2   0 103  73  55]
 [  1  50   8  38   4   0  43 307  31]
 [  9  81  62   4  15   1  19  15 267]]

******************************************************
SVM:

0.182692307692

******************************************************
Perceptron:

0.28021978022
[[128   0   0   2  55 141   0   0   2]
 [ 23   0   0   0 232 137   0   0  30]
 [ 17   0   0   2 216  12   3   7  39]
 [ 17   0   0 386  79   0  95   2  86]
 [ 65   0   0   0 152 138   0   0  10]
 [ 35   0   0   6   5 223   0   0   0]
 [ 20   0   0   7 152  11  47   4  99]
 [ 18   0   0  31 198   7 128  27  73]
 [ 18   0   0   3 362  25   7   1  57]]

******************************************************
LDA:

0.460989010989
[[162  21   6  10  40  71   3   8   7]
 [ 21 261   8   1  86   8   4   2  31]
 [  6  30  75   8  45   4  16  36  76]
 [  5   7  16 458  10   0  44  93  32]
 [ 50  92  12  21  97  37  17   8  31]
 [ 48   5   0   7  29 179   0   0   1]
 [  4  38  11  32  34   2  60  86  73]
 [  4  44  17  65  14   2  35 236  65]
 [ 15  66  48   9  56   8  49  72 150]]

******************************************************
Logistic Regression - ovr:

0.494505494505
[[167  28  11  14  37  50   2   9  10]
 [ 21 266   5   3  58  20   6  15  28]
 [ 13  24  77  25  40   1  16  25  75]
 [  4  10  14 515  13   0  25  64  20]
 [ 47  91  12  27  78  61   8  12  29]
 [ 29   5   0  10  16 208   0   0   1]
 [  8  34  11  45  29   1  63  85  64]
 [  6  54  11  48  14   2  27 285  35]
 [ 21  63  45  28  55   1  44  75 141]]

******************************************************
Logistic Regression - mul:

0.500824175824
[[160  18  15  17  38  54   1  13  12]
 [ 20 273   3   2  59  17   8  13  27]
 [ 12  22  80  24  43   0  12  22  81]
 [  8   7  15 493  10   0  35  68  29]
 [ 38  88  15  26  84  63   8  10  33]
 [ 26   9   0   6  17 210   0   0   1]
 [  7  35  11  37  36   0  74  80  60]
 [  6  37  19  41  13   3  33 301  29]
 [ 21  58  48  21  57   1  46  73 148]]
######################################################
######################################################
DT: 
[ 0.58269231  0.61071429  0.60384615  0.60137363  0.60137363  0.60274725
  0.59478022  0.6043956   0.59725275  0.59368132]
0.599285714286
gnb: 
[ 0.35        0.3489011   0.34120879  0.3706044   0.32912088  0.34423077
  0.35851648  0.34395604  0.3521978   0.35741758]
0.349615384615
knn: 
[ 0.6293956   0.63131868  0.63049451  0.63269231  0.64203297  0.64642857
  0.64642857  0.64368132  0.62912088  0.63516484  0.63681319  0.63873626
  0.62994505  0.63406593  0.63269231  0.63434066  0.63076923  0.625
  0.6271978   0.63241758  0.63708791  0.64285714  0.64697802  0.63901099
  0.63818681  0.63763736  0.63186813  0.63351648  0.62774725  0.62692308
  0.61923077  0.61483516  0.61868132  0.6293956   0.62802198  0.62527473
  0.63076923  0.63763736  0.63626374  0.63653846]
0.633179945055
9  =  0.634642857143
11  =  0.633598901099
5  =  0.631373626374
13  =  0.633104395604
svm: 
[ 0.17527473  0.17637363  0.1717033   0.16456044  0.16620879  0.17252747
  0.17967033  0.17527473  0.17307692  0.18269231]
0.173736263736
per: 
[ 0.3728022   0.34258242  0.36895604  0.35989011  0.3543956   0.3206044
  0.37032967  0.37115385  0.26840659  0.28021978]
0.340934065934
lda: 
[ 0.45906593  0.46346154  0.4760989   0.44230769  0.46758242  0.46236264
  0.46346154  0.46428571  0.44807692  0.46098901]
0.460769230769
lr_ovr: 
[ 0.48379121  0.49917582  0.49203297  0.475       0.48791209  0.47664835
  0.49038462  0.48406593  0.48681319  0.49450549]
0.487032967033
lr_mul: 
[ 0.50082418  0.50769231  0.50494505  0.49065934  0.49945055  0.49642857
  0.50384615  0.48571429  0.4989011   0.50082418]
0.498928571429
