Starting read from Train file...
(9100, 75)
train.shape = (9100, 74)
train_labels.shape = (9100, 1)
(5460, 74) (3640, 74)

******************************************************
Decision Tree:

0.668406593407
[[203   5  10   8  53  23  13   4  10]
 [ 23 219  14  66   7   5   7   1  61]
 [ 13   7 141   7  14   1  57  10  35]
 [  5  61   3 505   5   1   4   1  59]
 [ 53   6  12   3 272  37  10   7   7]
 [ 26   2   1   0  36 219   0   0   1]
 [ 13   4  49   7  20   0 182  63  18]
 [  2   0   7   0   3   0  49 425   1]
 [  7  73  29  42  10   1  14   1 267]]

******************************************************
Gaussian Naive Bayes:

0.49010989011
[[165  40  11   4   6  95  20   0   4]
 [ 11 188   2  26  15  48   0   0  87]
 [  7  67  83  15   5  16  20   2  51]
 [ 39 135   1 349   4   9   5   0  96]
 [ 93  21  24   9 119 141  11   0   2]
 [ 42   4   2   0  17 222   0   0   0]
 [ 29  36  34  14  16  14 154  25  14]
 [ 15   3  16   0  59  12 113 293   1]
 [  4 131  14  61  10  27   1   0 211]]

******************************************************
KNN:
---------------------
KNN ==  5 :

0.698901098901
[[244   9  11   4  45  24   4   0   4]
 [ 12 248   3  65   5   3   1   0  40]
 [ 16  14 184   1   6   3  22   1  19]
 [  9  56   1 543   1   0   1   0  27]
 [ 97   8  17   2 237  48   8   0   3]
 [ 27   1   1   0  37 221   0   0   0]
 [ 23  16  77   2  13   0 156  36  13]
 [  4   0  19   0   5   0  42 442   0]
 [ 13 100  30  37   2   1   6   1 269]]
---------------------
KNN ==  9 :

0.690659340659
[[234  10  13   2  48  30   4   0   4]
 [  8 236   5  69   5   3   0   0  51]
 [  9  13 178   0   9   3  29   2  23]
 [ 16  48   2 538   0   0   0   0  34]
 [ 95   8  16   1 224  61  10   0   5]
 [ 24   0   3   0  29 231   0   0   0]
 [ 23  16  75   3  15   1 152  39  12]
 [  2   0  16   0   7   2  39 446   0]
 [ 10  96  32  34   5   2   4   1 275]]
---------------------
KNN ==  11 :

0.689835164835
[[235  15  12   1  48  28   3   0   3]
 [  8 230   7  70   8   2   0   0  52]
 [  8  15 172   0  10   5  28   1  27]
 [ 15  49   2 539   1   0   0   0  32]
 [ 93   9  16   3 227  59   8   0   5]
 [ 25   0   3   0  27 232   0   0   0]
 [ 25  20  73   3  17   1 153  35   9]
 [  1   0  20   0   9   1  37 444   0]
 [  8  89  34  36   6   2   4   1 279]]
---------------------
KNN ==  13 :

0.68543956044
[[238  13  15   2  44  28   3   0   2]
 [  7 228   6  76  10   2   0   0  48]
 [  7  16 173   0  11   4  32   0  23]
 [ 14  43   3 543   1   0   0   0  34]
 [ 99   7  19   3 215  64   8   0   5]
 [ 25   0   3   0  29 230   0   0   0]
 [ 22  22  71   6  17   1 150  39   8]
 [  1   0  18   0  10   1  37 445   0]
 [ 11  93  32  39   5   2   3   1 273]]

******************************************************
SVM:

0.882967032967

******************************************************
Perceptron:

0.20989010989
[[  0 194   0 151   0   0   0   0   0]
 [  0 144   0 233   0   0   0   0   0]
 [  0 119   0 141   0   0   0   0   6]
 [  0  19   0 619   0   0   0   0   0]
 [  0 291   0 129   0   0   0   0   0]
 [  0 273   0  14   0   0   0   0   0]
 [  0  77   0 258   0   0   0   0   1]
 [  0 234   0 272   0   0   0   1   5]
 [  0 123   0 336   0   0   0   0   0]]

******************************************************
LDA:

0.808791208791
[[272   9  15   0  25  22   2   0   0]
 [  7 318   2  11   4   0   1   0  34]
 [  3   8 216   0   1   2  27   0   9]
 [  8  30   6 571   0   0   2   0  21]
 [ 66   2  12   1 297  38   0   0   4]
 [ 22   0   0   0  18 247   0   0   0]
 [  1  18  74   1   8   0 212  17   5]
 [  0   0  11   0   2   0  41 458   0]
 [  4  54  21  18   0   0   9   0 353]]

******************************************************
Logistic Regression - ovr:

0.291483516484
[[  0  34   0  71 239   0   0   0   1]
 [  0  33   0 262  82   0   0   0   0]
 [  0  25   0 209  25   0   0   7   0]
 [  0   9   0 575  54   0   0   0   0]
 [  0  16   0  80 321   0   0   3   0]
 [  0   1   0   4 282   0   0   0   0]
 [  0  11   0 267  43   0   0  15   0]
 [  0   0   0 284  95   0   0 132   1]
 [  0  22   0 391  46   0   0   0   0]]

******************************************************
Logistic Regression - mul:

0.300824175824
[[  0  63   0  51 225   0   0   4   2]
 [  0  58   0 246  73   0   0   0   0]
 [  0  34   0 183  22   0   0  15  12]
 [  0  25   0 563  50   0   0   0   0]
 [  0  49   0  58 300   6   0   6   1]
 [  0   6   0   0 279   0   0   2   0]
 [  0  18   0 245  41   0   0  30   2]
 [  0   3   0 245  92   0   0 168   4]
 [  0  42   0 367  44   0   0   0   6]]
######################################################
(5460, 74) (3640, 74)

******************************************************
Decision Tree:

0.676923076923
[[206  14   7   7  62  24  10   2   8]
 [  9 237  10  45   7   2   5   0  77]
 [  9  22 169   6  14   3  61   4  45]
 [  8  49  10 504   5   0   7   0  54]
 [ 59  12  18   4 232  50  13   2   4]
 [ 19   3   0   1  36 236   2   0   1]
 [  8   6  58   6  10   0 186  41  19]
 [  0   1   9   0   4   0  36 402   0]
 [  8  71  26  39   8   0  16   0 292]]

******************************************************
Gaussian Naive Bayes:

0.509340659341
[[172  18  13   6  11  91  14   0   1]
 [  8 208  16  38  14  54   0   0  77]
 [ 14  51 123  26   5  26  28   4  30]
 [ 44 104   3 369   7  13   2   0  70]
 [ 86  22  20   8 110 120  12   0   0]
 [ 51   2   0   0  24 238   0   0   0]
 [ 29  25  63  20  12  15 149  20   3]
 [ 10   1  16   0  46  13 108 257   0]
 [  6 133  39  68   6  20   0   0 228]]

******************************************************
KNN:
---------------------
KNN ==  5 :

0.701648351648
[[237   3   9   2  61   9   4   0   1]
 [ 18 260   9  71   7   2   1   0  47]
 [ 17  14 201   1  13   5  44   2  10]
 [ 17  35   2 538   1   0   1   0  18]
 [ 93  11   9   3 216  40   1   0   5]
 [ 36   0   2   0  46 231   0   0   0]
 [ 26  13  68   3  15   0 178  26   7]
 [  2   0  11   0   3   1  34 400   0]
 [  9 102  24  59   4   1   8   0 293]]
---------------------
KNN ==  9 :

0.700549450549
[[246   6   6   0  54  10   3   0   1]
 [ 21 251   7  74   6   4   0   0  52]
 [ 16  12 193   1  20   5  40   3  17]
 [ 15  35   4 530   3   0   0   0  25]
 [ 90   7  11   2 210  45   4   0   9]
 [ 31   0   1   0  44 239   0   0   0]
 [ 29  13  69   5  10   0 173  31   6]
 [  2   0  10   0   6   1  26 406   0]
 [  6  90  25  61   7   2   7   0 302]]
---------------------
KNN ==  11 :

0.698626373626
[[249   6   7   0  49  10   4   0   1]
 [ 20 242   7  79   5   4   0   0  58]
 [ 14   9 185   1  20   7  45   3  23]
 [ 18  30   2 534   3   0   0   0  25]
 [ 89  10  13   0 213  43   3   0   7]
 [ 34   0   2   0  42 237   0   0   0]
 [ 26  10  65   4  11   1 177  31  11]
 [  2   0   9   0   7   1  23 409   0]
 [  6  92  25  63   6   2   9   0 297]]
---------------------
KNN ==  13 :

0.691483516484
[[238   6   7   0  58  12   4   0   1]
 [ 17 243   6  77  11   4   0   0  57]
 [ 15  12 178   1  19   7  46   2  27]
 [ 17  29   2 533   5   0   0   0  26]
 [ 82  12  14   0 214  46   2   0   8]
 [ 34   0   1   0  42 238   0   0   0]
 [ 29  14  65   6  10   1 168  32  11]
 [  3   0  11   0   8   1  24 404   0]
 [  5  97  17  63   8   1   8   0 301]]

******************************************************
SVM:

0.884340659341

******************************************************
Perceptron:

0.393956043956
[[  0   0   0 169  77   0   0  30  50]
 [  0   0   0 150  32   0   0   2 231]
 [  0   0   0  45  10   0   0  17 235]
 [  0   0   0 549   7   0   0   0  56]
 [  0   0   0 116 156   0   0  51  55]
 [  0   0   0  22 180   1   0  98  14]
 [  0   0   0  99  13   0   0  59 165]
 [  0   0   0   2   7   0   0 335 107]
 [  0   0   0  92  11   0   0   4 393]]

******************************************************
LDA:

0.822802197802
[[281   5   2   0  14  20   3   0   1]
 [ 14 334   4  19   4   0   0   0  40]
 [  4   6 237   0   1   2  50   0   7]
 [ 14  25   9 546   0   0   2   0  16]
 [ 60   2  12   2 265  36   0   0   1]
 [ 28   0   0   0  14 273   0   0   0]
 [  4   9  54   1   6   0 245  14   3]
 [  0   0   7   0   1   0  27 416   0]
 [  6  55  15  17   0   0   9   0 398]]

******************************************************
Logistic Regression - ovr:

0.26978021978
[[  0   0   0  51 240   0   0  35   0]
 [  0   0   0 297  98   0   0  20   0]
 [  0   0   0 223  41   0   0  43   0]
 [  0   0   0 537  74   0   0   1   0]
 [  0   0   0  54 296   0   0  28   0]
 [  0   0   0   0 312   0   0   3   0]
 [  0   0   0 258  45   0   0  33   0]
 [  0   0   0 228  74   0   0 149   0]
 [  0   0   0 436  44   0   0  20   0]]

******************************************************
Logistic Regression - mul:

0.278021978022
[[  0   0   0  33 231   0   0  62   0]
 [  0  11   0 277  86   0   0  41   0]
 [  0   0   0 209  38   0   0  60   0]
 [  0   5   0 535  68   0   0   4   0]
 [  0   0   0  43 288   0   0  47   0]
 [  0   0   0   0 311   0   0   4   0]
 [  0   0   0 241  42   0   0  53   0]
 [  0   0   0 204  69   0   0 178   0]
 [  0   4   0 419  39   0   0  38   0]]
######################################################
(5460, 74) (3640, 74)

******************************************************
Decision Tree:

0.666483516484
[[198  15  11   8  75  17   7   3   1]
 [ 13 232  14  40  10   2  10   1  60]
 [  9  10 161   8  18   1  54   7  28]
 [ 11  50   5 494   4   0   5   1  54]
 [ 52  11  12   1 259  48  10   0   9]
 [ 20   3   5   0  44 211   1   0   0]
 [ 16   8  54  11  11   0 190  44  26]
 [  0   0   6   0   1   0  48 400   2]
 [ 13  81  36  54  11   0  24   0 281]]

******************************************************
Gaussian Naive Bayes:

0.498076923077
[[172  25  14   3  14  83  21   0   0]
 [ 16 216  12  31  18  54   1   0  62]
 [ 15  65 104  21   6  24  28   0  41]
 [ 44 104   2 377   5  10   3   0  71]
 [109  27  17   6 111 141  19   0   3]
 [ 48   2   3   0  25 201   0   0   0]
 [ 35  25  63  14  14  18 151  23   6]
 [  9   2  18   0  65  13  88 260   1]
 [  4 126  28  50   6  25   1   0 221]]

******************************************************
KNN:
---------------------
KNN ==  5 :

0.687087912088
[[243   7  10   1  43  19   6   0   3]
 [ 18 254   6  84   5   3   1   0  39]
 [ 23  12 198   1  11   3  37   1  18]
 [ 14  38   0 528   3   0   1   0  32]
 [110   7  12   5 240  53   1   0   5]
 [ 28   0   1   0  32 218   0   0   0]
 [ 25  20  75   4  17   0 156  42  10]
 [  1   1  11   0   7   1  29 406   0]
 [ 11  93  29  55   5   3   7   0 258]]
---------------------
KNN ==  9 :

0.687362637363
[[245   8  12   0  35  25   5   0   2]
 [ 17 249   3  90   6   4   0   0  41]
 [ 22  14 183   0  12   5  43   1  24]
 [ 22  35   1 524   0   0   1   0  33]
 [114   6  15   4 231  51   3   0   9]
 [ 29   0   2   0  28 220   0   0   0]
 [ 27  20  63   5  15   0 158  50  11]
 [  0   0  12   0   9   1  27 407   0]
 [ 10  89  21  44   3   4   5   0 285]]
---------------------
KNN ==  11 :

0.688186813187
[[243   6  14   0  35  26   5   0   3]
 [ 16 242   3  93   6   8   0   0  42]
 [ 17  15 179   0  13  10  45   1  24]
 [ 22  34   1 526   1   0   0   0  32]
 [111   7  14   4 233  54   2   0   8]
 [ 27   0   2   0  26 224   0   0   0]
 [ 25  20  60   4  17   0 161  52  10]
 [  0   0  10   0   9   1  23 413   0]
 [ 10  88  23  43   7   1   5   0 284]]
---------------------
KNN ==  13 :

0.677197802198
[[245   7  12   0  34  26   5   0   3]
 [ 18 229   4  95   6   9   0   0  49]
 [ 16  17 167   1  12  10  49   2  30]
 [ 25  36   2 524   0   0   0   0  29]
 [111   6  18   3 223  58   5   0   9]
 [ 27   0   2   0  31 219   0   0   0]
 [ 26  17  59   5  21   0 159  53   9]
 [  0   0   7   0  10   1  25 412   1]
 [ 10  85  22  45   6   3   3   0 287]]

******************************************************
SVM:

0.888461538462

******************************************************
Perceptron:

0.362087912088
[[135   0   0  89   0  47   0  61   0]
 [ 52   1   0 305   0  28   0  24   0]
 [  2   0   0 131   0  11   0 160   0]
 [ 22   0   0 593   0   1   0   0   0]
 [101   0   0  79   0 144   0 109   0]
 [ 83   0   0   0   0 150   0  46   0]
 [ 19   0   0 125   0   6   0 199   0]
 [  2   0   0   6   0   9   0 439   0]
 [ 25   1   0 383   0  11   0  41   0]]

******************************************************
LDA:

0.814835164835
[[277   3   7   0  20  20   3   0   2]
 [  9 324   6  24   2   0   0   0  45]
 [  3   6 248   0   1   1  37   0   8]
 [ 14  22   6 556   0   0   2   0  16]
 [ 71   2  13   1 300  43   1   0   2]
 [ 15   0   0   0  21 243   0   0   0]
 [  3  21  58   1   5   0 243  15   3]
 [  0   0  11   0   2   0  38 405   0]
 [  7  40  19  22   0   0   3   0 370]]

******************************************************
Logistic Regression - ovr:

0.288186813187
[[  0   0   0  70 232   0   0  30   0]
 [  0   8   0 299  92   0   0  11   0]
 [  0   0   0 214  31   0   0  59   0]
 [  0   0   0 555  61   0   0   0   0]
 [  0   0   0  67 328   0   0  38   0]
 [  0   0   0   2 272   0   0   5   0]
 [  0   0   0 270  51   0   0  28   0]
 [  0   0   0 208  90   0   0 158   0]
 [  0   6   0 400  44   0   0  11   0]]

******************************************************
Logistic Regression - mul:

0.301098901099
[[  1   8   0  48 221   0   0  54   0]
 [  0  35   0 273  87   0   0  15   0]
 [  0   1   0 202  31   0   0  69   1]
 [  1  13   0 544  57   0   0   1   0]
 [  2   5   0  51 321   0   0  54   0]
 [  0   0   0   0 271   0   0   8   0]
 [  0   2   0 257  48   0   0  42   0]
 [  0   0   0 172  90   0   0 194   0]
 [  0  21   0 383  39   0   0  17   1]]
######################################################
(5460, 74) (3640, 74)

******************************************************
Decision Tree:

0.662912087912
[[176  18  16   8  57  21   6   2   8]
 [ 13 210   7  53   9   5  13   0  67]
 [  5  13 147   4   8   1  53   3  29]
 [ 11  70   4 507   3   0   5   0  54]
 [ 63  14  10   2 259  50  11   1   9]
 [ 27   1   1   0  36 213   2   0   1]
 [ 14  13  62   3  14   2 187  47  17]
 [  2   0   6   0   1   0  35 413   2]
 [ 11  88  44  48  13   1   9   1 301]]

******************************************************
Gaussian Naive Bayes:

0.504395604396
[[161  22  20   4  13  86  16   0   0]
 [ 13 217  25  37  14  51   1   0  69]
 [ 12  58 119  23   6  26  17   3  33]
 [ 41 110   5 367  10  13   2   0  77]
 [ 94  22  16  10 112 132  12   0   2]
 [ 39   2   2   0  38 212   0   0   0]
 [ 27  22  53  23  12  12 145  24   3]
 [ 10   1  19   1  56   8  88 283   1]
 [  5 125  47  61   7  21   2   0 220]]

******************************************************
KNN:
---------------------
KNN ==  5 :

0.692582417582
[[233   7   9   0  45  19   4   0   5]
 [ 24 261   6  67   6   3   4   0  56]
 [ 18  12 195   1  17   5  28   1  20]
 [ 16  54   1 519   3   1   0   0  31]
 [ 83   5  11   6 240  47   5   1   2]
 [ 29   0   1   0  57 206   0   0   0]
 [ 25  16  59   6   9   1 163  34   8]
 [  0   1   7   0   2   0  35 422   0]
 [  9  98  35  52   5   1   6   0 282]]
---------------------
KNN ==  9 :

0.680494505495
[[230   7   6   2  48  22   2   0   5]
 [ 18 251  10  77   5   3   1   0  62]
 [ 16   9 186   0  19   6  33   4  24]
 [ 28  47   0 516   1   0   0   0  33]
 [ 97   6  11   6 206  57  12   1   4]
 [ 20   0   2   0  50 221   0   0   0]
 [ 19  17  61   8   8   2 158  39   9]
 [  2   1   6   0   2   0  30 426   0]
 [ 12 100  35  47   4   2   5   0 283]]
---------------------
KNN ==  11 :

0.679120879121
[[224   3   8   2  50  25   3   0   7]
 [ 18 255   8  80   9   5   1   0  51]
 [ 13  12 191   0  14   8  30   2  27]
 [ 32  36   0 520   0   0   0   0  37]
 [103   6  14   5 202  56  10   1   3]
 [ 22   0   2   0  52 217   0   0   0]
 [ 27  15  58   9  10   1 148  42  11]
 [  1   1   3   0   5   0  31 426   0]
 [ 10  98  35  46   3   2   5   0 289]]
---------------------
KNN ==  13 :

0.676648351648
[[224   6  11   0  46  25   3   0   7]
 [ 23 246   7  77   9   6   0   0  59]
 [ 11  11 189   0  19   8  30   3  26]
 [ 31  40   1 519   1   0   0   0  33]
 [ 96  10  15   5 203  56  11   0   4]
 [ 25   0   3   0  53 212   0   0   0]
 [ 25  16  55   9  10   1 150  45  10]
 [  3   1   5   0   4   0  30 424   0]
 [ 10  92  30  49   3   2   6   0 296]]

******************************************************
SVM:

0.873901098901

******************************************************
Perceptron:

0.358516483516
[[  0   0   0 111 183   0   0  28   0]
 [  0  12   0 329  81   0   0   5   0]
 [  0   1   0 153  31   0   0 112   0]
 [  0   0   0 592  33   0   0   0   0]
 [  0   0   0  85 278   0   0  37   0]
 [  0   0   0   3 281   0   0   9   0]
 [  0   0   0 164  30   0   0 127   0]
 [  0   0   0   8  36   0   0 423   0]
 [  0  17   0 406  40   0   0  25   0]]

******************************************************
LDA:

0.816758241758
[[259   8   7   0  24  22   2   0   0]
 [  8 345   8  20   4   0   2   0  40]
 [  5   6 243   0   0   0  36   0   7]
 [ 16  25   7 549   0   0   2   0  26]
 [ 58   1  11   1 295  32   0   0   2]
 [ 17   0   0   0  16 260   0   0   0]
 [  2  11  51   1   7   0 225  20   4]
 [  1   0   9   0   2   0  32 423   0]
 [  6  60  22  16   1   0   9   0 374]]

******************************************************
Logistic Regression - ovr:

0.282142857143
[[  0   0   0  57 231   0   0  34   0]
 [  0   0   0 311  98   0   0  18   0]
 [  0   0   0 213  39   0   0  45   0]
 [  0   0   0 551  71   0   0   3   0]
 [  0   0   0  55 310   0   0  35   0]
 [  0   0   0   1 285   0   0   7   0]
 [  0   0   0 250  36   0   0  35   0]
 [  0   0   0 221  80   0   0 166   0]
 [  0   0   0 414  52   0   0  22   0]]

******************************************************
Logistic Regression - mul:

0.295879120879
[[  0   0   0  42 226   0   0  54   0]
 [  0  18   0 288  90   0   0  31   0]
 [  0   0   0 198  34   0   0  65   0]
 [  0   6   0 549  66   0   0   4   0]
 [  0   0   0  47 305   0   0  48   0]
 [  0   0   0   0 285   0   0   8   0]
 [  0   0   0 232  33   0   0  56   0]
 [  0   0   0 186  76   0   0 205   0]
 [  0  12   0 398  43   0   0  35   0]]
######################################################
(5460, 74) (3640, 74)

******************************************************
Decision Tree:

0.671428571429
[[199  14  16  15  52  17  11   0   8]
 [ 13 247  12  49   6   0  11   0  82]
 [ 12   8 146   3  20   0  57   6  36]
 [  4  49   3 514   3   1  12   0  53]
 [ 54   9   9   3 259  51  11   2   3]
 [ 25   3   1   0  37 217   0   0   1]
 [ 11  12  60   8   7   0 183  60  17]
 [  1   0   4   0   6   0  45 407   1]
 [  6  61  31  56   7   1  17   3 272]]

******************************************************
Gaussian Naive Bayes:

0.489285714286
[[163  29  10  10   9  93   9   0   2]
 [ 12 207   2  30  21  64   0   0  67]
 [  9  68  88  27   6  18  15   3  48]
 [ 42 151   0 338   5  14   2   0  96]
 [101  19  13  10 123 116  13   0   2]
 [ 49   2   3   0  26 207   0   0   0]
 [ 32  24  56  30  10  11 147  22  15]
 [  3   1  20   1  56  19  86 290   2]
 [  9 133  16  63   9  24   1   0 218]]

******************************************************
KNN:
---------------------
KNN ==  5 :

0.691208791209
[[235   5  10   2  51  17   1   0   4]
 [ 24 241   9  64  14   2   1   0  48]
 [ 18   9 193   1   4   5  31   1  20]
 [ 23  46   2 547   2   1   1   0  26]
 [101   7  10   5 234  37   2   0   1]
 [ 32   0   2   0  47 206   0   0   0]
 [ 14  17  73   6  13   1 167  45  11]
 [  3   0  18   0   7   1  32 417   0]
 [ 11  94  32  46   3   1  10   0 276]]
---------------------
KNN ==  9 :

0.692307692308
[[234   9   8   1  46  21   3   0   3]
 [ 28 234   9  65  15   2   0   0  50]
 [ 12  11 191   1   8   7  29   1  22]
 [ 25  34   3 554   4   0   1   0  27]
 [105   7   9   5 224  44   1   0   2]
 [ 22   0   3   0  45 217   0   0   0]
 [ 16  18  76   6  12   0 170  41   8]
 [  2   0  16   0   7   2  31 420   0]
 [ 11  88  35  48   6   2   7   0 276]]
---------------------
KNN ==  11 :

0.68489010989
[[240   5   7   5  44  17   2   0   5]
 [ 25 225  10  68  13   4   0   0  58]
 [ 12   9 188   2   8   8  30   1  24]
 [ 24  37   2 548   5   0   0   0  32]
 [101   5  10   3 224  49   1   0   4]
 [ 25   0   4   0  46 212   0   0   0]
 [ 18  20  70   7  14   0 168  42   8]
 [  2   0  19   0   9   2  27 419   0]
 [ 11  93  34  49   7   1   9   0 269]]
---------------------
KNN ==  13 :

0.685714285714
[[242   6   8   2  42  19   2   0   4]
 [ 20 230  11  66  15   5   0   0  56]
 [  8   9 191   2  10   7  31   1  23]
 [ 28  42   2 537   3   1   0   0  35]
 [101   6  12   4 226  43   2   0   3]
 [ 26   0   4   0  49 208   0   0   0]
 [ 20  18  69   6  14   0 167  45   8]
 [  1   0  16   0   8   3  22 428   0]
 [ 10  93  33  53   8   2   7   0 267]]

******************************************************
SVM:

0.881868131868

******************************************************
Perceptron:

0.307692307692
[[ 87   0   0 237   0   0   0   1   0]
 [ 41   0   0 362   0   0   0   0   0]
 [ 16   0   0 244   0   0   0  22   0]
 [  6   0   0 642   0   0   0   0   0]
 [187   0   0 206   0   0   0   4   0]
 [248   0   0  33   0   0   0   6   0]
 [ 16   0   0 297   0   0   0  34   0]
 [ 38   0   0  49   0   0   0 391   0]
 [ 19   0   0 454   0   0   0   0   0]]

******************************************************
LDA:

0.809065934066
[[268   9   6   0  23  17   2   0   0]
 [ 16 323   6  14   3   0   0   0  41]
 [  5   5 232   0   0   0  35   0   5]
 [ 22  36   9 561   0   0   1   0  19]
 [ 59   2   9   2 293  30   0   0   2]
 [ 28   0   0   0  14 245   0   0   0]
 [  4  19  59   0   2   0 239  22   2]
 [  0   0  10   0   1   0  38 429   0]
 [  2  63  17  24   3   0   9   0 355]]

******************************************************
Logistic Regression - ovr:

0.293681318681
[[  0   0   0  47 243   0   0  35   0]
 [  0   9   0 254 121   0   0  19   0]
 [  0   0   0 211  31   0   0  40   0]
 [  0   2   0 572  72   0   0   2   0]
 [  0   0   0  45 319   0   0  33   0]
 [  0   0   0   1 281   0   0   5   0]
 [  0   0   0 278  40   0   0  29   0]
 [  0   0   0 223  87   0   0 168   0]
 [  0   4   0 392  58   0   0  18   1]]

******************************************************
Logistic Regression - mul:

0.30521978022
[[  0   1   0  31 235   0   0  58   0]
 [  0  42   0 235 105   0   0  20   1]
 [  0   1   0 193  27   0   0  53   8]
 [  0  24   0 558  64   0   0   2   0]
 [  0   1   0  40 308   0   0  48   0]
 [  0   0   0   0 281   0   0   6   0]
 [  0   0   0 264  39   0   0  43   1]
 [  0   0   0 192  85   0   0 200   1]
 [  0  25   0 368  50   0   0  27   3]]
######################################################
(5460, 74) (3640, 74)

******************************************************
Decision Tree:

0.689835164835
[[201  23   8   6  51  15   6   0   8]
 [ 19 250  12  50   6   3   5   0  59]
 [ 15   6 155   5  14   0  50  12  41]
 [  4  47   3 496   0   0   4   0  47]
 [ 48  10  14   3 268  38   7   3   5]
 [ 24   5   2   0  27 221   1   1   0]
 [ 19  14  45  10  13   9 201  50  12]
 [  5   1   5   1   6   0  50 430   2]
 [  7  61  33  59   4   0  16   0 289]]

******************************************************
Gaussian Naive Bayes:

0.507967032967
[[168  25  17   5  13 101  12   0   1]
 [  9 209  12  31  13  58   0   0  85]
 [  9  44 102  26   6  21  17   1  51]
 [ 29 134   4 353   6   9   1   0  94]
 [ 95  17  22   5 116 124   8   0   2]
 [ 38   2   4   0  19 223   0   0   0]
 [ 27  23  49  18  10  15 151  30  17]
 [  8   1  17   0  53  13 107 295   2]
 [  9 110  25  47   6  32   2   0 232]]

******************************************************
KNN:
---------------------
KNN ==  5 :

0.7
[[235   9  16   4  52  21   2   0   3]
 [ 20 255  11  63   7   2   2   0  57]
 [ 12   9 191   0   8   6  28   1  22]
 [ 10  49   1 546   2   0   0   0  22]
 [ 88   5  13   5 221  43   9   1   4]
 [ 21   0   3   0  40 222   0   0   0]
 [ 26   8  76   7   9   0 163  37  14]
 [  2   0  18   0   6   2  26 442   0]
 [ 15  89  29  45   6   2   4   0 273]]
---------------------
KNN ==  9 :

0.687362637363
[[227   7  19   1  55  28   2   0   3]
 [ 21 240  13  69   9   3   1   0  61]
 [ 12   9 176   1  13   7  33   0  26]
 [ 15  38   1 548   2   0   0   0  26]
 [103   7  16   3 212  39   7   0   2]
 [ 15   0   4   0  48 219   0   0   0]
 [ 18   8  72   5  17   1 163  46  10]
 [  2   0  16   0   8   2  24 444   0]
 [ 11  97  31  37   7   3   4   0 273]]
---------------------
KNN ==  11 :

0.689285714286
[[230   5  18   1  54  29   2   0   3]
 [ 21 244  14  68   8   3   3   0  56]
 [  8  11 177   1  13   7  34   1  25]
 [ 14  39   0 544   5   0   0   0  28]
 [ 98   7  20   3 213  39   5   0   4]
 [ 17   0   4   0  40 225   0   0   0]
 [ 20   9  73   3  18   0 156  50  11]
 [  3   0  16   0   8   1  23 445   0]
 [ 10  92  28  40   9   4   5   0 275]]
---------------------
KNN ==  13 :

0.692857142857
[[232   5  21   2  48  29   1   0   4]
 [ 21 244  13  66   7   8   2   0  56]
 [  8   9 175   1  15   6  36   1  26]
 [ 13  36   0 547   6   0   0   0  28]
 [ 93   7  18   4 216  40   6   0   5]
 [ 15   0   4   0  40 227   0   0   0]
 [ 18  10  68   4  18   0 167  43  12]
 [  3   0  16   0   6   2  28 441   0]
 [ 12  97  25  39   8   4   5   0 273]]

******************************************************
SVM:

0.885164835165

******************************************************
Perceptron:

0.337912087912
[[ 29   0   0 189   0  22   0 102   0]
 [  8   0   0 347   0   7   0  55   0]
 [  0   0   0  59   0   5   0 213   0]
 [  0   0   0 630   0   0   0   0   0]
 [ 20   0   0 110   0 102   0 157   0]
 [ 47   0   0  12   0  77   0 150   0]
 [  2   0   0  87   0   0   1 250   0]
 [  2   0   0   0   0   1   0 493   0]
 [  7   0   0 372   0   5   0  79   0]]

******************************************************
LDA:

0.821153846154
[[273   6  11   0  29  20   2   0   1]
 [ 11 341   4  12   6   0   1   0  42]
 [  3   7 232   0   0   0  29   0   6]
 [ 11  23   5 566   0   0   4   0  21]
 [ 64   2   7   1 274  39   0   0   2]
 [ 18   0   0   0  19 249   0   0   0]
 [  3   9  68   1   6   0 233  17   3]
 [  0   0   6   0   3   0  39 447   1]
 [  5  46  15  14   3   0   6   0 374]]

******************************************************
Logistic Regression - ovr:

0.283791208791
[[  0   0   0  66 262   0   0  14   0]
 [  0   1   0 306 106   0   0   4   0]
 [  0   0   0 219  32   0   0  26   0]
 [  0   0   0 574  56   0   0   0   0]
 [  0   0   0  52 320   0   0  17   0]
 [  0   0   0   4 279   0   0   3   0]
 [  0   0   0 274  46   0   0  20   0]
 [  0   0   0 274  84   0   0 138   0]
 [  0   1   0 394  65   0   0   3   0]]

******************************************************
Logistic Regression - mul:

0.299725274725
[[  0   0   0  49 256   0   0  37   0]
 [  0  25   0 286  96   0   0  10   0]
 [  0   1   0 201  28   0   0  43   4]
 [  0   6   0 571  52   0   0   1   0]
 [  0   0   0  39 309   1   0  40   0]
 [  0   0   0   0 279   0   0   7   0]
 [  0   0   0 261  42   0   0  37   0]
 [  0   0   0 228  82   0   0 185   1]
 [  0   8   0 383  60   0   0  11   1]]
######################################################
(5460, 74) (3640, 74)

******************************************************
Decision Tree:

0.674725274725
[[207   9  18  10  46  22  14   0   7]
 [ 12 226  11  52   4   1  10   0  75]
 [  5  10 147   8  13   1  47   6  26]
 [ 10  40   6 516   9   0  12   0  48]
 [ 48  10  11   3 268  63  13  10   7]
 [ 16   3   1   0  47 187   1   0   1]
 [ 10  11  47   5   5   0 190  61  13]
 [  0   2  10   0   2   0  44 415   1]
 [  6  90  31  57   7   1  14   1 300]]

******************************************************
Gaussian Naive Bayes:

0.499725274725
[[159  22  17   8   8  84  14   0   2]
 [ 18 213  12  28  14  47   0   0  69]
 [ 14  51 112  20  13  21  19   3  29]
 [ 43 139   4 362   6   6   3   0  88]
 [ 95  14  17   9 117 133  13   0   3]
 [ 45   3   1   0  18 208   0   0   0]
 [ 37  26  49  23  12  14 150  27   7]
 [ 13   1  19   1  58  12 110 278   1]
 [  8 134  36  50   9  20   1   0 220]]

******************************************************
KNN:
---------------------
KNN ==  5 :

0.696703296703
[[231  10   6   3  40  20   2   0   2]
 [ 13 259  10  62  10   1   3   0  43]
 [ 16  12 186   1  14   4  27   3  19]
 [ 19  44   2 555   2   0   0   0  29]
 [ 92   5  15   2 227  49   6   0   5]
 [ 37   0   4   0  31 203   0   0   0]
 [ 32  13  70   5  16   0 164  34  11]
 [  2   0  15   0   4   0  30 442   0]
 [ 16 108  33  43   1   1   6   1 269]]
---------------------
KNN ==  9 :

0.686813186813
[[234  10   6   4  38  17   3   0   2]
 [ 17 253   9  62   9   2   0   0  49]
 [ 19  12 180   0  13   6  36   1  15]
 [ 20  37   3 559   1   0   0   0  31]
 [ 94   7  16   0 208  63   5   0   8]
 [ 24   0   3   0  38 210   0   0   0]
 [ 31  11  69   7  17   1 156  44   9]
 [  2   0  13   0   7   0  32 439   0]
 [ 13 114  37  45   5   1   2   0 261]]
---------------------
KNN ==  11 :

0.688461538462
[[232   8   8   2  44  15   3   0   2]
 [ 17 254   9  60  12   2   0   0  47]
 [ 15  14 175   0  16   5  39   2  16]
 [ 22  42   2 557   1   0   0   0  27]
 [100   6  14   1 211  58   5   0   6]
 [ 27   0   3   0  34 211   0   0   0]
 [ 31  13  63   8  18   0 156  45  11]
 [  1   0  10   0   9   1  34 438   0]
 [ 10 107  30  47   7   2   3   0 272]]
---------------------
KNN ==  13 :

0.682417582418
[[229   7   6   1  49  16   3   0   3]
 [ 16 253   9  57  11   4   0   0  51]
 [ 17  11 169   0  16   7  38   3  21]
 [ 21  41   2 556   1   0   0   0  30]
 [105   7  17   3 200  60   3   0   6]
 [ 25   0   3   0  35 212   0   0   0]
 [ 31  15  65   7  16   1 151  49  10]
 [  2   0  10   0   8   1  29 443   0]
 [ 11 105  33  48   6   2   2   0 271]]

******************************************************
SVM:

0.886263736264

******************************************************
Perceptron:

0.350824175824
[[156   0   0 106   0   0   0  52   0]
 [ 67   0   0 319   0   0   0  15   0]
 [ 11   0   0 124   0   0   0 146   1]
 [ 14   0   0 637   0   0   0   0   0]
 [233   0   0  74   0   0   0  94   0]
 [204   0   0   2   0   0   0  69   0]
 [ 21   0   0 137   0   0   0 187   0]
 [  5   0   0   4   0   0   0 484   0]
 [ 30   0   0 410   0   0   0  38   0]]

******************************************************
LDA:

0.808791208791
[[265   2   6   0  21  17   2   0   1]
 [ 15 322   3  17   6   0   0   0  38]
 [  8   6 219   0   1   2  36   0  10]
 [ 14  34   6 573   1   0   4   0  19]
 [ 68   2   8   2 275  44   0   0   2]
 [ 22   0   0   0  21 232   0   0   0]
 [  1  11  73   2   4   0 241  12   1]
 [  0   0   7   0   0   0  46 440   0]
 [  3  55  15  20   0   0   8   0 377]]

******************************************************
Logistic Regression - ovr:

0.298901098901
[[  0   0   0  62 235   0   0  16   1]
 [  0  13   0 279 103   0   0   6   0]
 [  0   0   0 206  44   0   0  32   0]
 [  0   1   0 587  62   0   0   1   0]
 [  0   0   0  51 331   0   0  19   0]
 [  0   0   0   1 269   0   0   5   0]
 [  0   0   0 264  54   0   0  27   0]
 [  0   0   0 241  95   0   0 157   0]
 [  0  10   0 412  47   0   0   9   0]]

******************************************************
Logistic Regression - mul:

0.311263736264
[[  0  17   0  45 225   0   0  27   0]
 [  0  53   0 250  87   0   0  11   0]
 [  0   9   0 180  41   0   0  45   7]
 [  0  17   0 576  58   0   0   0   0]
 [  0  14   0  44 307  14   0  21   1]
 [  0   1   0   0 268   0   0   6   0]
 [  0   4   0 245  50   0   0  46   0]
 [  0   0   0 208  89   0   0 196   0]
 [  0  26   0 390  42   0   0  19   1]]
######################################################
(5460, 74) (3640, 74)

******************************************************
Decision Tree:

0.674175824176
[[207  10  11  12  48  30  10   0   7]
 [  9 243  10  61   8   1  23   1  69]
 [ 12   6 149   3  12   2  44   9  31]
 [  9  55   6 511   5   0  12   0  56]
 [ 62  14   7   1 243  45  12   2  10]
 [ 11   3   1   0  48 213   0   0   0]
 [ 17  11  45   7  12   0 188  40  12]
 [  1   0   7   0   1   0  42 411   0]
 [  3  65  43  62  11   1  17   1 289]]

******************************************************
Gaussian Naive Bayes:

0.492307692308
[[171  15  14   5  14  96  16   0   0]
 [ 14 197  27  26  22  41   0   0  80]
 [  8  54  97  25   8  22  20   3  42]
 [ 43 148   5 357   9   7   0   0  88]
 [ 85   7  17   9 113 142  10   0   5]
 [ 38   1   1   0  32 220   0   0   0]
 [ 33  23  55  20  14  15 155  24   9]
 [ 11   0  13   0  64  12  93 269   2]
 [  4 137  39  49   8  22   2   0 213]]

******************************************************
KNN:
---------------------
KNN ==  5 :

0.692582417582
[[234   5  10   3  54  20   4   0   1]
 [  8 260   8  64   5   4   3   0  55]
 [ 18  15 192   0   9   5  24   1  15]
 [ 14  65   2 542   0   0   2   0  32]
 [ 87  10   9   4 220  49   1   0   8]
 [ 26   0   3   0  52 211   0   0   0]
 [ 14  17  80   3  13   2 163  45  11]
 [  2   0  18   0   5   0  24 415   0]
 [ 12  99  21  44   4   2   8   0 284]]
---------------------
KNN ==  9 :

0.693956043956
[[218   6  10   6  66  22   2   0   1]
 [ 10 265   4  59   4   6   0   0  59]
 [ 13  13 181   1  10   7  32   3  19]
 [ 18  55   3 551   0   0   0   0  30]
 [ 90   4  10   4 219  51   3   0   7]
 [ 25   0   1   0  44 222   0   0   0]
 [ 25  14  75   3  14   1 161  45  10]
 [  3   0  16   0   6   0  26 413   0]
 [ 13  95  25  37   3   2   3   0 296]]
---------------------
KNN ==  11 :

0.69010989011
[[221   5  10   6  67  18   3   0   1]
 [  9 257   6  65   3   6   0   0  61]
 [ 15  14 176   0  11   5  37   2  19]
 [ 16  50   2 557   1   0   0   0  31]
 [ 86   3  12   3 215  58   3   0   8]
 [ 22   0   0   0  43 227   0   0   0]
 [ 24  18  69   3  13   0 163  46  12]
 [  3   0  16   0   6   0  28 411   0]
 [ 12  98  29  39   4   3   4   0 285]]
---------------------
KNN ==  13 :

0.676923076923
[[217   4  12   4  71  20   3   0   0]
 [  9 255   9  67   5   5   0   0  57]
 [ 17  12 173   2   9   6  36   2  22]
 [ 23  46   2 547   0   0   0   0  39]
 [ 91   5  15   6 202  61   1   0   7]
 [ 26   0   0   0  39 227   0   0   0]
 [ 22  19  70   6  14   0 157  48  12]
 [  4   0  17   0   5   1  24 413   0]
 [ 11 104  31  44   4   4   3   0 273]]

******************************************************
SVM:

0.892307692308

******************************************************
Perceptron:

0.353021978022
[[  0   0   0  40 290   0   0   1   0]
 [  0   1   0 265 141   0   0   0   0]
 [  0   0   0 150  77   0   0  52   0]
 [  0   0   0 587  70   0   0   0   0]
 [  0   0   0  39 344   0   0   5   0]
 [  0   0   0   0 292   0   0   0   0]
 [  0   1   0 152  84   0   0 111   0]
 [  0   0   0   7 104   0   0 353   0]
 [  0  11   0 352 106   0   0   5   0]]

******************************************************
LDA:

0.810714285714
[[268   4   8   0  31  18   2   0   0]
 [  9 325   4  20   3   0   0   0  46]
 [  4   6 222   0   1   1  39   0   6]
 [ 14  40   7 563   1   0   2   0  30]
 [ 50   1   8   2 292  30   0   0   5]
 [ 22   0   0   0  19 251   0   0   0]
 [  5  16  62   0   7   0 240  17   1]
 [  0   0   6   0   1   0  40 417   0]
 [  7  50  16  19   0   0   9   0 373]]

******************************************************
Logistic Regression - ovr:

0.297527472527
[[  0   0   0  39 257   0   0  35   0]
 [  0   6   0 287  95   0   0  19   0]
 [  0   0   0 196  34   0   0  49   0]
 [  0   2   0 582  71   0   0   2   0]
 [  0   0   0  45 321   0   0  22   0]
 [  0   0   0   0 287   0   0   5   0]
 [  0   0   0 260  49   0   0  39   0]
 [  0   0   0 194  96   0   0 174   0]
 [  0   4   0 383  59   0   0  28   0]]

******************************************************
Logistic Regression - mul:

0.308241758242
[[  0   6   0  27 243   0   0  55   0]
 [  0  34   0 263  85   0   0  25   0]
 [  0   3   0 182  31   0   0  59   4]
 [  0  19   0 569  68   0   0   1   0]
 [  0   2   0  37 313   0   0  36   0]
 [  0   0   0   0 287   0   0   5   0]
 [  0   2   0 234  47   0   0  64   1]
 [  0   0   0 164  93   0   0 205   2]
 [  0  28   0 357  51   0   0  37   1]]
######################################################
(5460, 74) (3640, 74)

******************************************************
Decision Tree:

0.666208791209
[[212   5   8   8  78  33  10   1   3]
 [ 12 235  14  68   3   2   8   0  79]
 [  7  11 151   6  13   1  54   9  30]
 [  5  53   6 504   2   0   7   0  52]
 [ 54  12  13   1 268  29   7   9  13]
 [ 16   4   0   0  38 188   1   0   1]
 [  8   7  58  12   8   0 173  47  16]
 [  5   0  10   0   8   1  40 389   2]
 [ 11  76  41  55   8   3  11   2 305]]

******************************************************
Gaussian Naive Bayes:

0.494230769231
[[173  12  12   4  11 102  15   0   1]
 [ 11 190  21  45  20  43   0   0  73]
 [  8  63 125  26  11  24  13   3  28]
 [ 47 136   4 377   8  11   3   0  68]
 [110  19  22   5 107 146  16   0   1]
 [ 44   2   3   0  15 193   0   0   0]
 [ 26  22  57  24   9  14 131  26   2]
 [  4   2  23   1  59  10  82 275   1]
 [  8 125  34  78  12  16   0   0 228]]

******************************************************
KNN:
---------------------
KNN ==  5 :

0.691758241758
[[249   7   6   1  40  25   2   0   0]
 [ 16 247   5  83   3   4   1   0  44]
 [ 30  11 197   2  10   2  37   0  12]
 [ 26  46   0 568   1   0   0   0  13]
 [120   8  13   4 217  58   5   0   1]
 [ 28   1   0   0  28 200   0   0   0]
 [ 22  12  68   5  13   0 153  32   6]
 [  3   0  11   0   5   1  35 402   0]
 [ 11 104  34  55   7   1   4   0 285]]
---------------------
KNN ==  9 :

0.69478021978
[[247   6   6   0  42  27   2   0   0]
 [  7 260   2  81   5   4   1   0  43]
 [ 25  14 196   1  14   5  33   0  13]
 [ 26  43   0 560   1   0   0   0  24]
 [117  10  12   4 208  67   4   0   4]
 [ 27   1   0   0  21 208   0   0   0]
 [ 19  11  59   7   9   4 161  38   3]
 [  3   0  13   0   7   3  36 395   0]
 [ 10  98  33  58   5   1   2   0 294]]
---------------------
KNN ==  11 :

0.685989010989
[[237   6   7   0  44  34   2   0   0]
 [  9 254   5  85   5   4   0   0  41]
 [ 18  13 189   0  18   7  40   0  16]
 [ 32  40   0 558   1   0   0   0  23]
 [111   7  15   7 211  68   3   0   4]
 [ 24   1   1   0  27 204   0   0   0]
 [ 19  12  61   7   8   4 160  35   5]
 [  3   0  12   0   9   3  37 393   0]
 [  6  95  34  61   9   1   4   0 291]]
---------------------
KNN ==  13 :

0.678571428571
[[233   5   7   0  44  38   2   0   1]
 [  8 250   5  82   5   6   0   0  47]
 [ 17  13 181   1  21   8  38   3  19]
 [ 32  37   1 555   3   0   0   0  26]
 [108   6  14   5 211  74   4   0   4]
 [ 30   0   2   0  24 201   0   0   0]
 [ 17  14  48   8  10   4 163  38   9]
 [  2   0  15   0  11   1  37 390   1]
 [  8 100  32  60  10   1   4   0 286]]

******************************************************
SVM:

0.889010989011

******************************************************
Perceptron:

0.321153846154
[[  0   0   0   5 325   0   0   0   0]
 [  0   0   0 169 220   0   0   0  14]
 [  0   0   0  85 152   0   0   0  64]
 [  0   0   0 521 130   0   0   0   3]
 [  0   0   0  15 411   0   0   0   0]
 [  0   0   0   0 257   0   0   0   0]
 [  0   0   0 118 164   0   0  10  19]
 [  0   0   0  30 287   0   0 133   7]
 [  0   0   0 226 171   0   0   0 104]]

******************************************************
LDA:

0.820054945055
[[283   5   7   0  17  16   1   0   1]
 [  8 334   3  17   3   0   0   0  38]
 [  3   5 242   0   1   1  45   0   4]
 [ 12  27   8 579   0   0   5   0  23]
 [ 62   3   8   1 309  41   2   0   0]
 [ 28   0   0   0  13 216   0   0   0]
 [  3   9  44   1   7   0 228  16   3]
 [  1   0   8   0   3   0  34 411   0]
 [  5  61  13  27   2   0  10   0 383]]

******************************************************
Logistic Regression - ovr:

0.30521978022
[[  0   0   0  37 250   0   0  43   0]
 [  0  20   0 282  84   0   0  17   0]
 [  0   0   0 199  38   0   0  64   0]
 [  0   4   0 578  70   0   0   2   0]
 [  0   0   0  50 325   0   0  51   0]
 [  0   0   0   1 249   0   0   7   0]
 [  0   0   0 236  37   0   0  38   0]
 [  0   0   0 195  74   0   0 188   0]
 [  0   9   0 419  45   0   0  28   0]]

******************************************************
Logistic Regression - mul:

0.302747252747
[[  0   8   0  28 245   0   0  49   0]
 [  0  41   0 257  79   1   0  25   0]
 [  0   6   0 189  34   0   0  72   0]
 [  0  23   0 566  62   0   0   3   0]
 [  0   8   0  41 277  40   0  60   0]
 [  0   2   0   0 240   6   0   9   0]
 [  0   1   0 219  35   0   0  56   0]
 [  0   0   0 173  74   0   0 210   0]
 [  0  28   0 398  38   0   0  35   2]]
######################################################
(5460, 74) (3640, 74)

******************************************************
Decision Tree:

0.673626373626
[[204  13  13   9  70  21  15   1   6]
 [ 12 233  17  57   6   0  11   1  80]
 [ 13   5 152   8  10   2  55   6  41]
 [  8  69   4 502   3   0   9   0  45]
 [ 58   6  11   0 255  38   4   2   5]
 [ 20   1   1   0  45 211   1   0   1]
 [ 15   5  66   7  14   0 203  42  15]
 [  1   0  13   0   3   0  40 421   2]
 [  5  62  34  40   5   0  15   1 271]]

******************************************************
Gaussian Naive Bayes:

0.487912087912
[[168  19  18   6  17  89  18   0   1]
 [ 16 186  25  28  21  42   1   0  75]
 [ 14  54 106  33   5  28  23   4  44]
 [ 40 124   4 356   6  14   2   0  77]
 [121  14  21   8  95 139  12   0   1]
 [ 43   1   2   0  20 205   1   0   0]
 [ 37  18  53  17  12  14 166  29   7]
 [ 14   1  11   0  58  13  93 283   1]
 [  6 122  38  59   6  22   2   0 211]]

******************************************************
KNN:
---------------------
KNN ==  5 :

0.697527472527
[[247   7   5   1  51  19   4   0   2]
 [ 19 264   7  50   6   2   2   0  44]
 [ 23  12 201   1  11   2  43   3  15]
 [ 21  42   0 528   1   0   0   0  31]
 [107   8  11   5 222  49   6   1   2]
 [ 24   0   3   0  33 212   0   0   0]
 [ 20  15  69   5  16   0 182  39   7]
 [  0   0   9   0   7   1  30 427   0]
 [  8 101  31  55   5   3   7   0 256]]
---------------------
KNN ==  9 :

0.693956043956
[[238   8   9   2  50  23   4   0   2]
 [ 16 265   7  50   6   5   0   0  45]
 [ 22  14 192   2  15   4  46   2  14]
 [ 23  43   0 528   1   0   0   0  28]
 [102   9  13   2 209  65   8   0   3]
 [ 17   1   2   0  27 225   0   0   0]
 [ 21  17  62   4  15   1 183  39  11]
 [  1   0  10   0   4   2  29 428   0]
 [  8  99  29  57   5   3   7   0 258]]
---------------------
KNN ==  11 :

0.68956043956
[[235   8   8   2  55  22   4   0   2]
 [ 15 258   6  54   6   5   0   0  50]
 [ 18  13 192   1  13   6  48   3  17]
 [ 22  45   0 531   2   0   0   0  23]
 [ 99   9  15   3 201  71   9   0   4]
 [ 20   0   2   0  28 222   0   0   0]
 [ 20  17  63   4  16   2 178  40  13]
 [  1   0   8   0  10   3  23 429   0]
 [  7 101  27  54   5   3   5   0 264]]
---------------------
KNN ==  13 :

0.687362637363
[[230   6   7   0  59  26   7   0   1]
 [ 17 256   8  55   4   6   0   0  48]
 [ 16  12 196   0  12   7  46   1  21]
 [ 23  40   0 530   2   0   0   0  28]
 [107   8  18   4 194  70   8   0   2]
 [ 21   0   2   0  25 224   0   0   0]
 [ 22  12  64   6  18   2 178  39  12]
 [  1   0   7   0  11   2  26 427   0]
 [  9  96  27  53   6   4   4   0 267]]

******************************************************
SVM:

0.887362637363

******************************************************
Perceptron:

0.347802197802
[[152   0   0  42   0   0   0 142   0]
 [ 47  65   0 227   0   0   0  55   0]
 [  4   2   0  79   0   0   0 226   0]
 [ 37   6   0 578   0   0   0   2   0]
 [160   0   0  38   0   0   0 213   0]
 [134   0   0   0   0   0   0 138   0]
 [ 10   0   0  69   0   0   0 274   0]
 [  2   0   0   1   0   0   0 471   0]
 [ 16  70   0 287   0   0   0  93   0]]

******************************************************
LDA:

0.817032967033
[[278   0   7   0  23  25   3   0   0]
 [ 12 321   2  16   4   0   0   0  39]
 [  4  10 240   0   1   1  46   0   9]
 [ 11  30  11 549   0   0   3   0  19]
 [ 67   3   7   2 290  40   0   0   2]
 [ 21   0   0   0  10 241   0   0   0]
 [  3  14  52   4   5   0 250  23   2]
 [  0   0   3   0   0   0  25 446   0]
 [  4  50  18  25   1   0   9   0 359]]

******************************************************
Logistic Regression - ovr:

0.284065934066
[[  0   1   0  68 237   0   0  30   0]
 [  0  13   0 286  87   0   0   8   0]
 [  0   0   0 229  37   0   0  45   0]
 [  0   4   0 551  67   0   0   1   0]
 [  0   0   0  57 318   0   0  36   0]
 [  0   0   0   1 267   0   0   4   0]
 [  0   0   0 278  53   0   0  22   0]
 [  0   0   0 232  90   0   0 152   0]
 [  0  13   0 402  43   0   0   8   0]]

******************************************************
Logistic Regression - mul:

0.298351648352
[[  0  20   0  45 233   0   0  38   0]
 [  0  48   0 256  78   0   0  12   0]
 [  0   5   0 209  36   0   0  58   3]
 [  0  21   0 542  60   0   0   0   0]
 [  0  19   0  43 310   0   0  39   0]
 [  0   2   0   0 265   0   0   5   0]
 [  0   4   0 263  52   0   0  34   0]
 [  0   0   0 202  88   0   0 184   0]
 [  0  30   0 375  37   0   0  22   2]]
######################################################
######################################################
DT: 
[ 0.66840659  0.67692308  0.66648352  0.66291209  0.67142857  0.68983516
  0.67472527  0.67417582  0.66620879  0.67362637]
0.672472527473
gnb: 
[ 0.49010989  0.50934066  0.49807692  0.5043956   0.48928571  0.50796703
  0.49972527  0.49230769  0.49423077  0.48791209]
0.497335164835
knn: 
[ 0.6989011   0.69065934  0.68983516  0.68543956  0.70164835  0.70054945
  0.69862637  0.69148352  0.68708791  0.68736264  0.68818681  0.6771978
  0.69258242  0.68049451  0.67912088  0.67664835  0.69120879  0.69230769
  0.68489011  0.68571429  0.7         0.68736264  0.68928571  0.69285714
  0.6967033   0.68681319  0.68846154  0.68241758  0.69258242  0.69395604
  0.69010989  0.67692308  0.69175824  0.69478022  0.68598901  0.67857143
  0.69752747  0.69395604  0.68956044  0.68736264]
0.689423076923
9  =  0.690824175824
11  =  0.688406593407
5  =  0.695
13  =  0.683461538462
svm: 
[ 0.88296703  0.88434066  0.88846154  0.8739011   0.88186813  0.88516484
  0.88626374  0.89230769  0.88901099  0.88736264]
0.885164835165
per: 
[ 0.20989011  0.39395604  0.36208791  0.35851648  0.30769231  0.33791209
  0.35082418  0.35302198  0.32115385  0.3478022 ]
0.334285714286
lda: 
[ 0.80879121  0.8228022   0.81483516  0.81675824  0.80906593  0.82115385
  0.80879121  0.81071429  0.82005495  0.81703297]
0.815
lr_ovr: 
[ 0.29148352  0.26978022  0.28818681  0.28214286  0.29368132  0.28379121
  0.2989011   0.29752747  0.30521978  0.28406593]
0.289478021978
lr_mul: 
[ 0.30082418  0.27802198  0.3010989   0.29587912  0.30521978  0.29972527
  0.31126374  0.30824176  0.30274725  0.29835165]
0.300137362637
