DT: 
[ 0.725       0.72664835  0.74395604  0.73049451  0.7239011   0.74752747
  0.74175824  0.74423077  0.74395604  0.74148352]
gnb: 
[ 0.52197802  0.52747253  0.54587912  0.53543956  0.54038462  0.54175824
  0.54258242  0.53516484  0.5456044   0.53901099]
knn: 
[ 0.84065934  0.82747253  0.82005495  0.8206044   0.83681319  0.82115385
  0.81785714  0.81318681  0.82774725  0.82692308  0.81648352  0.81098901
  0.82362637  0.8206044   0.81565934  0.81483516  0.82692308  0.82005495
  0.82032967  0.81401099  0.83379121  0.83269231  0.83104396  0.82362637
  0.83434066  0.8293956   0.82527473  0.82087912  0.84203297  0.83406593
  0.83324176  0.82472527  0.83928571  0.84093407  0.83571429  0.83489011
  0.83571429  0.83296703  0.83351648  0.8282967 ]
svm: 
[ 0.91648352  0.91373626  0.91785714  0.92005495  0.91456044  0.91236264
  0.91868132  0.92554945  0.92472527  0.9217033 ]
per: 
[ 0.59368132  0.57142857  0.61016484  0.55274725  0.61510989  0.53379121
  0.5771978   0.6021978   0.6728022   0.61263736]
lda: 
[ 0.8978022   0.89587912  0.89697802  0.89120879  0.8967033   0.90357143
  0.90054945  0.90274725  0.90412088  0.89945055]
lr_ovr: 
[ 0.77582418  0.77362637  0.79505495  0.79175824  0.77967033  0.78351648
  0.78956044  0.7956044   0.79423077  0.80302198]
lr_mul: 
[ 0.79862637  0.79230769  0.80851648  0.80659341  0.79917582  0.80494505
  0.80247253  0.81263736  0.80851648  0.81263736]
