Starting read from Train file...
(9100, 65)
train.shape = (9100, 64)
train_labels.shape = (9100, 1)
(5460, 64) (3640, 64)

******************************************************
Decision Tree:

0.467307692308
[[ 74  57  24  28  39  39  33  17  30]
 [ 56 148  45   5  14  22  33  37  28]
 [ 32  47  74  19   7   7  51   2  50]
 [ 19   6  15 399  30   7  25   1 126]
 [ 44  10   3  17 224  63   8   3   9]
 [ 34  31   8   4  54 119   9   7   6]
 [ 23  35  50  35  10   7 102  18  54]
 [ 15  47   6   0   3   8  24 390   2]
 [ 42  51  54 118  26   7  38   5 171]]

******************************************************
Gaussian Naive Bayes:

0.389835164835
[[  9  56   0  73   1  72  56  24  48]
 [  1  97   1  28   0  64 120  83  38]
 [  0  59   4  40   0  36  91   8  41]
 [  8   4   2 516   3   2  18   0  72]
 [ 38  12   1 142  64  88  12   1  49]
 [ 34  33   0   8   3 157   9  11  24]
 [  2  46   2  73   0  16 135  14  35]
 [  0   6   0   3   0  31  79 360   1]
 [  6  30   5 246   0  22  85   5  77]]

******************************************************
KNN:
---------------------
KNN ==  5 :

0.483516483516
[[ 89  70  27  27  34  34  14  17  27]
 [ 71 182  52  10   6  15  25  39  32]
 [ 40  77  50  21   0   6  44   7  34]
 [ 33  17  19 455  13   2  14   0  72]
 [ 30  17   6  47 222  75   5   3   2]
 [ 49  21   7   4  49 134   6   7   2]
 [ 45  48  52  15   4   4 100  21  34]
 [ 16  26   1   0   3  11  24 399   0]
 [ 38  46  54 152   6   5  44   2 129]]
---------------------
KNN ==  9 :

0.512912087912
[[ 76  76  25  27  38  37  12  18  30]
 [ 50 195  48  12   7  11  23  46  40]
 [ 30  80  61  19   1   4  43   7  34]
 [ 32  11  12 477  12   0  12   0  69]
 [ 26  17   5  48 229  71   5   2   4]
 [ 27  28   3   6  47 154   3  10   1]
 [ 39  44  44  14   2   2 111  23  44]
 [  6  23   2   0   2  11  28 408   0]
 [ 28  40  58 141   6   3  41   3 156]]
---------------------
KNN ==  11 :

0.512912087912
[[ 63  75  27  28  37  43  12  18  36]
 [ 48 199  46  12   4  13  19  50  41]
 [ 31  79  61  16   0   3  48   5  36]
 [ 20  12  10 472  14   2  17   0  78]
 [ 23  25   2  47 230  69   5   2   4]
 [ 23  31   3   7  44 158   2  10   1]
 [ 36  39  51  11   6   3 111  24  42]
 [  5  23   3   0   3  10  23 413   0]
 [ 23  37  61 141   5   4  42   3 160]]
---------------------
KNN ==  13 :

0.515934065934
[[ 60  75  25  28  36  46  15  19  35]
 [ 47 205  38   9   4  12  19  52  46]
 [ 27  83  56  17   2   3  43   7  41]
 [ 20  10  11 476  13   1  15   0  79]
 [ 25  20   1  50 224  73   6   2   6]
 [ 19  31   1   7  44 160   2  11   4]
 [ 29  34  48  12   5   4 119  26  46]
 [  2  28   0   0   2   9  23 416   0]
 [ 23  43  50 145   6   3  41   3 162]]

******************************************************
SVM:

0.662912087912

******************************************************
Perceptron:

0.344230769231
[[  0   0   2 174  76   0   0  15  72]
 [  0   0   5 181  43   0   0  31 172]
 [  0   0   1 146  13   0   0   2 117]
 [  0   0   0 616   1   0   0   0   8]
 [  0   0   1 175 215   0   0   1  15]
 [  0   0   0  57 197   0   0   6  19]
 [  0   0   8 161  10   0   4  10 130]
 [  0   0  11   3  31   0   5 352  78]
 [  0   0   3 399   7   0   0   2  65]]

******************************************************
LDA:

0.632142857143
[[136  54   2   7  50  45   9   1  35]
 [ 37 264  21   3   2   5  21  40  39]
 [ 12  56  85  13   2   0  45   2  64]
 [  0   1   0 462  12   0  41   1 108]
 [ 54  10   1  28 280  28   0   0   6]
 [ 28   3   0   0  20 228   0   0   0]
 [  3  24  33   4  10   0 173  12  64]
 [  0  22   2   0   1   0  28 427   0]
 [  5  24  31 118   4   0  45   3 246]]

******************************************************
Logistic Regression - ovr:

0.388736263736
[[  0   7   0  74  74   0   0 129  55]
 [  0   7   0  53   2   0   0 250 120]
 [  0   5   0  42   7   0   0 121 104]
 [  0   0   0 574  11   0   0   8  32]
 [  0   3   0 120 230   3   0  46   5]
 [  0   3   0  25 126   5   0 103  17]
 [  0   3   0  41  14   0   0 143 122]
 [  0   0   0   1   9   0   0 468   2]
 [  0   2   0 274   5   0   0  64 131]]

******************************************************
Logistic Regression - mul:

0.416483516484
[[  3  23   0  60  64  15   0 106  68]
 [  1  44   0  24   2   2   0 223 136]
 [  1  22   0  26   6   2   0 105 117]
 [  0   2   0 545   9   0   0   6  63]
 [  3   5   0 110 223  17   0  40   9]
 [  3   6   0  21  91  56   0  84  18]
 [  1  18   0  26  13   2   0 129 134]
 [  2   1   0   0   4   7   0 463   3]
 [  0  21   0 214   6   0   0  53 182]]
######################################################
(5460, 64) (3640, 64)

******************************************************
Decision Tree:

0.468681318681
[[ 60  69  28  37  31  34  25  16  45]
 [ 45 143  52   9   8  23  45  29  24]
 [ 29  41  68  13   6   3  43   5  67]
 [ 28   4  26 438  31   4  21   1 115]
 [ 42  11   5  29 228  64   8   1  10]
 [ 38  22  11   4  52 117   4  12   8]
 [ 29  26  40  29   4   8  88  15  46]
 [ 15  53   3   2   6   5  41 396   6]
 [ 32  31  48 108  25   9  66   9 168]]

******************************************************
Gaussian Naive Bayes:

0.408516483516
[[  8  53   0  72   2  59  63  17  44]
 [  1 107   0  24   0  59 117  73  19]
 [  1  65   0  49   0  26  97   8  35]
 [ 10   4   1 561   4   2  20   0  67]
 [ 20  17   1 137  64  87   7   0  58]
 [ 31  31   0  10   4 148  13   8  22]
 [  5  53   0  75   0  17 154  15  22]
 [  0  14   0   3   0  30  62 375   0]
 [  3  39   5 238   0  24 106   4  70]]

******************************************************
KNN:
---------------------
KNN ==  5 :

0.487912087912
[[ 89  56  30  30  29  35  11  11  27]
 [ 93 163  59   9   3  10  13  33  17]
 [ 47  56  59  28   1   4  48   6  32]
 [ 42  17  11 479  24   1  14   0  81]
 [ 46  12   4  37 226  59   3   0   4]
 [ 45  21   4   4  49 132   2   5   5]
 [ 38  52  61  20   5   7 100  26  32]
 [ 20  26   2   0   2  13  10 411   0]
 [ 58  67  47 144   4   4  44   4 117]]
---------------------
KNN ==  9 :

0.513461538462
[[ 70  68  23  34  34  36  12  16  25]
 [ 65 188  49   9   3   9  13  41  23]
 [ 34  68  61  22   1   2  46   4  43]
 [ 29  13   9 508  18   2   7   0  83]
 [ 31  17   4  41 222  66   3   0   7]
 [ 36  27   2   5  39 145   2   6   5]
 [ 30  63  51  15   5  10 102  31  34]
 [  9  17   0   0   2   7  14 435   0]
 [ 35  70  49 137   6   4  48   2 138]]
---------------------
KNN ==  11 :

0.50989010989
[[ 60  65  24  31  36  40  14  20  28]
 [ 60 185  48   6   5   9  13  42  32]
 [ 30  76  58  23   1   3  45   6  39]
 [ 23  11  10 519  19   1  11   0  75]
 [ 32  17   3  42 224  65   1   1   6]
 [ 30  29   2   5  36 152   2   5   6]
 [ 25  68  56  18   6   7  92  30  39]
 [  5  21   1   0   2  10  13 432   0]
 [ 40  67  45 140   7   1  53   2 134]]
---------------------
KNN ==  13 :

0.511813186813
[[ 62  63  26  30  38  39  12  18  30]
 [ 62 191  47   7   2   8   7  46  30]
 [ 32  74  54  25   1   5  48   4  38]
 [ 23  10   9 515  21   1   9   0  81]
 [ 23  14   5  47 218  76   2   1   5]
 [ 27  31   3   5  36 152   1   8   4]
 [ 33  65  53  15   4   6  90  28  47]
 [  4  24   0   0   3  11  10 432   0]
 [ 32  59  47 139   7   0  53   3 149]]

******************************************************
SVM:

0.663461538462

******************************************************
Perceptron:

0.400549450549
[[  2   4  69 182  14  28   0  19   0]
 [  0  15 176 152   0  12   0  45   0]
 [  0   1 126 144   0   5   0   5   0]
 [  0   0   9 659   1   0   0   0   0]
 [  1   3  12 198 131  45   0   1   0]
 [  2   7  16  82  38 105   0  17   0]
 [  0   0 162 162   0   4   0  13   0]
 [  0   0  56   3   3   2   0 420   0]
 [  0   1  84 400   0   1   0   3   0]]

******************************************************
LDA:

0.631593406593
[[123  48   2  13  47  36   8   0  41]
 [ 36 258  18   1   3   5  18  32  29]
 [  8  61  76   7   1   0  51   3  74]
 [  1   0   1 503  17   0  41   0 106]
 [ 45   9   7  33 265  23   1   0   8]
 [ 44   2   0   0  18 203   0   0   0]
 [  6  28  34   8   7   0 187  14  57]
 [  2  19   1   0   2   0  24 436   0]
 [  2  40  43 101   4   0  48   3 248]]

******************************************************
Logistic Regression - ovr:

0.414835164835
[[  2  16   0  79  63   1   0 106  51]
 [  1  43   0  44   4   1   0 229  78]
 [  1   9   0  53   4   1   0 116  97]
 [  0   0   0 613  20   0   0   7  29]
 [  1   8   0 102 228   7   0  38   7]
 [  2  10   0  26 121   9   0  91   8]
 [  1   9   0  42  16   0   0 156 117]
 [  0   0   0   0  13   0   0 469   2]
 [  0  18   0 255   7   0   0  63 146]]

******************************************************
Logistic Regression - mul:

0.437087912088
[[ 14  32   0  64  57   6   0  86  59]
 [  2  77   0  21   4   2   0 199  95]
 [  5  41   0  31   4   1   0  94 105]
 [  0   2   0 587  16   0   0   6  58]
 [  3  12   0  95 220  15   0  33  13]
 [ 11  13   0  22  94  45   0  74   8]
 [  5  42   0  26  14   1   0 135 118]
 [  2   2   0   0   8  11   0 459   2]
 [  3  45   0 201   6   0   0  45 189]]
######################################################
(5460, 64) (3640, 64)

******************************************************
Decision Tree:

0.46978021978
[[ 71  50  28  35  45  34  29  18  38]
 [ 56 166  39   6  11  27  28  53  35]
 [ 20  48  75  19   3  10  57   7  54]
 [ 36   6  17 398  32   3  27   0 114]
 [ 32  12  10  18 232  47  12   4  15]
 [ 29  18   6   8  71 142   3   8   9]
 [ 35  45  48  22   8   7 118  23  56]
 [ 13  34   6   1   3   9  28 346   5]
 [ 40  34  60 107   8   7  42   2 162]]

******************************************************
Gaussian Naive Bayes:

0.392032967033
[[ 11  57   4  67   1  70  33  25  64]
 [  1  91   5  24   0  60 101  70  61]
 [  1  48   6  51   0  36  77   4  66]
 [ 11   5   1 490   4   3  11   0  89]
 [ 33  10   3 153  72  84   2   2  54]
 [ 33  35   0   7   6 159   6  10  30]
 [  3  42   4  76   0  14 134  13  58]
 [  0   6   0   1   0  35  70 345   4]
 [  5  25  16 228   0  26  63   6 119]]

******************************************************
KNN:
---------------------
KNN ==  5 :

0.464285714286
[[ 83  76  30  34  24  26   9  16  34]
 [ 66 162  55  13   8  10  34  37  28]
 [ 50  64  56  21   3   4  41   3  47]
 [ 29  11  18 450  15   0   9   0  82]
 [ 40  12   5  47 225  75   0   0   9]
 [ 51  28   4   5  57 129   1   9   2]
 [ 43  46  61  30   5   3  88  27  41]
 [  9  36   5   0   0  12  22 376   1]
 [ 56  59  52 142   9   6  38   5 121]]
---------------------
KNN ==  9 :

0.489835164835
[[ 69  84  24  39  24  36   8  17  31]
 [ 51 176  53  15   6  10  25  42  35]
 [ 38  74  54  23   3   5  36   1  55]
 [ 20  11  13 476  16   0   9   0  69]
 [ 37  16   4  51 222  77   0   2   4]
 [ 42  33   1   6  44 150   0   8   2]
 [ 30  61  53  22   7   3 103  24  41]
 [  7  38   2   0   0   9  19 385   1]
 [ 38  50  47 148   9   5  38   5 148]]
---------------------
KNN ==  11 :

0.50521978022
[[ 60  82  30  39  21  38  12  20  30]
 [ 44 188  55  12   5   9  20  42  38]
 [ 35  72  56  26   3   5  36   1  55]
 [ 15  12  15 487  14   1   7   0  63]
 [ 32  17   3  48 230  74   1   1   7]
 [ 41  31   0   4  39 155   0  12   4]
 [ 28  51  53  26   8   6 113  24  35]
 [  7  31   3   0   0  11  15 393   1]
 [ 32  46  54 146   8   4  36   5 157]]
---------------------
KNN ==  13 :

0.508791208791
[[ 53  87  24  44  23  42  10  20  29]
 [ 39 194  47  11   4  10  20  43  45]
 [ 30  71  60  21   5   3  34   1  64]
 [ 14  11  14 488  16   2   9   0  60]
 [ 27  16   0  48 232  82   1   2   5]
 [ 35  35   0   4  39 157   0  12   4]
 [ 26  54  52  30   7   5 107  23  40]
 [  9  29   3   0   0   8  15 397   0]
 [ 23  44  51 152  10   5  33   6 164]]

******************************************************
SVM:

0.675274725275

******************************************************
Perceptron:

0.385989010989
[[  0 109   0 138   1  14   0  70   0]
 [  0 213   0  97   0   1   0 102   0]
 [  0 113   0 138   0   0   0  38   0]
 [  0  11   0 597   0   1   0   5   0]
 [  0  55   0 192  57  99   0  10   0]
 [  0 100   0  41   0  85   0  60   0]
 [  0  86   0 151   0   2   0 104   1]
 [  0   7   0   1   0   0   0 453   0]
 [  0  83   0 377   1   0   0  27   0]]

******************************************************
LDA:

0.637912087912
[[129  54   8  15  47  33   7   1  38]
 [ 30 252  22   5   4   4  22  37  37]
 [  6  46  88  16   1   0  46   4  82]
 [  0   0   2 478   7   0  36   1  90]
 [ 44   9   9  28 291  28   0   1   3]
 [ 34   2   0   0  16 234   0   0   0]
 [  7  21  34  13  11   0 190  11  57]
 [  0  19   2   0   0   0  27 413   0]
 [  5  32  33 107   8   1  51   4 247]]

******************************************************
Logistic Regression - ovr:

0.39010989011
[[  1   8   0  83  63   0   0 129  48]
 [  1  16   0  56   5   0   0 240  95]
 [  1   3   0  60   6   0   0 109 110]
 [  0   0   0 573   6   0   0   8  27]
 [  1   8   0 119 238   1   0  41   5]
 [  4   4   0  32 132   3   0 105   6]
 [  0   3   0  56  17   0   0 160 108]
 [  0   0   0   0   8   0   0 450   3]
 [  1   7   0 266   7   0   0  68 139]]

******************************************************
Logistic Regression - mul:

0.418131868132
[[  9  32   0  69  53   4   0 108  57]
 [  2  56   0  30   6   1   0 209 109]
 [  3  32   0  36   6   0   0  89 123]
 [  0   3   0 549   6   0   0   6  50]
 [  5  11   0 112 231  14   0  32   8]
 [ 14  11   0  22  98  44   0  85  12]
 [  6  28   0  40  14   0   0 140 116]
 [  2   1   0   0   5   3   0 447   3]
 [  2  27   0 211   6   0   0  56 186]]
######################################################
(5460, 64) (3640, 64)

******************************************************
Decision Tree:

0.465384615385
[[ 58  48  28  32  39  39  21  16  41]
 [ 52 144  53  11  11  19  42  38  28]
 [ 26  52  59  22   6   5  48   4  49]
 [ 27  14  22 418  26   6  15   0 108]
 [ 41  12   5  33 231  60   8   0  15]
 [ 34  19   9   3  59 117   6   6  10]
 [ 12  29  45  26  12  11 122  24  53]
 [ 19  50   8   0   2   4  26 365   2]
 [ 53  38  57 115  19   9  58   6 180]]

******************************************************
Gaussian Naive Bayes:

0.397252747253
[[  9  49   6  67   0  63  51  20  57]
 [  0 103   6  28   0  57  95  78  39]
 [  0  54   5  50   0  33  74  14  56]
 [  9   4   3 556   3   2   9   0  74]
 [ 33  13   3 134  62  95   8   1  56]
 [ 40  29   1   7   4 145   8   7  29]
 [  4  51   9  81   0  15 130  17  39]
 [  0  10   0   3   0  32  79 330   5]
 [  3  27  17 244   0  24  60   5 106]]

******************************************************
KNN:
---------------------
KNN ==  5 :

0.471428571429
[[ 72  68  31  26  31  36  13  14  31]
 [ 78 160  50  12   5  14  19  39  29]
 [ 39  69  46  33   0   6  51   8  34]
 [ 30  12  13 490  16   3  15   0  81]
 [ 31  22   6  49 215  73   3   1   5]
 [ 36  27   4   4  53 133   3   7   3]
 [ 36  63  58  16   4   5 109  24  31]
 [ 14  20   3   0   2  12  29 376   3]
 [ 51  58  59 150   9   4  37   3 115]]
---------------------
KNN ==  9 :

0.503846153846
[[ 65  72  29  34  28  40  12  20  22]
 [ 60 184  40  14   3  11  17  50  27]
 [ 38  67  59  25   0   5  37  11  44]
 [ 21  13  15 504  18   1  11   0  77]
 [ 29  24   3  42 220  78   3   2   4]
 [ 23  30   3   4  44 154   3   7   2]
 [ 28  54  54  19   4  10 119  26  32]
 [  7  24   2   0   2  11  24 387   2]
 [ 36  50  64 143   9   2  37   3 142]]
---------------------
KNN ==  11 :

0.507417582418
[[ 61  71  30  32  32  43  12  17  24]
 [ 57 187  38  13   3   8  20  52  28]
 [ 29  74  54  26   1   5  53   6  38]
 [ 15  14  14 514  19   1  10   0  73]
 [ 29  22   3  40 221  84   1   2   3]
 [ 26  26   3   5  38 161   3   8   0]
 [ 25  54  53  20   4  10 117  28  35]
 [  7  21   1   0   2  12  26 388   2]
 [ 33  48  49 152  15   3  39   3 144]]
---------------------
KNN ==  13 :

0.51510989011
[[ 56  70  34  32  29  46  12  17  26]
 [ 54 189  33  14   3   8  19  54  32]
 [ 30  78  56  23   1   4  42   7  45]
 [ 15  12  13 520  18   2  11   0  69]
 [ 28  23   3  46 212  85   1   3   4]
 [ 26  26   2   6  35 165   1   7   2]
 [ 22  61  48  17   6  11 123  27  31]
 [  4  24   2   0   2  11  24 392   0]
 [ 28  52  51 140  10   3  39   1 162]]

******************************************************
SVM:

0.660714285714

******************************************************
Perceptron:

0.36456043956
[[  0   0  40  16 199   0  64   3   0]
 [  0   0 104   8 149   0 134  11   0]
 [  0   0  76  21  57   0 131   1   0]
 [  0   0  29 426 142   0  63   0   0]
 [  0   0   4   9 384   0   8   0   0]
 [  0   0   1   1 263   0   5   0   0]
 [  0   0  50   5  51   0 238   2   0]
 [  0   0   7   0  74   0 175 203   0]
 [  0   0 116 119  72   0 179   0   0]]

******************************************************
LDA:

0.638186813187
[[129  36   5  13  49  34  11   2  43]
 [ 21 246  25   8   4   5  20  42  35]
 [  6  57  82  11   1   1  45   4  79]
 [  1   0   1 510   8   0  41   0  99]
 [ 61   8   3  36 260  26   3   0   8]
 [ 35   3   0   0  13 219   0   0   0]
 [  4  28  45   9   8   0 194   7  51]
 [  1  18   0   0   3   0  21 416   0]
 [  2  31  30 108   7   1  38   2 267]]

******************************************************
Logistic Regression - ovr:

0.403296703297
[[  3   6   0  67  70   1   0 109  66]
 [  0  16   0  47   6   0   0 243  94]
 [  0   4   0  49   2   1   0 125 105]
 [  0   0   0 615   9   0   0   4  32]
 [  2  10   0 101 228  14   0  41   9]
 [  5   6   0  28 124  15   0  84   8]
 [  0   3   0  41  13   0   0 155 134]
 [  0   0   0   1  11   1   0 443   3]
 [  0  10   0 267   6   0   0  55 148]]

******************************************************
Logistic Regression - mul:

0.432142857143
[[ 18  26   0  53  58  10   0  94  63]
 [  3  57   0  27   6   2   0 216  95]
 [  5  26   0  32   1   1   0 104 117]
 [  1   2   0 591   5   0   0   3  58]
 [  5  13   0  96 217  24   0  32  18]
 [ 15  12   0  20  88  51   0  71  13]
 [  3  37   0  26  12   1   0 131 136]
 [  1   1   0   1   6  14   0 433   3]
 [  2  38   0 195   6   0   0  39 206]]
######################################################
(5460, 64) (3640, 64)

******************************************************
Decision Tree:

0.451373626374
[[ 69  56  20  24  49  34  29  20  33]
 [ 59 133  54   9  16  30  32  67  41]
 [ 32  46  67  15   6   4  39   5  54]
 [ 31   7  16 390  30   0  26   2 120]
 [ 21  11   5  19 229  56   5   4  19]
 [ 43  19  11   5  52 130   3   8   8]
 [ 30  41  47  28  11   9 124  31  53]
 [ 16  50  10   0   4   8  29 370   6]
 [ 40  41  50 123  14   7  48   6 131]]

******************************************************
Gaussian Naive Bayes:

0.378571428571
[[  8  46   2  80   2  71  61  25  46]
 [  0  77   3  27   0  46 142  87  22]
 [  0  52   7  45   0  34 111   5  26]
 [  7   1   0 513   2   2  19   0  69]
 [ 33   9   0 154  63  87  11   3  51]
 [ 48  27   0   6   7 146  17   6  21]
 [  3  39   5  89   0  14 147  19  19]
 [  2   7   0   3   0  45 102 352   2]
 [  4  18   9 227   0  21 115   6  65]]

******************************************************
KNN:
---------------------
KNN ==  5 :

0.479395604396
[[ 74  84  24  38  30  32  16  14  29]
 [ 52 181  39  15   3   8  29  41  36]
 [ 45  75  51  25   2   4  41   3  34]
 [ 19  10   9 465  13   2  17   0  78]
 [ 43  18   2  50 242  45   4   2   5]
 [ 46  22   4   3  67 129   1   3   3]
 [ 36  57  44  30   9   7  89  26  37]
 [ 30  33   3   0   0  10  24 411   2]
 [ 51  57  44 142  12   3  51   2 103]]
---------------------
KNN ==  9 :

0.502747252747
[[ 61  80  26  43  30  31  13  22  35]
 [ 49 185  40  14   3   9  23  48  33]
 [ 32  80  55  23   0   8  42   2  38]
 [ 20   8   9 466  12   1  10   0  87]
 [ 31  24   2  54 240  56   1   1   2]
 [ 28  21   2   6  55 156   1   7   2]
 [ 28  43  50  24   7   8 111  27  37]
 [ 18  27   3   0   1   9  31 423   1]
 [ 41  53  43 135   9   6  43   2 133]]
---------------------
KNN ==  11 :

0.511538461538
[[ 65  77  30  38  30  33  15  22  31]
 [ 43 189  38  14   3   9  21  48  39]
 [ 35  88  47  24   0   7  43   2  34]
 [ 18   7   9 474   9   0  13   0  83]
 [ 30  21   1  56 240  59   1   1   2]
 [ 23  23   2   5  52 163   1   7   2]
 [ 24  43  44  27   9   5 114  28  41]
 [ 13  19   4   0   2  11  35 429   0]
 [ 31  57  41 135   9   5  43   3 141]]
---------------------
KNN ==  13 :

0.514010989011
[[ 58  76  31  40  33  32  13  26  32]
 [ 35 192  38  16   2  12  25  49  35]
 [ 31  90  48  20   0   5  45   2  39]
 [ 17   7  10 478  11   0  12   0  78]
 [ 23  21   0  52 250  58   0   3   4]
 [ 25  24   2   5  53 157   2   9   1]
 [ 21  47  44  29   8   5 110  29  42]
 [ 11  22   2   0   3  12  34 429   0]
 [ 29  61  39 130  10   5  40   2 149]]

******************************************************
SVM:

0.666758241758

******************************************************
Perceptron:

0.419505494505
[[  0   0   0 117  32 107   1  81   3]
 [  0   0   0 105   1 129   1 167   1]
 [  0   0   0 120   0  75   3  76   6]
 [  0   0   0 597   2   7   1   4   2]
 [  0   0   0  91 233  81   0   6   0]
 [  0   0   0  14  66 165   0  33   0]
 [  0   0   0 124   6  38  26 136   5]
 [  0   0   0   2   3   6   0 502   0]
 [  0   0   2 364   4  46   5  40   4]]

******************************************************
LDA:

0.634065934066
[[121  66  10  14  40  34  11   1  44]
 [ 22 255  26   3   2   3  20  40  33]
 [  5  52  91   8   2   0  49   1  72]
 [  1   0   3 475   6   0  32   0  96]
 [ 56  13   4  26 285  22   2   0   3]
 [ 37   2   0   0  16 223   0   0   0]
 [  1  26  34  10  12   0 186  10  56]
 [  0  21   4   0   3   0  42 443   0]
 [  3  34  32 109   9   1  44   4 229]]

******************************************************
Logistic Regression - ovr:

0.411263736264
[[  0  19   0  78  59   0   0 118  67]
 [  0  37   0  45   2   0   0 212 108]
 [  0  12   0  40   4   0   0  96 128]
 [  0   0   0 574   5   0   0   3  31]
 [  0  11   0 119 231   5   0  40   5]
 [  1   9   0  23 144   5   0  85  11]
 [  0   6   0  52  18   0   0 136 123]
 [  0   3   0   1  12   0   0 493   4]
 [  0  11   0 243   8   0   0  46 157]]

******************************************************
Logistic Regression - mul:

0.43543956044
[[  4  32   0  65  52  10   0 105  73]
 [  4  71   0  25   2   2   0 185 115]
 [  4  36   0  26   2   1   0  79 132]
 [  2   1   0 544   4   0   0   3  59]
 [  1  13   0 109 228  13   0  36  11]
 [ 12  11   0  20 109  45   0  72   9]
 [  2  29   0  33  15   2   0 124 130]
 [  2   6   0   0   8   4   0 487   6]
 [  1  31   0 184   8   0   0  35 206]]
######################################################
(5460, 64) (3640, 64)

******************************************************
Decision Tree:

0.474450549451
[[ 76  54  29  26  53  35  21  16  35]
 [ 43 158  57   9  16  30  27  36  33]
 [ 29  57  80  20   4   4  48   6  56]
 [ 31   5  13 424  20   3  23   1 114]
 [ 41   6  13  30 211  59   9   2  17]
 [ 23  28   9   3  67 123  12   8   5]
 [ 37  44  36  24   5  15 112  16  58]
 [ 15  46   7   0   0   5  13 375   6]
 [ 39  24  55  99  20   9  47   7 168]]

******************************************************
Gaussian Naive Bayes:

0.391483516484
[[  7  55   1  83   0  64  54  19  51]
 [  1 112   2  28   0  62 113  67  37]
 [  1  63   5  49   0  34  95   8  44]
 [  8   6   0 526   5   1  21   0  68]
 [ 32  12   1 139  56 105   7   2  42]
 [ 41  43   0   8   3 142  10  12  24]
 [  4  45   1  67   0  14 139  12  30]
 [  0  13   0   5   0  20  67 360   2]
 [  4  33  10 256   1  19  84   7  78]]

******************************************************
KNN:
---------------------
KNN ==  5 :

0.47967032967
[[ 82  70  27  37  29  30  16  16  27]
 [ 92 168  39   9   3  13  30  36  32]
 [ 52  68  51  28   3   8  47   3  39]
 [ 31  15  23 466  13   1  12   0  74]
 [ 35  14   3  42 220  72   1   2   7]
 [ 50  24   2   5  40 145   2  12   3]
 [ 32  42  51  17   7   7 102  19  35]
 [  9  33   2   0   3   9  15 394   2]
 [ 52  59  50 150   6   4  47   6 118]]
---------------------
KNN ==  9 :

0.497802197802
[[ 61  77  26  38  34  33  12  18  35]
 [ 81 179  40   8   7   8  26  35  38]
 [ 44  71  61  27   2   7  42   3  42]
 [ 23  10  15 482  17   0  17   0  71]
 [ 30  18   3  36 223  79   0   0   7]
 [ 32  27   3   7  32 165   1  13   3]
 [ 26  45  50  19   9   7 101  21  34]
 [  4  25   2   0   3   8  14 410   1]
 [ 37  55  50 162   7   6  41   4 130]]
---------------------
KNN ==  11 :

0.503296703297
[[ 57  81  16  45  35  38  15  17  30]
 [ 70 180  45  10   4   6  26  42  39]
 [ 36  83  56  26   1   6  45   2  44]
 [ 14  12  15 483  15   1  16   0  79]
 [ 25  21   2  37 232  77   0   0   2]
 [ 32  26   3   5  38 165   1  12   1]
 [ 28  41  44  19   7   7 109  24  33]
 [  7  18   3   0   4   6  17 411   1]
 [ 27  55  56 152   9   5  44   5 139]]
---------------------
KNN ==  13 :

0.501923076923
[[ 50  81  20  41  39  36  18  18  31]
 [ 56 185  48   7   4   8  24  45  45]
 [ 32  86  54  24   0   6  39   3  55]
 [  9  13  13 493  15   1  15   0  76]
 [ 21  23   1  39 229  81   0   0   2]
 [ 30  29   2   6  36 163   2  13   2]
 [ 23  45  44  18   7   9 106  25  35]
 [  3  19   3   0   4   8  16 413   1]
 [ 33  56  51 161   8   6  38   5 134]]

******************************************************
SVM:

0.664285714286

******************************************************
Perceptron:

0.428846153846
[[  0   0  45  53 174   0   0  18  44]
 [  0   0 142  18 140   0   0  42  80]
 [  0   0 104  32  57   0   0   5 101]
 [  0   0  12 530  37   0   0   0  56]
 [  0   0   4  36 351   0   0   1   4]
 [  0   0   4   4 268   0   0   5   2]
 [  0   0 129  23  46   0   0  17  97]
 [  0   0  30   0  33   0   0 402   2]
 [  0   0  67 199  47   0   0   5 174]]

******************************************************
LDA:

0.631043956044
[[124  46   7  16  56  32  16   0  37]
 [ 32 260  26   4   5   3  26  36  30]
 [  6  57  84  18   1   0  58   2  73]
 [  0   1   1 484   8   0  46   1  94]
 [ 43  10   6  26 284  19   4   0   4]
 [ 37   2   0   0  14 229   0   1   0]
 [  2  27  33  10   7   0 171  11  51]
 [  0  22   1   0   3   0  24 417   0]
 [  3  33  32 123   4   1  46   6 244]]

******************************************************
Logistic Regression - ovr:

0.38956043956
[[  0   3   0  82  70   0   0 123  56]
 [  1  11   0  54   5   0   0 251 100]
 [  0   5   0  56   8   0   0 124 106]
 [  0   0   0 580  12   0   0  11  32]
 [  0   7   0  96 236   4   0  48   5]
 [  2   7   0  26 131   5   0 101  11]
 [  0   1   0  51  16   0   0 149  95]
 [  0   0   0   1  13   0   0 451   2]
 [  0   4   0 278   6   0   0  69 135]]

******************************************************
Logistic Regression - mul:

0.41510989011
[[ 10  19   0  69  61   7   0 105  63]
 [  6  46   0  29   3   1   0 224 113]
 [  3  21   0  34   5   2   0 103 131]
 [  2   6   0 557   8   0   0   6  56]
 [  1   9   0  93 225  20   0  39   9]
 [ 13  12   0  22 102  42   0  83   9]
 [  3  16   0  33  12   1   0 132 115]
 [  0   1   0   0   8   6   0 449   3]
 [  3  26   0 219   5   0   0  57 182]]
######################################################
(5460, 64) (3640, 64)

******************************************************
Decision Tree:

0.454120879121
[[ 76  56  41  27  40  31  44  21  29]
 [ 55 141  64   4  11  20  34  51  41]
 [ 27  51  70  13   5   7  54   4  55]
 [ 33   6  20 404  24   3  17   0 111]
 [ 36  13   8  32 216  62   9   4  19]
 [ 41  20   8   4  62 131  11   7   7]
 [ 26  29  39  24  11   8 102  20  40]
 [ 13  45  10   0   1   5  27 373   4]
 [ 47  34  51 104  14  15  65  13 140]]

******************************************************
Gaussian Naive Bayes:

0.373626373626
[[ 12  49   1  99   1  72  69  22  29]
 [  3  88   2  23   0  66 141  60  12]
 [  1  65   4  49   0  37 118  11  26]
 [ 10   1   4 514   2   2  22   0  57]
 [ 41  11   0 125  52  92  11   1  51]
 [ 54  35   1  11   5 138  14   7  17]
 [  6  56   1  89   0  19 164  16  12]
 [  0   8   0   6   0  50  87 340   2]
 [  6  31  13 237   0  12  96   3  48]]

******************************************************
KNN:
---------------------
KNN ==  5 :

0.480494505495
[[ 84  75  23  32  36  47  15  11  31]
 [ 69 170  49  12   3  14  28  24  26]
 [ 58  72  53  25   1   9  42   8  43]
 [ 24   8  16 449  20   1  17   0  77]
 [ 35  13   2  38 216  69   2   2   7]
 [ 45  17   2   3  57 148   1   2   7]
 [ 50  65  50  16  13   8 104  14  43]
 [ 16  27   2   0   3  16  25 403   1]
 [ 41  49  53 134  13   3  29   2 122]]
---------------------
KNN ==  9 :

0.510164835165
[[ 69  96  18  33  34  47   7  16  34]
 [ 51 199  38  13   2  10  23  27  32]
 [ 43  80  63  17   1   5  37  15  50]
 [ 20  11  12 462  18   0   8   0  81]
 [ 21  14   4  39 222  74   1   2   7]
 [ 34  18   3   6  46 168   1   3   3]
 [ 40  55  53  20   9   9 114  18  45]
 [  8  22   2   0   3  16  26 415   1]
 [ 34  48  44 128  11   4  29   3 145]]
---------------------
KNN ==  11 :

0.510989010989
[[ 65  89  19  33  38  49   8  18  35]
 [ 45 194  41  12   0  13  27  29  34]
 [ 40  78  62  19   1   7  37  14  53]
 [ 19  10  10 464  17   0   9   0  83]
 [ 18  13   2  38 224  79   1   2   7]
 [ 32  15   2   6  44 172   1   6   4]
 [ 37  57  51  18  11   9 120  19  41]
 [  8  20   0   0   4  17  23 420   1]
 [ 22  52  48 138  10   4  30   3 139]]
---------------------
KNN ==  13 :

0.514835164835
[[ 64  83  23  34  37  53   9  16  35]
 [ 46 195  35  14   0  13  25  30  37]
 [ 35  83  62  18   1   5  35  13  59]
 [ 15  10  11 474  15   2  10   0  75]
 [ 16  12   2  39 223  83   1   2   6]
 [ 36  19   2   6  41 168   1   6   3]
 [ 31  61  49  15  11  12 117  20  47]
 [  7  21   0   0   4  17  20 422   2]
 [ 26  52  43 129  10   5  30   2 149]]

******************************************************
SVM:

0.664010989011

******************************************************
Perceptron:

0.359340659341
[[  0   0  27 120 201   0   4   2   0]
 [  0   0  73 127 158   0  30   7   0]
 [  0   0  61 151  71   0  28   0   0]
 [  0   0   2 576  28   0   6   0   0]
 [  0   0   2  41 341   0   0   0   0]
 [  0   0   0  15 266   0   1   0   0]
 [  0   0  52 142  67   0 100   2   0]
 [  0   0  22   2 127   0 112 230   0]
 [  0   0  37 353  44   0  12   0   0]]

******************************************************
LDA:

0.637087912088
[[149  46   6  14  57  31  10   1  40]
 [ 34 248  10   3   1   8  17  36  38]
 [ 10  71  86   6   1   0  38   4  95]
 [  0   1   1 471  11   0  38   1  89]
 [ 44   9   5  26 275  20   1   0   4]
 [ 34   5   0   0  14 229   0   0   0]
 [  7  29  39   6  12   0 187  10  73]
 [  1  21   2   0   5   0  30 434   0]
 [  2  24  26 101  10   0  39   4 240]]

******************************************************
Logistic Regression - ovr:

0.402747252747
[[  0  12   0  78  79   0   0 112  73]
 [  0  20   0  38   1   0   0 217 119]
 [  0  11   0  38   7   0   0 113 142]
 [  0   1   0 568  11   0   0   4  28]
 [  0  11   0  90 237   6   0  32   8]
 [  1  16   0  22 150   9   0  67  17]
 [  0  12   0  40  22   0   0 140 149]
 [  0   0   0   0  19   0   0 467   7]
 [  0  10   0 224  13   0   0  34 165]]

******************************************************
Logistic Regression - mul:

0.431593406593
[[  1  29   0  62  72  16   0  93  81]
 [  2  78   0  23   1   1   0 171 119]
 [  1  45   0  21   6   1   0  95 142]
 [  1   3   0 539   7   0   0   3  59]
 [  1  10   0  81 229  23   0  27  13]
 [  2  18   0  16 120  53   0  53  20]
 [  1  41   0  25  21   0   0 119 156]
 [  2   2   0   0  13   9   0 459   8]
 [  1  29   0 166  12   0   0  26 212]]
######################################################
(5460, 64) (3640, 64)

******************************************************
Decision Tree:

0.466483516484
[[ 72  51  19  31  29  29  35  12  33]
 [ 53 149  52  15   8  24  35  28  33]
 [ 36  45  65  24   7  10  41   4  44]
 [ 27  11  22 400  26   4  24   4 129]
 [ 36  10   6  27 244  80   2   3  12]
 [ 37  31   8   6  63 115   3   8  10]
 [ 25  46  46  23  11   9 106  31  58]
 [ 11  40   2   0   4   8  23 373   4]
 [ 33  34  53  99  19  10  62   4 174]]

******************************************************
Gaussian Naive Bayes:

0.38956043956
[[  5  43   4  80   4  65  63  25  41]
 [  1 108   2  36   0  58  99  84  29]
 [  0  49   5  56   0  30 102   8  23]
 [  6   4   2 513   4   2  18   0  76]
 [ 27  14   1 138  68 100  14   1  48]
 [ 29  31   1   8   1 173  13  12  21]
 [  4  39   3 104   0  10 132  18  21]
 [  0  13   0   5   0  26  72 349   2]
 [  4  34   6 276   0  13  97   2  65]]

******************************************************
KNN:
---------------------
KNN ==  5 :

0.474725274725
[[ 80  64  27  34  31  37  11  14  32]
 [ 76 159  51  14   4   9  28  45  31]
 [ 47  70  43  26   1   4  34   5  43]
 [ 26  14  20 459  19   0  15   0  72]
 [ 34  22   3  37 234  68   6   1   6]
 [ 48  24   1   2  53 145   3   8   5]
 [ 39  38  51  28   5   5  94  24  47]
 [ 17  34   7   1   2   6  17 383   0]
 [ 53  49  47 163   7   3  42   2 131]]
---------------------
KNN ==  9 :

0.490934065934
[[ 58  75  25  37  36  38   9  18  34]
 [ 57 172  43  21   4  12  26  51  31]
 [ 29  75  54  26   0   4  33   8  44]
 [ 19  10  13 471  20   0  20   0  72]
 [ 17  20   3  42 231  84   7   2   5]
 [ 35  24   2   5  46 162   1  11   3]
 [ 29  53  45  25   3   7  99  26  44]
 [ 10  29   4   0   2   5  21 396   0]
 [ 29  53  50 174   7   3  35   2 144]]
---------------------
KNN ==  11 :

0.5
[[ 54  82  21  37  34  41  10  20  31]
 [ 55 177  46  19   3  11  18  55  33]
 [ 28  77  60  24   0   2  31   7  44]
 [ 15  10  14 479  21   0  17   0  69]
 [ 19  21   2  39 227  89   9   1   4]
 [ 24  27   3   7  40 174   1   9   4]
 [ 27  48  47  19   4   5 101  27  53]
 [ 10  31   1   0   3   5  17 400   0]
 [ 35  50  52 164   8   1  35   4 148]]
---------------------
KNN ==  13 :

0.502747252747
[[ 55  78  20  42  33  39   7  23  33]
 [ 51 180  46  21   4  11  21  54  29]
 [ 19  80  57  21   1   2  34  11  48]
 [ 15   8  15 478  21   1  12   0  75]
 [ 20  19   4  40 226  92   7   2   1]
 [ 22  25   4   6  39 175   2  13   3]
 [ 27  45  45  21   3   6 103  26  55]
 [  8  26   2   0   4   5  22 400   0]
 [ 27  53  47 162   9   2  39   2 156]]

******************************************************
SVM:

0.658516483516

******************************************************
Perceptron:

0.373351648352
[[  0   0   1  87   1  91  10 140   0]
 [  0   0   2  70   0  48   9 288   0]
 [  0   0   4  84   0  16  33 136   0]
 [  0   0   0 590   0   8  14  13   0]
 [  0   0   0 113  52 222   0  24   0]
 [  0   0   0  15   0 198   0  76   0]
 [  0   0   2  81   0  17  54 177   0]
 [  0   0   0   0   2   4   0 461   0]
 [  0   0  10 329   1  25  47  85   0]]

******************************************************
LDA:

0.638461538462
[[134  46   7  13  48  29  11   1  41]
 [ 27 253  23   8   4   2  22  38  40]
 [  6  51  76  13   1   0  45   1  80]
 [  1   0   3 478  14   0  31   0  98]
 [ 58  10   3  27 278  28   2   0   5]
 [ 28   4   0   0  16 241   0   0   0]
 [  4  21  31   9   6   0 194  10  56]
 [  0  20   2   0   4   0  32 409   0]
 [  3  29  33 118   7   0  41   5 261]]

******************************************************
Logistic Regression - ovr:

0.382967032967
[[  1   6   0  86  64   0   0 119  54]
 [  1  11   0  67   3   0   0 270  65]
 [  0   4   0  56   3   1   0 108 101]
 [  0   0   0 569  14   0   0   7  35]
 [  2   8   0 108 235   4   0  49   5]
 [  6   8   0  26 123   7   0 110   9]
 [  1   4   0  65  12   0   0 136 113]
 [  1   0   0   1  15   0   0 446   4]
 [  0   5   0 297  11   0   0  59 125]]

******************************************************
Logistic Regression - mul:

0.416208791209
[[ 14  24   0  74  54   8   0 101  55]
 [  3  53   0  39   2   1   0 237  82]
 [  1  30   0  31   3   1   0  87 120]
 [  1   4   0 543  10   0   0   3  64]
 [  6  11   0  98 223  21   0  39  13]
 [ 17  13   0  20  91  52   0  84  12]
 [  7  19   0  35  10   1   0 125 134]
 [  3   1   0   0   9   7   0 442   5]
 [  2  25   0 224  11   0   0  47 188]]
######################################################
(5460, 64) (3640, 64)

******************************************************
Decision Tree:

0.472802197802
[[ 62  59  41  18  30  19  30  14  31]
 [ 61 143  54   7  13  25  42  39  39]
 [ 25  43  71  18   4   8  44   5  55]
 [ 28   5  23 408  29   3  19   0 105]
 [ 45  10   4  21 228  60   5   3  23]
 [ 32  24   4   6  68 152  10   7   3]
 [ 30  32  43  25   6  10 114  20  58]
 [ 20  46   9   1   6   7   9 384   7]
 [ 33  41  58 115  17   8  46  11 159]]

******************************************************
Gaussian Naive Bayes:

0.379120879121
[[  9  42   4  74   1  70  66  28  42]
 [  1  91   2  27   0  63 127  68  24]
 [  0  60   3  52   0  42 105  11  34]
 [ 11   2   2 509   3   0  21   0  71]
 [ 36  12   0 137  61  98  13   1  43]
 [ 37  34   2   3   4 159  15  13  25]
 [  4  38   3  83   0  18 136  11  26]
 [  0  14   0   3   0  35  81 347   3]
 [  5  30  17 231   0  22 102   8  65]]

******************************************************
KNN:
---------------------
KNN ==  5 :

0.474450549451
[[ 95  62  19  30  33  33  18  18  28]
 [ 61 175  36  15   6   8  26  41  35]
 [ 47  77  48  25   8   6  40   5  51]
 [ 37  13  14 437  13   3  13   0  89]
 [ 44  21   0  48 201  78   3   1   5]
 [ 44  22   2   4  55 151   2   9   3]
 [ 41  55  43  24   8   6  96  13  33]
 [  9  30   3   0   2   8  28 402   1]
 [ 59  57  51 128  11   4  43   5 122]]
---------------------
KNN ==  9 :

0.493131868132
[[ 71  75  24  29  34  38  17  22  26]
 [ 56 188  29  11   2   9  28  45  35]
 [ 35  91  47  27   3   2  41   7  54]
 [ 25  12  13 455  17   0   8   0  89]
 [ 30  23   0  51 210  78   2   1   6]
 [ 38  24   2   4  44 169   1   8   2]
 [ 33  63  34  21   8   7 103  10  40]
 [  4  27   1   0   3   7  27 413   1]
 [ 34  55  59 134   5   4  44   6 139]]
---------------------
KNN ==  11 :

0.504395604396
[[ 69  77  17  31  36  38  18  23  27]
 [ 51 200  27   9   1  10  29  44  32]
 [ 34  92  44  29   0   4  44   7  53]
 [ 23  10  10 465  15   0   8   0  88]
 [ 27  25   1  48 216  77   2   1   4]
 [ 28  28   4   4  35 182   0   9   2]
 [ 35  59  32  18   8   7 110  12  38]
 [  4  22   2   0   2  10  26 416   1]
 [ 33  56  57 143   8   2  43   4 134]]
---------------------
KNN ==  13 :

0.504395604396
[[ 68  81  14  30  34  40  19  24  26]
 [ 45 191  33  10   2  11  27  47  37]
 [ 31  93  40  25   0   5  47  10  56]
 [ 18   9   9 465  17   0   9   0  92]
 [ 25  22   1  49 213  83   1   2   5]
 [ 25  33   2   4  34 182   0  10   2]
 [ 28  60  28  26   9   6 111  13  38]
 [  4  24   1   0   2  11  28 412   1]
 [ 30  50  53 131   9   2  45   6 154]]

******************************************************
SVM:

0.668681318681

******************************************************
Perceptron:

0.335989010989
[[  0   0   0 205  14  14   0  13  90]
 [  0   0   0 197   0   6   0  32 168]
 [  0   0   0 201   0   3   0   3 100]
 [  0   0   0 617   0   0   0   0   2]
 [  0   0   0 225 121  35   0   0  20]
 [  0   0   0 109  58  69   0  13  43]
 [  0   0   1 218   0   1   0   5  94]
 [  0   0   0  19   3   3   0 368  90]
 [  0   0   0 431   0   0   0   1  48]]

******************************************************
LDA:

0.631318681319
[[136  62   5  11  56  30  12   2  22]
 [ 29 237  20   4   4   3  26  39  41]
 [  9  50  89  14   0   0  53   3  89]
 [  0   0   1 474   8   0  35   0 101]
 [ 43  14   6  33 274  20   2   0   9]
 [ 31   4   0   0  16 241   0   0   0]
 [  5  23  37  10  10   0 181   5  48]
 [  1  29   1   0   2   0  30 420   0]
 [  4  33  30  99   6   0  57   5 246]]

******************************************************
Logistic Regression - ovr:

0.399725274725
[[  0   9   0  78  78   0   0 125  46]
 [  0  29   0  47   4   0   0 238  85]
 [  0  10   0  57   5   0   0 131 104]
 [  0   0   0 575  11   0   0   4  29]
 [  0  15   0 105 230   3   0  42   6]
 [  4   9   0  26 142   2   0  99  10]
 [  0   8   0  62  17   0   0 135  97]
 [  0   0   0   1  10   0   0 470   2]
 [  0  15   0 250   5   0   0  61 149]]

******************************************************
Logistic Regression - mul:

0.428571428571
[[ 12  23   0  62  70   4   0 109  56]
 [  3  70   0  27   3   2   0 199  99]
 [  3  44   0  35   3   1   0 105 116]
 [  0   4   0 555   7   0   0   2  51]
 [  2  17   0  98 224  17   0  32  11]
 [ 18  16   0  19 112  41   0  76  10]
 [  5  39   0  36  14   0   0 111 114]
 [  1   2   0   0  10   7   0 460   3]
 [  4  34   0 190   5   0   0  49 198]]
######################################################
(5460, 64) (3640, 64)

******************************************************
Decision Tree:

0.467582417582
[[ 63  43  16  32  34  43  28  12  28]
 [ 55 172  67   8  10  23  42  42  41]
 [ 22  42  80  25   4   9  49  17  71]
 [ 29  14  19 426  25   2  26   0 132]
 [ 40  11   3  23 235  64   8   0  11]
 [ 31  10   7   3  62 134   5   4   6]
 [ 33  35  44  23   6   4 112  18  60]
 [ 13  34   2   1   4  12  23 331   2]
 [ 39  39  66 111  16   2  47   6 149]]

******************************************************
Gaussian Naive Bayes:

0.389835164835
[[  6  54   3  71   1  56  65  20  49]
 [  0  99   2  30   1  51 128  55  34]
 [  0  59   4  54   0  30 104   7  46]
 [  6   2   1 532   2   4  21   0  84]
 [ 15  10   1 140  66  98  13   2  51]
 [ 26  35   0  11  11 169  15   6  20]
 [  2  40   2  83   0  17 152  16  28]
 [  0   6   0   3   0  42  72 304   3]
 [  3  33  11 248   0  21  94   3  87]]

******************************************************
KNN:
---------------------
KNN ==  5 :

0.461538461538
[[ 71  71  24  31  31  44  13  11  29]
 [ 66 164  53  13   4  12  22  32  34]
 [ 53  79  53  24   4   1  41   3  46]
 [ 37  18  14 465  18   2  16   0  82]
 [ 40  16   4  37 221  73   2   1   2]
 [ 43  26   1   2  55 149   4   8   5]
 [ 51  57  49  24   4   0  88  22  45]
 [ 19  30   1   1   1   9  18 351   0]
 [ 56  54  52 161   8   5  42   4 118]]
---------------------
KNN ==  9 :

0.486813186813
[[ 61  73  24  30  29  44   9  14  41]
 [ 56 175  36   9   3  16  20  38  47]
 [ 50  77  48  25   1   1  41   4  57]
 [ 23  10  16 485  17   1  14   0  86]
 [ 33  12   4  38 234  70   1   1   3]
 [ 35  24   3   1  45 167   3  10   5]
 [ 42  59  56  23   7   2  96  16  39]
 [ 10  20   2   0   2   6  19 370   1]
 [ 37  62  50 158   8   4  44   1 136]]
---------------------
KNN ==  11 :

0.499450549451
[[ 70  72  20  33  28  41  10  13  38]
 [ 47 180  37  11   2  18  18  41  46]
 [ 42  80  50  26   1   1  40   3  61]
 [ 19   9  11 489  19   2  17   0  86]
 [ 28  13   2  38 234  75   2   1   3]
 [ 34  25   2   2  41 172   1  11   5]
 [ 36  55  53  21   8   5 102  19  41]
 [  8  17   1   0   2   5  20 376   1]
 [ 30  54  55 159   8   5  43   1 145]]
---------------------
KNN ==  13 :

0.498901098901
[[ 62  80  18  35  24  45   9  13  39]
 [ 39 179  46   8   3  15  19  44  47]
 [ 39  84  40  20   1   1  51   3  65]
 [ 15   6  15 488  22   2  14   0  90]
 [ 23  13   4  40 232  79   0   2   3]
 [ 37  24   3   2  41 172   0  10   4]
 [ 32  57  47  21   7   5 107  21  43]
 [  3  17   1   0   4   8  19 377   1]
 [ 27  51  53 156   6   5  40   3 159]]

******************************************************
SVM:

0.652472527473

******************************************************
Perceptron:

0.258241758242
[[  0   0   0   3 296   0   1   0  25]
 [  0   0   0   2 361   0   5   0  32]
 [  0   0   1  13 209   0   6   0  75]
 [  0   0   1 292 292   0   0   0  67]
 [  0   0   0   2 393   0   0   0   1]
 [  0   0   0   0 293   0   0   0   0]
 [  0   0   1   4 212   0  43   0  80]
 [  0   0   0   0 349   0  27  54   0]
 [  0   0   0  99 240   0   4   0 157]]

******************************************************
LDA:

0.629120879121
[[138  50   5   7  46  32  10   1  36]
 [ 22 258  20   1   5   2  18  30  44]
 [  6  62  79  13   0   0  52   2  90]
 [  1   2   1 473  13   0  43   0 119]
 [ 41   6   9  29 280  26   0   0   5]
 [ 38   4   0   0  18 233   0   0   0]
 [  5  29  29  10   4   0 200  10  53]
 [  0  26   1   0   3   0  27 373   0]
 [  6  34  28 125   4   0  45   2 256]]

******************************************************
Logistic Regression - ovr:

0.392032967033
[[  0  14   0  79  64   0   0 105  63]
 [  1  20   0  57   3   0   0 225  94]
 [  1  10   0  60   2   0   0 120 111]
 [  0   0   0 599  12   0   0   4  37]
 [  1   5   0  90 253   1   0  41   5]
 [  5   6   0  26 146   0   0 104   6]
 [  0   3   0  57  10   0   0 159 111]
 [  0   0   0   2  12   0   0 414   2]
 [  0  10   0 284   5   0   0  60 141]]

******************************************************
Logistic Regression - mul:

0.415384615385
[[ 12  31   0  60  60   1   0  88  73]
 [  2  55   0  32   2   1   0 196 112]
 [  3  37   0  36   2   0   0  99 127]
 [  1   1   0 566   9   0   0   3  72]
 [  4  10   0  82 250  14   0  30   6]
 [ 19  15   0  18 126  26   0  80   9]
 [  3  33   0  36   8   0   0 131 129]
 [  2   0   0   1   8   3   0 413   3]
 [  4  32   0 223   5   0   0  46 190]]
######################################################
######################################################
DT: 
[ 0.46730769  0.46868132  0.46978022  0.46538462  0.45137363  0.47445055
  0.45412088  0.46648352  0.4728022   0.46758242]
0.465796703297
gnb: 
[ 0.38983516  0.40851648  0.39203297  0.39725275  0.37857143  0.39148352
  0.37362637  0.38956044  0.37912088  0.38983516]
0.388983516484
knn: 
[ 0.48351648  0.51291209  0.51291209  0.51593407  0.48791209  0.51346154
  0.50989011  0.51181319  0.46428571  0.48983516  0.50521978  0.50879121
  0.47142857  0.50384615  0.50741758  0.51510989  0.4793956   0.50274725
  0.51153846  0.51401099  0.47967033  0.4978022   0.5032967   0.50192308
  0.48049451  0.51016484  0.51098901  0.51483516  0.47472527  0.49093407
  0.5         0.50274725  0.47445055  0.49313187  0.5043956   0.5043956
  0.46153846  0.48681319  0.49945055  0.4989011 ]
0.497815934066
9  =  0.500164835165
11  =  0.506510989011
5  =  0.475741758242
13  =  0.508846153846
svm: 
[ 0.66291209  0.66346154  0.67527473  0.66071429  0.66675824  0.66428571
  0.66401099  0.65851648  0.66868132  0.65247253]
0.663708791209
per: 
[ 0.34423077  0.40054945  0.38598901  0.36456044  0.41950549  0.42884615
  0.35934066  0.37335165  0.33598901  0.25824176]
0.36706043956
lda: 
[ 0.63214286  0.63159341  0.63791209  0.63818681  0.63406593  0.63104396
  0.63708791  0.63846154  0.63131868  0.62912088]
0.634093406593
lr_ovr: 
[ 0.38873626  0.41483516  0.39010989  0.4032967   0.41126374  0.38956044
  0.40274725  0.38296703  0.39972527  0.39203297]
0.397527472527
lr_mul: 
[ 0.41648352  0.43708791  0.41813187  0.43214286  0.43543956  0.41510989
  0.43159341  0.41620879  0.42857143  0.41538462]
0.424615384615
